0.000160456
0.00014307
6.33245e-05
1.24485e-05
8.09712e-05
0.000387512
0.000665603
0.000696495
0.000503474
0.000244317
5.80347e-05
1.10583e-05
2.29462e-05
0.000137625
0.000160456
0.000123457
0.000114954
0.000675541
0.00246833
0.00554886
0.00877271
0.0102786
0.00840885
0.0027655
0.00439773
0.00860946
0.00578318
0.00519412
0.000160456
0.000170552
0.000262617
0.000589973
0.00132758
0.00242853
0.00346868
0.00394761
0.00354785
0.00221817
0.000332932
0.00121059
0.00128635
0.000881547
0.000160456
0.000161276
0.000184144
0.000321408
0.000713708
0.00134435
0.00190546
0.0021003
0.00185057
0.0012439
0.000479576
0.000138448
0.000229058
0.000514684
0.000160456
0.000152924
0.000127305
0.000159978
0.000398816
0.000854588
0.0012562
0.00135662
0.00114087
0.000739358
0.000314251
1.22976e-05
1.73355e-05
0.000348143
0.000160456
0.000148149
9.604e-05
7.48743e-05
0.000240155
0.000618621
0.000954625
0.00101747
0.000814012
0.00049009
0.000195126
1.91371e-05
2.21718e-05
0.000249643
0.000160456
0.000145644
7.98452e-05
3.14607e-05
0.000160616
0.000502503
0.00080866
0.000854866
0.000656806
0.000366716
0.000128571
8.30166e-06
2.71429e-05
0.000195422
0.000160456
0.000144365
7.16234e-05
9.56458e-06
0.000120805
0.000444871
0.000736782
0.000775169
0.000579668
0.000305389
9.37707e-05
3.56333e-07
2.61586e-05
0.000166979
0.000160456
0.000143719
6.74833e-05
1.42775e-06
0.000100891
0.000416158
0.000701107
0.000735707
0.000541455
0.000274821
7.60161e-05
5.45713e-06
2.48269e-05
0.000152417
0.000160456
0.000143395
6.54062e-05
6.93461e-06
9.09316e-05
0.000401827
0.000683334
0.00071607
0.000522435
0.000259561
6.70533e-05
8.19582e-06
2.39547e-05
0.00014505
0.000160456
0.000143232
6.43659e-05
9.69067e-06
8.59516e-05
0.000394667
0.000674463
0.000706275
0.000512947
0.000251937
6.25509e-05
9.61167e-06
2.34674e-05
0.000141344
0.000160456
0.000143151
6.38454e-05
1.10694e-05
8.34614e-05
0.000391089
0.000670032
0.000701383
0.000508209
0.000248126
6.02945e-05
1.03312e-05
2.3211e-05
0.000139486
0.000160456
0.00014311
6.3585e-05
1.17589e-05
8.22163e-05
0.0003893
0.000667817
0.000698939
0.000505841
0.000246221
5.9165e-05
1.06938e-05
2.30796e-05
0.000138556
0.000160456
0.00014309
6.34547e-05
1.21036e-05
8.15938e-05
0.000388406
0.00066671
0.000697717
0.000504657
0.000245269
5.85999e-05
1.08758e-05
2.30132e-05
0.00013809
0.000160456
0.00014308
6.33896e-05
1.22761e-05
8.12825e-05
0.000387959
0.000666157
0.000697106
0.000504065
0.000244793
5.83173e-05
1.0967e-05
2.29797e-05
0.000137858
0.000160456
0.000143075
6.33571e-05
1.23623e-05
8.11268e-05
0.000387735
0.00066588
0.000696801
0.000503769
0.000244555
5.8176e-05
1.10126e-05
2.2963e-05
0.000137741
0.000160456
0.000143072
6.33408e-05
1.24054e-05
8.1049e-05
0.000387624
0.000665742
0.000696648
0.000503621
0.000244436
5.81053e-05
1.10355e-05
2.29546e-05
0.000137683
0.000160456
0.000143071
6.33326e-05
1.24269e-05
8.10101e-05
0.000387568
0.000665672
0.000696572
0.000503548
0.000244376
5.807e-05
1.10469e-05
2.29504e-05
0.000137654
0.000160456
0.00014307
6.33286e-05
1.24377e-05
8.09906e-05
0.00038754
0.000665638
0.000696534
0.000503511
0.000244347
5.80523e-05
1.10526e-05
2.29483e-05
0.000137639
0.000160456
0.00014307
6.33265e-05
1.24431e-05
8.09809e-05
0.000387526
0.000665621
0.000696514
0.000503492
0.000244332
5.80435e-05
1.10555e-05
2.29472e-05
0.000137632
0.000160456
0.00014307
6.33255e-05
1.24458e-05
8.09761e-05
0.000387519
0.000665612
0.000696505
0.000503483
0.000244324
5.80391e-05
1.10569e-05
2.29467e-05
0.000137628
0.000160456
0.00014307
6.3325e-05
1.24471e-05
8.09736e-05
0.000387515
0.000665608
0.0006965
0.000503478
0.000244321
5.80369e-05
1.10576e-05
2.29464e-05
0.000137626
0.000160456
0.00014307
6.33248e-05
1.24478e-05
8.09724e-05
0.000387514
0.000665605
0.000696498
0.000503476
0.000244319
5.80358e-05
1.1058e-05
2.29463e-05
0.000137626
0.000160456
0.00014307
6.33246e-05
1.24481e-05
8.09718e-05
0.000387513
0.000665604
0.000696497
0.000503475
0.000244318
5.80352e-05
1.10581e-05
2.29462e-05
0.000137625
0.000160456
0.00014307
6.33246e-05
1.24483e-05
8.09715e-05
0.000387512
0.000665604
0.000696496
0.000503474
0.000244317
5.80349e-05
1.10582e-05
2.29462e-05
0.000137625
0.000160456
0.00014307
6.33245e-05
1.24484e-05
8.09713e-05
0.000387512
0.000665604
0.000696496
0.000503474
0.000244317
5.80348e-05
1.10583e-05
2.29462e-05
0.000137625
0.000160456
0.00014307
6.33245e-05
1.24484e-05
8.09713e-05
0.000387512
0.000665603
0.000696495
0.000503474
0.000244317
5.80347e-05
1.10583e-05
2.29462e-05
0.000137625
0.000160456
0.00014307
6.33245e-05
1.24484e-05
8.09712e-05
0.000387512
0.000665603
0.000696495
0.000503474
0.000244317
5.80347e-05
1.10583e-05
2.29462e-05
0.000137625
0.000160456
0.00014307
6.33245e-05
1.24485e-05
8.09712e-05
0.000387512
0.000665603
0.000696495
0.000503474
0.000244317
5.80347e-05
1.10583e-05
2.29462e-05
0.000137625
0.000160456
0.00014307
6.33245e-05
1.24485e-05
8.09712e-05
0.000387512
0.000665603
0.000696495
0.000503474
0.000244317
5.80347e-05
1.10583e-05
2.29462e-05
0.000137625
0.000160456
0.00014307
6.33245e-05
1.24485e-05
8.09712e-05
0.000387512
0.000665603
0.000696495
0.000503474
0.000244317
5.80347e-05
1.10583e-05
2.29462e-05
0.000137625
0.000160456
0.00014307
6.33245e-05
1.24485e-05
8.09712e-05
0.000387512
0.000665603
0.000696495
0.000503474
0.000244317
5.80347e-05
1.10583e-05
2.29462e-05
0.000137625
0.000160456
0.00014307
6.33245e-05
1.24485e-05
8.09712e-05
0.000387512
0.000665603
0.000696495
0.000503474
0.000244317
5.80347e-05
1.10583e-05
2.29462e-05
0.000137625
0.000160456
0.00014307
6.33245e-05
1.24485e-05
8.09712e-05
0.000387512
0.000665603
0.000696495
0.000503474
0.000244317
5.80347e-05
1.10583e-05
2.29462e-05
0.000137625
0.000160456
0.00014307
6.33245e-05
1.24485e-05
8.09712e-05
0.000387512
0.000665603
0.000696495
0.000503474
0.000244317
5.80347e-05
1.10583e-05
2.29462e-05
0.000137625
0.000160456
0.00014307
6.33245e-05
1.24485e-05
8.09712e-05
0.000387512
0.000665603
0.000696495
0.000503474
0.000244317
5.80347e-05
1.10583e-05
2.29462e-05
0.000137625
0.000160456
0.00014307
6.33245e-05
1.24485e-05
8.09712e-05
0.000387512
0.000665603
0.000696495
0.000503474
0.000244317
5.80347e-05
1.10583e-05
2.29462e-05
0.000137625
0.000160456
0.00014307
6.33245e-05
1.24485e-05
8.09712e-05
0.000387512
0.000665603
0.000696495
0.000503474
0.000244317
5.80347e-05
1.10583e-05
2.29462e-05
0.000137625
0.000160456
0.00014307
6.33245e-05
1.24485e-05
8.09712e-05
0.000387512
0.000665603
0.000696495
0.000503474
0.000244317
5.80347e-05
1.10583e-05
2.29462e-05
0.000137625
0.000160456
0.00014307
6.33245e-05
1.24485e-05
8.09712e-05
0.000387512
0.000665603
0.000696495
0.000503474
0.000244317
5.80347e-05
1.10583e-05
2.29462e-05
0.000137625
0.000160456
0.00014307
6.33245e-05
1.24485e-05
8.09712e-05
0.000387512
0.000665603
0.000696495
0.000503474
0.000244317
5.80347e-05
1.10583e-05
2.29462e-05
0.000137625
0.000160456
0.00014307
6.33245e-05
1.24485e-05
8.09712e-05
0.000387512
0.000665603
0.000696495
0.000503474
0.000244317
5.80347e-05
1.10583e-05
2.29462e-05
0.000137625
0.000160456
0.00014307
6.33245e-05
1.24485e-05
8.09712e-05
0.000387512
0.000665603
0.000696495
0.000503474
0.000244317
5.80347e-05
1.10583e-05
2.29462e-05
0.000137625
0.000160456
0.00014307
6.33245e-05
1.24485e-05
8.09712e-05
0.000387512
0.000665603
0.000696495
0.000503474
0.000244317
5.80347e-05
1.10583e-05
2.29462e-05
0.000137625
0.000160456
0.00014307
6.33245e-05
1.24485e-05
8.09712e-05
0.000387512
0.000665603
0.000696495
0.000503474
0.000244317
5.80347e-05
1.10583e-05
2.29462e-05
0.000137625
0.000160456
0.00014307
6.33245e-05
1.24485e-05
8.09712e-05
0.000387512
0.000665603
0.000696495
0.000503474
0.000244317
5.80347e-05
1.10583e-05
2.29462e-05
0.000137625
0.000160456
0.00014307
6.33245e-05
1.24485e-05
8.09712e-05
0.000387512
0.000665603
0.000696495
0.000503474
0.000244317
5.80347e-05
1.10583e-05
2.29462e-05
0.000137625
0.000160456
0.00014307
6.33245e-05
1.24485e-05
8.09712e-05
0.000387512
0.000665603
0.000696495
0.000503474
0.000244317
5.80347e-05
1.10583e-05
2.29462e-05
0.000137625
0.000160456
0.00014307
6.33245e-05
1.24485e-05
8.09712e-05
0.000387512
0.000665603
0.000696495
0.000503474
0.000244317
5.80347e-05
1.10583e-05
2.29462e-05
0.000137625
0.000160456
0.00014307
6.33245e-05
1.24485e-05
8.09712e-05
0.000387512
0.000665603
0.000696495
0.000503474
0.000244317
5.80347e-05
1.10583e-05
2.29462e-05
0.000137625
0.000160456
0.00014307
6.33245e-05
1.24485e-05
8.09712e-05
0.000387512
0.000665603
0.000696495
0.000503474
0.000244317
5.80347e-05
1.10583e-05
2.29462e-05
0.000137625
0.000160456
0.00014307
6.33245e-05
1.24485e-05
8.09712e-05
0.000387512
0.000665603
0.000696495
0.000503474
0.000244317
5.80347e-05
1.10583e-05
2.29462e-05
0.000137625
0.000160456
0.00014307
6.33245e-05
1.24485e-05
8.09712e-05
0.000387512
0.000665603
0.000696495
0.000503474
0.000244317
5.80347e-05
1.10583e-05
2.29462e-05
0.000137625
0.000160456
0.00014307
6.33245e-05
1.24485e-05
8.09712e-05
0.000387512
0.000665603
0.000696495
0.000503474
0.000244317
5.80347e-05
1.10583e-05
2.29462e-05
0.000137625
0.000160456
0.00014307
6.33245e-05
1.24485e-05
8.09712e-05
0.000387512
0.000665603
0.000696495
0.000503474
0.000244317
5.80347e-05
1.10583e-05
2.29462e-05
0.000137625
0.000160456
0.00014307
6.33245e-05
1.24485e-05
8.09712e-05
0.000387512
0.000665603
0.000696495
0.000503474
0.000244317
5.80347e-05
1.10583e-05
2.29462e-05
0.000137625
0.000160456
0.00014307
6.33245e-05
1.24485e-05
8.09712e-05
0.000387512
0.000665603
0.000696495
0.000503474
0.000244317
5.80347e-05
1.10583e-05
2.29462e-05
0.000137625
0.000160456
0.00014307
6.33245e-05
1.24485e-05
8.09712e-05
0.000387512
0.000665603
0.000696495
0.000503474
0.000244317
5.80347e-05
1.10583e-05
2.29462e-05
0.000137625
0.000160456
0.00014307
6.33245e-05
1.24485e-05
8.09712e-05
0.000387512
0.000665603
0.000696495
0.000503474
0.000244317
5.80347e-05
1.10583e-05
2.29462e-05
0.000137625
0.000160456
0.00014307
6.33245e-05
1.24485e-05
8.09712e-05
0.000387512
0.000665603
0.000696495
0.000503474
0.000244317
5.80347e-05
1.10583e-05
2.29462e-05
0.000137625
0.000160456
0.00014307
6.33245e-05
1.24485e-05
8.09712e-05
0.000387512
0.000665603
0.000696495
0.000503474
0.000244317
5.80347e-05
1.10583e-05
2.29462e-05
0.000137625
0.000160456
0.00014307
6.33245e-05
1.24485e-05
8.09712e-05
0.000387512
0.000665603
0.000696495
0.000503474
0.000244317
5.80347e-05
1.10583e-05
2.29462e-05
0.000137625
0.000160456
0.00014307
6.33245e-05
1.24485e-05
8.09712e-05
0.000387512
0.000665603
0.000696495
0.000503474
0.000244317
5.80347e-05
1.10583e-05
2.29462e-05
0.000137625
0.000160456
0.00014307
6.33245e-05
1.24485e-05
8.09712e-05
0.000387512
0.000665603
0.000696495
0.000503474
0.000244317
5.80347e-05
1.10583e-05
2.29462e-05
0.000137625
0.000160456
0.00014307
6.33245e-05
1.24485e-05
8.09712e-05
0.000387512
0.000665603
0.000696495
0.000503474
0.000244317
5.80347e-05
1.10583e-05
2.29462e-05
0.000137625
0.000160456
0.00014307
6.33245e-05
1.24485e-05
8.09712e-05
0.000387512
0.000665603
0.000696495
0.000503474
0.000244317
5.80347e-05
1.10583e-05
2.29462e-05
0.000137625
0.000160456
0.00014307
6.33245e-05
1.24485e-05
8.09712e-05
0.000387512
0.000665603
0.000696495
0.000503474
0.000244317
5.80347e-05
1.10583e-05
2.29462e-05
0.000137625
0.000160456
0.00014307
6.33245e-05
1.24485e-05
8.09712e-05
0.000387512
0.000665603
0.000696495
0.000503474
0.000244317
5.80347e-05
1.10583e-05
2.29462e-05
0.000137625
0.000160456
0.00014307
6.33245e-05
1.24485e-05
8.09712e-05
0.000387512
0.000665603
0.000696495
0.000503474
0.000244317
5.80347e-05
1.10583e-05
2.29462e-05
0.000137625
0.000160456
0.00014307
6.33245e-05
1.24485e-05
8.09712e-05
0.000387512
0.000665603
0.000696495
0.000503474
0.000244317
5.80347e-05
1.10583e-05
2.29462e-05
0.000137625
0.000160456
0.00014307
6.33245e-05
1.24485e-05
8.09712e-05
0.000387512
0.000665603
0.000696495
0.000503474
0.000244317
5.80347e-05
1.10583e-05
2.29462e-05
0.000137625
0.000160456
0.00014307
6.33245e-05
1.24485e-05
8.09712e-05
0.000387512
0.000665603
0.000696495
0.000503474
0.000244317
5.80347e-05
1.10583e-05
2.29462e-05
0.000137625
0.000160456
0.00014307
6.33245e-05
1.24485e-05
8.09712e-05
0.000387512
0.000665603
0.000696495
0.000503474
0.000244317
5.80347e-05
1.10583e-05
2.29462e-05
0.000137625
0.000160456
0.00014307
6.33245e-05
1.24485e-05
8.09712e-05
0.000387512
0.000665603
0.000696495
0.000503474
0.000244317
5.80347e-05
1.10583e-05
2.29462e-05
0.000137625
0.000160456
0.00014307
6.33245e-05
1.24485e-05
8.09712e-05
0.000387512
0.000665603
0.000696495
0.000503474
0.000244317
5.80347e-05
1.10583e-05
2.29462e-05
0.000137625
0.000160456
0.00014307
6.33245e-05
1.24485e-05
8.09712e-05
0.000387512
0.000665603
0.000696495
0.000503474
0.000244317
5.80347e-05
1.10583e-05
2.29462e-05
0.000137625
0.000160456
0.00014307
6.33245e-05
1.24485e-05
8.09712e-05
0.000387512
0.000665603
0.000696495
0.000503474
0.000244317
5.80347e-05
1.10583e-05
2.29462e-05
0.000137625
0.000160456
0.00014307
6.33245e-05
1.24485e-05
8.09712e-05
0.000387512
0.000665603
0.000696495
0.000503474
0.000244317
5.80347e-05
1.10583e-05
2.29462e-05
0.000137625
0.000160456
0.00014307
6.33245e-05
1.24485e-05
8.09712e-05
0.000387512
0.000665603
0.000696495
0.000503474
0.000244317
5.80347e-05
1.10583e-05
2.29462e-05
0.000137625
0.000160456
0.00014307
6.33245e-05
1.24485e-05
8.09712e-05
0.000387512
0.000665603
0.000696495
0.000503474
0.000244317
5.80347e-05
1.10583e-05
2.29462e-05
0.000137625
0.000160456
0.00014307
6.33245e-05
1.24485e-05
8.09712e-05
0.000387512
0.000665603
0.000696495
0.000503474
0.000244317
5.80347e-05
1.10583e-05
2.29462e-05
0.000137625
0.000160456
0.00014307
6.33245e-05
1.24485e-05
8.09712e-05
0.000387512
0.000665603
0.000696495
0.000503474
0.000244317
5.80347e-05
1.10583e-05
2.29462e-05
0.000137625
0.000160456
0.00014307
6.33245e-05
1.24485e-05
8.09712e-05
0.000387512
0.000665603
0.000696495
0.000503474
0.000244317
5.80347e-05
1.10583e-05
2.29462e-05
0.000137625
0.000160456
0.00014307
6.33245e-05
1.24485e-05
8.09712e-05
0.000387512
0.000665603
0.000696495
0.000503474
0.000244317
5.80347e-05
1.10583e-05
2.29462e-05
0.000137625
0.000160456
0.00014307
6.33245e-05
1.24485e-05
8.09712e-05
0.000387512
0.000665603
0.000696495
0.000503474
0.000244317
5.80347e-05
1.10583e-05
2.29462e-05
0.000137625
0.000160456
0.00014307
6.33245e-05
1.24485e-05
8.09712e-05
0.000387512
0.000665603
0.000696495
0.000503474
0.000244317
5.80347e-05
1.10583e-05
2.29462e-05
0.000137625
0.000160456
0.00014307
6.33245e-05
1.24485e-05
8.09712e-05
0.000387512
0.000665603
0.000696495
0.000503474
0.000244317
5.80347e-05
1.10583e-05
2.29462e-05
0.000137625
0.000160456
0.00014307
6.33245e-05
1.24485e-05
8.09712e-05
0.000387512
0.000665603
0.000696495
0.000503474
0.000244317
5.80347e-05
1.10583e-05
2.29462e-05
0.000137625
0.000160456
0.00014307
6.33245e-05
1.24485e-05
8.09712e-05
0.000387512
0.000665603
0.000696495
0.000503474
0.000244317
5.80347e-05
1.10583e-05
2.29462e-05
0.000137625
0.000160456
0.00014307
6.33245e-05
1.24485e-05
8.09712e-05
0.000387512
0.000665603
0.000696495
0.000503474
0.000244317
5.80347e-05
1.10583e-05
2.29462e-05
0.000137625
0.000160456
0.00014307
6.33245e-05
1.24485e-05
8.09712e-05
0.000387512
0.000665603
0.000696495
0.000503474
0.000244317
5.80347e-05
1.10583e-05
2.29462e-05
0.000137625
0.000160456
0.00014307
6.33245e-05
1.24485e-05
8.09712e-05
0.000387512
0.000665603
0.000696495
0.000503474
0.000244317
5.80347e-05
1.10583e-05
2.29462e-05
0.000137625
0.000160456
0.00014307
6.33245e-05
1.24485e-05
8.09712e-05
0.000387512
0.000665603
0.000696495
0.000503474
0.000244317
5.80347e-05
1.10583e-05
2.29462e-05
0.000137625
0.000160456
0.00014307
6.33245e-05
1.24485e-05
8.09712e-05
0.000387512
0.000665603
0.000696495
0.000503474
0.000244317
5.80347e-05
1.10583e-05
2.29462e-05
0.000137625
0.000160456
0.00014307
6.33245e-05
1.24485e-05
8.09712e-05
0.000387512
0.000665603
0.000696495
0.000503474
0.000244317
5.80347e-05
1.10583e-05
2.29462e-05
0.000137625
0.000160456
0.00014307
6.33245e-05
1.24485e-05
8.09712e-05
0.000387512
0.000665603
0.000696495
0.000503474
0.000244317
5.80347e-05
1.10583e-05
2.29462e-05
0.000137625
0.000160456
0.00014307
6.33245e-05
1.24485e-05
8.09712e-05
0.000387512
0.000665603
0.000696495
0.000503474
0.000244317
5.80347e-05
1.10583e-05
2.29462e-05
0.000137625
0.000160456
0.00014307
6.33245e-05
1.24485e-05
8.09712e-05
0.000387512
0.000665603
0.000696495
0.000503474
0.000244317
5.80347e-05
1.10583e-05
2.29462e-05
0.000137625
0.000160456
0.00014307
6.33245e-05
1.24485e-05
8.09712e-05
0.000387512
0.000665603
0.000696495
0.000503474
0.000244317
5.80347e-05
1.10583e-05
2.29462e-05
0.000137625
0.000160456
0.00014307
6.33245e-05
1.24485e-05
8.09712e-05
0.000387512
0.000665603
0.000696495
0.000503474
0.000244317
5.80347e-05
1.10583e-05
2.29462e-05
0.000137625
0.000160456
0.00014307
6.33245e-05
1.24485e-05
8.09712e-05
0.000387512
0.000665603
0.000696495
0.000503474
0.000244317
5.80347e-05
1.10583e-05
2.29462e-05
0.000137625
0.000160456
0.00014307
6.33245e-05
1.24485e-05
8.09712e-05
0.000387512
0.000665603
0.000696495
0.000503474
0.000244317
5.80347e-05
1.10583e-05
2.29462e-05
0.000137625
0.000160456
0.00014307
6.33245e-05
1.24485e-05
8.09712e-05
0.000387512
0.000665603
0.000696495
0.000503474
0.000244317
5.80347e-05
1.10583e-05
2.29462e-05
0.000137625
0.000160456
0.00014307
6.33245e-05
1.24485e-05
8.09712e-05
0.000387512
0.000665603
0.000696495
0.000503474
0.000244317
5.80347e-05
1.10583e-05
2.29462e-05
0.000137625
0.000160456
0.00014307
6.33245e-05
1.24485e-05
8.09712e-05
0.000387512
0.000665603
0.000696495
0.000503474
0.000244317
5.80347e-05
1.10583e-05
2.29462e-05
0.000137625
0.000160456
0.00014307
6.33245e-05
1.24485e-05
8.09712e-05
0.000387512
0.000665603
0.000696495
0.000503474
0.000244317
5.80347e-05
1.10583e-05
2.29462e-05
0.000137625
0.000160456
0.00014307
6.33245e-05
1.24485e-05
8.09712e-05
0.000387512
0.000665603
0.000696495
0.000503474
0.000244317
5.80347e-05
1.10583e-05
2.29462e-05
0.000137625
0.000160456
0.00014307
6.33245e-05
1.24485e-05
8.09712e-05
0.000387512
0.000665603
0.000696495
0.000503474
0.000244317
5.80347e-05
1.10583e-05
2.29462e-05
0.000137625
0.000160456
0.00014307
6.33245e-05
1.24485e-05
8.09712e-05
0.000387512
0.000665603
0.000696495
0.000503474
0.000244317
5.80347e-05
1.10583e-05
2.29462e-05
0.000137625
0.000160456
0.00014307
6.33245e-05
1.24485e-05
8.09712e-05
0.000387512
0.000665603
0.000696495
0.000503474
0.000244317
5.80347e-05
1.10583e-05
2.29462e-05
0.000137625
0.000160456
0.00014307
6.33245e-05
1.24485e-05
8.09712e-05
0.000387512
0.000665603
0.000696495
0.000503474
0.000244317
5.80347e-05
1.10583e-05
2.29462e-05
0.000137625
0.000160456
0.00014307
6.33245e-05
1.24485e-05
8.09712e-05
0.000387512
0.000665603
0.000696495
0.000503474
0.000244317
5.80347e-05
1.10583e-05
2.29462e-05
0.000137625
0.000160456
0.00014307
6.33245e-05
1.24485e-05
8.09712e-05
0.000387512
0.000665603
0.000696495
0.000503474
0.000244317
5.80347e-05
1.10583e-05
2.29462e-05
0.000137625
0.000160456
0.00014307
6.33245e-05
1.24485e-05
8.09712e-05
0.000387512
0.000665603
0.000696495
0.000503474
0.000244317
5.80347e-05
1.10583e-05
2.29462e-05
0.000137625
0.000160456
0.00014307
6.33245e-05
1.24485e-05
8.09712e-05
0.000387512
0.000665603
0.000696495
0.000503474
0.000244317
5.80347e-05
1.10583e-05
2.29462e-05
0.000137625
0.000160456
0.00014307
6.33245e-05
1.24485e-05
8.09712e-05
0.000387512
0.000665603
0.000696495
0.000503474
0.000244317
5.80347e-05
1.10583e-05
2.29462e-05
0.000137625
0.000160456
0.00014307
6.33245e-05
1.24485e-05
8.09712e-05
0.000387512
0.000665603
0.000696495
0.000503474
0.000244317
5.80347e-05
1.10583e-05
2.29462e-05
0.000137625
0.000160456
0.00014307
6.33245e-05
1.24485e-05
8.09712e-05
0.000387512
0.000665603
0.000696495
0.000503474
0.000244317
5.80347e-05
1.10583e-05
2.29462e-05
0.000137625
0.000160456
0.00014307
6.33245e-05
1.24485e-05
8.09712e-05
0.000387512
0.000665603
0.000696495
0.000503474
0.000244317
5.80347e-05
1.10583e-05
2.29462e-05
0.000137625
0.000160456
0.00014307
6.33245e-05
1.24485e-05
8.09712e-05
0.000387512
0.000665603
0.000696495
0.000503474
0.000244317
5.80347e-05
1.10583e-05
2.29462e-05
0.000137625
0.000160456
0.00014307
6.33245e-05
1.24485e-05
8.09712e-05
0.000387512
0.000665603
0.000696495
0.000503474
0.000244317
5.80347e-05
1.10583e-05
2.29462e-05
0.000137625
8.02279e-05
7.23874e-05
3.74109e-05
1.00677e-05
6.98928e-05
0.000230533
0.00036608
0.000370867
0.000263223
0.00012663
3.16019e-05
5.37939e-07
2.30132e-05
9.07426e-05
8.02279e-05
7.03374e-05
0.000110059
0.000467376
0.0014405
0.00301127
0.00458681
0.00525428
0.00421309
0.00130888
0.00226757
0.00425481
0.00265437
0.00297967
8.02279e-05
8.93159e-05
0.000155976
0.000356208
0.000762847
0.00133239
0.00184491
0.00205862
0.00182623
0.00113277
0.000177327
0.000582092
0.000584147
0.000542886
8.02279e-05
8.29449e-05
0.000106451
0.000197492
0.000418228
0.000747034
0.00102369
0.00110543
0.000961629
0.000642803
0.000253167
5.25915e-05
8.38244e-05
0.000308152
8.02279e-05
7.801e-05
7.35321e-05
0.000106106
0.000244207
0.000482595
0.00068003
0.000717532
0.00059512
0.000383511
0.000166319
1.75755e-05
1.19037e-05
0.000208675
8.02279e-05
7.52675e-05
5.57906e-05
5.85421e-05
0.000157044
0.000355233
0.000519873
0.000539717
0.000425254
0.000254443
0.00010371
1.79198e-05
2.70478e-05
0.000152739
8.02279e-05
7.38427e-05
4.66716e-05
3.44047e-05
0.000113462
0.000292573
0.000442239
0.000454246
0.000343308
0.00019035
6.87106e-05
1.0856e-05
2.73032e-05
0.000122556
8.02279e-05
7.31187e-05
4.20579e-05
2.22595e-05
9.16748e-05
0.000261478
0.000403982
0.000412304
0.000303039
0.00015844
5.04046e-05
5.67827e-06
2.57108e-05
0.000106859
8.02279e-05
7.27539e-05
3.97385e-05
1.61692e-05
8.07831e-05
0.000245987
0.000384987
0.000391523
0.000283075
0.000142522
4.10635e-05
2.6973e-06
2.44983e-05
9.88538e-05
8.02279e-05
7.25709e-05
3.85757e-05
1.31198e-05
7.53378e-05
0.000238256
0.000375523
0.00038118
0.000273135
0.000134573
3.63476e-05
1.11113e-06
2.37896e-05
9.48115e-05
8.02279e-05
7.24792e-05
3.79936e-05
1.15941e-05
7.26152e-05
0.000234393
0.000370799
0.00037602
0.000268175
0.000130601
3.39784e-05
2.9442e-07
2.34098e-05
9.27804e-05
8.02279e-05
7.24333e-05
3.77023e-05
1.08309e-05
7.1254e-05
0.000232463
0.000368439
0.000373442
0.000265698
0.000128615
3.27911e-05
1.19809e-07
2.32136e-05
9.17623e-05
8.02279e-05
7.24104e-05
3.75567e-05
1.04493e-05
7.05734e-05
0.000231498
0.000367259
0.000372154
0.00026446
0.000127623
3.21967e-05
3.28387e-07
2.31139e-05
9.12526e-05
8.02279e-05
7.23989e-05
3.74838e-05
1.02585e-05
7.02331e-05
0.000231015
0.000366669
0.000371511
0.000263841
0.000127127
3.18994e-05
4.33042e-07
2.30637e-05
9.09976e-05
8.02279e-05
7.23931e-05
3.74474e-05
1.01631e-05
7.00629e-05
0.000230774
0.000366375
0.000371189
0.000263532
0.000126878
3.17507e-05
4.8546e-07
2.30385e-05
9.08701e-05
8.02279e-05
7.23903e-05
3.74292e-05
1.01154e-05
6.99779e-05
0.000230654
0.000366227
0.000371028
0.000263377
0.000126754
3.16763e-05
5.11692e-07
2.30259e-05
9.08063e-05
8.02279e-05
7.23888e-05
3.74201e-05
1.00915e-05
6.99353e-05
0.000230593
0.000366154
0.000370947
0.0002633
0.000126692
3.16391e-05
5.24814e-07
2.30195e-05
9.07744e-05
8.02279e-05
7.23881e-05
3.74155e-05
1.00796e-05
6.9914e-05
0.000230563
0.000366117
0.000370907
0.000263261
0.000126661
3.16205e-05
5.31376e-07
2.30164e-05
9.07585e-05
8.02279e-05
7.23878e-05
3.74132e-05
1.00736e-05
6.99034e-05
0.000230548
0.000366098
0.000370887
0.000263242
0.000126646
3.16112e-05
5.34658e-07
2.30148e-05
9.07505e-05
8.02279e-05
7.23876e-05
3.74121e-05
1.00706e-05
6.98981e-05
0.000230541
0.000366089
0.000370877
0.000263232
0.000126638
3.16066e-05
5.36298e-07
2.3014e-05
9.07465e-05
8.02279e-05
7.23875e-05
3.74115e-05
1.00691e-05
6.98954e-05
0.000230537
0.000366085
0.000370872
0.000263228
0.000126634
3.16043e-05
5.37119e-07
2.30136e-05
9.07445e-05
8.02279e-05
7.23874e-05
3.74112e-05
1.00684e-05
6.98941e-05
0.000230535
0.000366082
0.000370869
0.000263225
0.000126632
3.16031e-05
5.37529e-07
2.30134e-05
9.07435e-05
8.02279e-05
7.23874e-05
3.74111e-05
1.0068e-05
6.98934e-05
0.000230534
0.000366081
0.000370868
0.000263224
0.000126631
3.16025e-05
5.37734e-07
2.30133e-05
9.07431e-05
8.02279e-05
7.23874e-05
3.7411e-05
1.00678e-05
6.98931e-05
0.000230533
0.00036608
0.000370868
0.000263223
0.000126631
3.16022e-05
5.37837e-07
2.30133e-05
9.07428e-05
8.02279e-05
7.23874e-05
3.7411e-05
1.00677e-05
6.98929e-05
0.000230533
0.00036608
0.000370867
0.000263223
0.000126631
3.16021e-05
5.37888e-07
2.30132e-05
9.07427e-05
8.02279e-05
7.23874e-05
3.7411e-05
1.00677e-05
6.98929e-05
0.000230533
0.00036608
0.000370867
0.000263223
0.00012663
3.1602e-05
5.37914e-07
2.30132e-05
9.07426e-05
8.02279e-05
7.23874e-05
3.7411e-05
1.00677e-05
6.98928e-05
0.000230533
0.00036608
0.000370867
0.000263223
0.00012663
3.1602e-05
5.37926e-07
2.30132e-05
9.07426e-05
8.02279e-05
7.23874e-05
3.7411e-05
1.00677e-05
6.98928e-05
0.000230533
0.00036608
0.000370867
0.000263223
0.00012663
3.16019e-05
5.37933e-07
2.30132e-05
9.07426e-05
8.02279e-05
7.23874e-05
3.7411e-05
1.00677e-05
6.98928e-05
0.000230533
0.00036608
0.000370867
0.000263223
0.00012663
3.16019e-05
5.37936e-07
2.30132e-05
9.07426e-05
8.02279e-05
7.23874e-05
3.7411e-05
1.00677e-05
6.98928e-05
0.000230533
0.00036608
0.000370867
0.000263223
0.00012663
3.16019e-05
5.37938e-07
2.30132e-05
9.07426e-05
8.02279e-05
7.23874e-05
3.74109e-05
1.00677e-05
6.98928e-05
0.000230533
0.00036608
0.000370867
0.000263223
0.00012663
3.16019e-05
5.37938e-07
2.30132e-05
9.07426e-05
8.02279e-05
7.23874e-05
3.74109e-05
1.00677e-05
6.98928e-05
0.000230533
0.00036608
0.000370867
0.000263223
0.00012663
3.16019e-05
5.37939e-07
2.30132e-05
9.07426e-05
8.02279e-05
7.23874e-05
3.74109e-05
1.00677e-05
6.98928e-05
0.000230533
0.00036608
0.000370867
0.000263223
0.00012663
3.16019e-05
5.37939e-07
2.30132e-05
9.07426e-05
8.02279e-05
7.23874e-05
3.74109e-05
1.00677e-05
6.98928e-05
0.000230533
0.00036608
0.000370867
0.000263223
0.00012663
3.16019e-05
5.37939e-07
2.30132e-05
9.07426e-05
8.02279e-05
7.23874e-05
3.74109e-05
1.00677e-05
6.98928e-05
0.000230533
0.00036608
0.000370867
0.000263223
0.00012663
3.16019e-05
5.37939e-07
2.30132e-05
9.07426e-05
8.02279e-05
7.23874e-05
3.74109e-05
1.00677e-05
6.98928e-05
0.000230533
0.00036608
0.000370867
0.000263223
0.00012663
3.16019e-05
5.37939e-07
2.30132e-05
9.07426e-05
8.02279e-05
7.23874e-05
3.74109e-05
1.00677e-05
6.98928e-05
0.000230533
0.00036608
0.000370867
0.000263223
0.00012663
3.16019e-05
5.37939e-07
2.30132e-05
9.07426e-05
8.02279e-05
7.23874e-05
3.74109e-05
1.00677e-05
6.98928e-05
0.000230533
0.00036608
0.000370867
0.000263223
0.00012663
3.16019e-05
5.37939e-07
2.30132e-05
9.07426e-05
8.02279e-05
7.23874e-05
3.74109e-05
1.00677e-05
6.98928e-05
0.000230533
0.00036608
0.000370867
0.000263223
0.00012663
3.16019e-05
5.37939e-07
2.30132e-05
9.07426e-05
8.02279e-05
7.23874e-05
3.74109e-05
1.00677e-05
6.98928e-05
0.000230533
0.00036608
0.000370867
0.000263223
0.00012663
3.16019e-05
5.37939e-07
2.30132e-05
9.07426e-05
8.02279e-05
7.23874e-05
3.74109e-05
1.00677e-05
6.98928e-05
0.000230533
0.00036608
0.000370867
0.000263223
0.00012663
3.16019e-05
5.37939e-07
2.30132e-05
9.07426e-05
8.02279e-05
7.23874e-05
3.74109e-05
1.00677e-05
6.98928e-05
0.000230533
0.00036608
0.000370867
0.000263223
0.00012663
3.16019e-05
5.37939e-07
2.30132e-05
9.07426e-05
8.02279e-05
7.23874e-05
3.74109e-05
1.00677e-05
6.98928e-05
0.000230533
0.00036608
0.000370867
0.000263223
0.00012663
3.16019e-05
5.37939e-07
2.30132e-05
9.07426e-05
8.02279e-05
7.23874e-05
3.74109e-05
1.00677e-05
6.98928e-05
0.000230533
0.00036608
0.000370867
0.000263223
0.00012663
3.16019e-05
5.37939e-07
2.30132e-05
9.07426e-05
8.02279e-05
7.23874e-05
3.74109e-05
1.00677e-05
6.98928e-05
0.000230533
0.00036608
0.000370867
0.000263223
0.00012663
3.16019e-05
5.37939e-07
2.30132e-05
9.07426e-05
8.02279e-05
7.23874e-05
3.74109e-05
1.00677e-05
6.98928e-05
0.000230533
0.00036608
0.000370867
0.000263223
0.00012663
3.16019e-05
5.37939e-07
2.30132e-05
9.07426e-05
8.02279e-05
7.23874e-05
3.74109e-05
1.00677e-05
6.98928e-05
0.000230533
0.00036608
0.000370867
0.000263223
0.00012663
3.16019e-05
5.37939e-07
2.30132e-05
9.07426e-05
8.02279e-05
7.23874e-05
3.74109e-05
1.00677e-05
6.98928e-05
0.000230533
0.00036608
0.000370867
0.000263223
0.00012663
3.16019e-05
5.37939e-07
2.30132e-05
9.07426e-05
8.02279e-05
7.23874e-05
3.74109e-05
1.00677e-05
6.98928e-05
0.000230533
0.00036608
0.000370867
0.000263223
0.00012663
3.16019e-05
5.37939e-07
2.30132e-05
9.07426e-05
8.02279e-05
7.23874e-05
3.74109e-05
1.00677e-05
6.98928e-05
0.000230533
0.00036608
0.000370867
0.000263223
0.00012663
3.16019e-05
5.37939e-07
2.30132e-05
9.07426e-05
8.02279e-05
7.23874e-05
3.74109e-05
1.00677e-05
6.98928e-05
0.000230533
0.00036608
0.000370867
0.000263223
0.00012663
3.16019e-05
5.37939e-07
2.30132e-05
9.07426e-05
8.02279e-05
7.23874e-05
3.74109e-05
1.00677e-05
6.98928e-05
0.000230533
0.00036608
0.000370867
0.000263223
0.00012663
3.16019e-05
5.37939e-07
2.30132e-05
9.07426e-05
8.02279e-05
7.23874e-05
3.74109e-05
1.00677e-05
6.98928e-05
0.000230533
0.00036608
0.000370867
0.000263223
0.00012663
3.16019e-05
5.37939e-07
2.30132e-05
9.07426e-05
8.02279e-05
7.23874e-05
3.74109e-05
1.00677e-05
6.98928e-05
0.000230533
0.00036608
0.000370867
0.000263223
0.00012663
3.16019e-05
5.37939e-07
2.30132e-05
9.07426e-05
8.02279e-05
7.23874e-05
3.74109e-05
1.00677e-05
6.98928e-05
0.000230533
0.00036608
0.000370867
0.000263223
0.00012663
3.16019e-05
5.37939e-07
2.30132e-05
9.07426e-05
8.02279e-05
7.23874e-05
3.74109e-05
1.00677e-05
6.98928e-05
0.000230533
0.00036608
0.000370867
0.000263223
0.00012663
3.16019e-05
5.37939e-07
2.30132e-05
9.07426e-05
8.02279e-05
7.23874e-05
3.74109e-05
1.00677e-05
6.98928e-05
0.000230533
0.00036608
0.000370867
0.000263223
0.00012663
3.16019e-05
5.37939e-07
2.30132e-05
9.07426e-05
8.02279e-05
7.23874e-05
3.74109e-05
1.00677e-05
6.98928e-05
0.000230533
0.00036608
0.000370867
0.000263223
0.00012663
3.16019e-05
5.37939e-07
2.30132e-05
9.07426e-05
8.02279e-05
7.23874e-05
3.74109e-05
1.00677e-05
6.98928e-05
0.000230533
0.00036608
0.000370867
0.000263223
0.00012663
3.16019e-05
5.37939e-07
2.30132e-05
9.07426e-05
8.02279e-05
7.23874e-05
3.74109e-05
1.00677e-05
6.98928e-05
0.000230533
0.00036608
0.000370867
0.000263223
0.00012663
3.16019e-05
5.37939e-07
2.30132e-05
9.07426e-05
8.02279e-05
7.23874e-05
3.74109e-05
1.00677e-05
6.98928e-05
0.000230533
0.00036608
0.000370867
0.000263223
0.00012663
3.16019e-05
5.37939e-07
2.30132e-05
9.07426e-05
8.02279e-05
7.23874e-05
3.74109e-05
1.00677e-05
6.98928e-05
0.000230533
0.00036608
0.000370867
0.000263223
0.00012663
3.16019e-05
5.37939e-07
2.30132e-05
9.07426e-05
8.02279e-05
7.23874e-05
3.74109e-05
1.00677e-05
6.98928e-05
0.000230533
0.00036608
0.000370867
0.000263223
0.00012663
3.16019e-05
5.37939e-07
2.30132e-05
9.07426e-05
8.02279e-05
7.23874e-05
3.74109e-05
1.00677e-05
6.98928e-05
0.000230533
0.00036608
0.000370867
0.000263223
0.00012663
3.16019e-05
5.37939e-07
2.30132e-05
9.07426e-05
8.02279e-05
7.23874e-05
3.74109e-05
1.00677e-05
6.98928e-05
0.000230533
0.00036608
0.000370867
0.000263223
0.00012663
3.16019e-05
5.37939e-07
2.30132e-05
9.07426e-05
8.02279e-05
7.23874e-05
3.74109e-05
1.00677e-05
6.98928e-05
0.000230533
0.00036608
0.000370867
0.000263223
0.00012663
3.16019e-05
5.37939e-07
2.30132e-05
9.07426e-05
8.02279e-05
7.23874e-05
3.74109e-05
1.00677e-05
6.98928e-05
0.000230533
0.00036608
0.000370867
0.000263223
0.00012663
3.16019e-05
5.37939e-07
2.30132e-05
9.07426e-05
8.02279e-05
7.23874e-05
3.74109e-05
1.00677e-05
6.98928e-05
0.000230533
0.00036608
0.000370867
0.000263223
0.00012663
3.16019e-05
5.37939e-07
2.30132e-05
9.07426e-05
8.02279e-05
7.23874e-05
3.74109e-05
1.00677e-05
6.98928e-05
0.000230533
0.00036608
0.000370867
0.000263223
0.00012663
3.16019e-05
5.37939e-07
2.30132e-05
9.07426e-05
8.02279e-05
7.23874e-05
3.74109e-05
1.00677e-05
6.98928e-05
0.000230533
0.00036608
0.000370867
0.000263223
0.00012663
3.16019e-05
5.37939e-07
2.30132e-05
9.07426e-05
8.02279e-05
7.23874e-05
3.74109e-05
1.00677e-05
6.98928e-05
0.000230533
0.00036608
0.000370867
0.000263223
0.00012663
3.16019e-05
5.37939e-07
2.30132e-05
9.07426e-05
8.02279e-05
7.23874e-05
3.74109e-05
1.00677e-05
6.98928e-05
0.000230533
0.00036608
0.000370867
0.000263223
0.00012663
3.16019e-05
5.37939e-07
2.30132e-05
9.07426e-05
8.02279e-05
7.23874e-05
3.74109e-05
1.00677e-05
6.98928e-05
0.000230533
0.00036608
0.000370867
0.000263223
0.00012663
3.16019e-05
5.37939e-07
2.30132e-05
9.07426e-05
8.02279e-05
7.23874e-05
3.74109e-05
1.00677e-05
6.98928e-05
0.000230533
0.00036608
0.000370867
0.000263223
0.00012663
3.16019e-05
5.37939e-07
2.30132e-05
9.07426e-05
8.02279e-05
7.23874e-05
3.74109e-05
1.00677e-05
6.98928e-05
0.000230533
0.00036608
0.000370867
0.000263223
0.00012663
3.16019e-05
5.37939e-07
2.30132e-05
9.07426e-05
8.02279e-05
7.23874e-05
3.74109e-05
1.00677e-05
6.98928e-05
0.000230533
0.00036608
0.000370867
0.000263223
0.00012663
3.16019e-05
5.37939e-07
2.30132e-05
9.07426e-05
8.02279e-05
7.23874e-05
3.74109e-05
1.00677e-05
6.98928e-05
0.000230533
0.00036608
0.000370867
0.000263223
0.00012663
3.16019e-05
5.37939e-07
2.30132e-05
9.07426e-05
8.02279e-05
7.23874e-05
3.74109e-05
1.00677e-05
6.98928e-05
0.000230533
0.00036608
0.000370867
0.000263223
0.00012663
3.16019e-05
5.37939e-07
2.30132e-05
9.07426e-05
8.02279e-05
7.23874e-05
3.74109e-05
1.00677e-05
6.98928e-05
0.000230533
0.00036608
0.000370867
0.000263223
0.00012663
3.16019e-05
5.37939e-07
2.30132e-05
9.07426e-05
8.02279e-05
7.23874e-05
3.74109e-05
1.00677e-05
6.98928e-05
0.000230533
0.00036608
0.000370867
0.000263223
0.00012663
3.16019e-05
5.37939e-07
2.30132e-05
9.07426e-05
8.02279e-05
7.23874e-05
3.74109e-05
1.00677e-05
6.98928e-05
0.000230533
0.00036608
0.000370867
0.000263223
0.00012663
3.16019e-05
5.37939e-07
2.30132e-05
9.07426e-05
8.02279e-05
7.23874e-05
3.74109e-05
1.00677e-05
6.98928e-05
0.000230533
0.00036608
0.000370867
0.000263223
0.00012663
3.16019e-05
5.37939e-07
2.30132e-05
9.07426e-05
8.02279e-05
7.23874e-05
3.74109e-05
1.00677e-05
6.98928e-05
0.000230533
0.00036608
0.000370867
0.000263223
0.00012663
3.16019e-05
5.37939e-07
2.30132e-05
9.07426e-05
8.02279e-05
7.23874e-05
3.74109e-05
1.00677e-05
6.98928e-05
0.000230533
0.00036608
0.000370867
0.000263223
0.00012663
3.16019e-05
5.37939e-07
2.30132e-05
9.07426e-05
8.02279e-05
7.23874e-05
3.74109e-05
1.00677e-05
6.98928e-05
0.000230533
0.00036608
0.000370867
0.000263223
0.00012663
3.16019e-05
5.37939e-07
2.30132e-05
9.07426e-05
8.02279e-05
7.23874e-05
3.74109e-05
1.00677e-05
6.98928e-05
0.000230533
0.00036608
0.000370867
0.000263223
0.00012663
3.16019e-05
5.37939e-07
2.30132e-05
9.07426e-05
8.02279e-05
7.23874e-05
3.74109e-05
1.00677e-05
6.98928e-05
0.000230533
0.00036608
0.000370867
0.000263223
0.00012663
3.16019e-05
5.37939e-07
2.30132e-05
9.07426e-05
8.02279e-05
7.23874e-05
3.74109e-05
1.00677e-05
6.98928e-05
0.000230533
0.00036608
0.000370867
0.000263223
0.00012663
3.16019e-05
5.37939e-07
2.30132e-05
9.07426e-05
8.02279e-05
7.23874e-05
3.74109e-05
1.00677e-05
6.98928e-05
0.000230533
0.00036608
0.000370867
0.000263223
0.00012663
3.16019e-05
5.37939e-07
2.30132e-05
9.07426e-05
8.02279e-05
7.23874e-05
3.74109e-05
1.00677e-05
6.98928e-05
0.000230533
0.00036608
0.000370867
0.000263223
0.00012663
3.16019e-05
5.37939e-07
2.30132e-05
9.07426e-05
8.02279e-05
7.23874e-05
3.74109e-05
1.00677e-05
6.98928e-05
0.000230533
0.00036608
0.000370867
0.000263223
0.00012663
3.16019e-05
5.37939e-07
2.30132e-05
9.07426e-05
8.02279e-05
7.23874e-05
3.74109e-05
1.00677e-05
6.98928e-05
0.000230533
0.00036608
0.000370867
0.000263223
0.00012663
3.16019e-05
5.37939e-07
2.30132e-05
9.07426e-05
8.02279e-05
7.23874e-05
3.74109e-05
1.00677e-05
6.98928e-05
0.000230533
0.00036608
0.000370867
0.000263223
0.00012663
3.16019e-05
5.37939e-07
2.30132e-05
9.07426e-05
8.02279e-05
7.23874e-05
3.74109e-05
1.00677e-05
6.98928e-05
0.000230533
0.00036608
0.000370867
0.000263223
0.00012663
3.16019e-05
5.37939e-07
2.30132e-05
9.07426e-05
8.02279e-05
7.23874e-05
3.74109e-05
1.00677e-05
6.98928e-05
0.000230533
0.00036608
0.000370867
0.000263223
0.00012663
3.16019e-05
5.37939e-07
2.30132e-05
9.07426e-05
8.02279e-05
7.23874e-05
3.74109e-05
1.00677e-05
6.98928e-05
0.000230533
0.00036608
0.000370867
0.000263223
0.00012663
3.16019e-05
5.37939e-07
2.30132e-05
9.07426e-05
8.02279e-05
7.23874e-05
3.74109e-05
1.00677e-05
6.98928e-05
0.000230533
0.00036608
0.000370867
0.000263223
0.00012663
3.16019e-05
5.37939e-07
2.30132e-05
9.07426e-05
8.02279e-05
7.23874e-05
3.74109e-05
1.00677e-05
6.98928e-05
0.000230533
0.00036608
0.000370867
0.000263223
0.00012663
3.16019e-05
5.37939e-07
2.30132e-05
9.07426e-05
8.02279e-05
7.23874e-05
3.74109e-05
1.00677e-05
6.98928e-05
0.000230533
0.00036608
0.000370867
0.000263223
0.00012663
3.16019e-05
5.37939e-07
2.30132e-05
9.07426e-05
8.02279e-05
7.23874e-05
3.74109e-05
1.00677e-05
6.98928e-05
0.000230533
0.00036608
0.000370867
0.000263223
0.00012663
3.16019e-05
5.37939e-07
2.30132e-05
9.07426e-05
8.02279e-05
7.23874e-05
3.74109e-05
1.00677e-05
6.98928e-05
0.000230533
0.00036608
0.000370867
0.000263223
0.00012663
3.16019e-05
5.37939e-07
2.30132e-05
9.07426e-05
8.02279e-05
7.23874e-05
3.74109e-05
1.00677e-05
6.98928e-05
0.000230533
0.00036608
0.000370867
0.000263223
0.00012663
3.16019e-05
5.37939e-07
2.30132e-05
9.07426e-05
8.02279e-05
7.23874e-05
3.74109e-05
1.00677e-05
6.98928e-05
0.000230533
0.00036608
0.000370867
0.000263223
0.00012663
3.16019e-05
5.37939e-07
2.30132e-05
9.07426e-05
8.02279e-05
7.23874e-05
3.74109e-05
1.00677e-05
6.98928e-05
0.000230533
0.00036608
0.000370867
0.000263223
0.00012663
3.16019e-05
5.37939e-07
2.30132e-05
9.07426e-05
8.02279e-05
7.23874e-05
3.74109e-05
1.00677e-05
6.98928e-05
0.000230533
0.00036608
0.000370867
0.000263223
0.00012663
3.16019e-05
5.37939e-07
2.30132e-05
9.07426e-05
8.02279e-05
7.23874e-05
3.74109e-05
1.00677e-05
6.98928e-05
0.000230533
0.00036608
0.000370867
0.000263223
0.00012663
3.16019e-05
5.37939e-07
2.30132e-05
9.07426e-05
8.02279e-05
7.23874e-05
3.74109e-05
1.00677e-05
6.98928e-05
0.000230533
0.00036608
0.000370867
0.000263223
0.00012663
3.16019e-05
5.37939e-07
2.30132e-05
9.07426e-05
8.02279e-05
7.23874e-05
3.74109e-05
1.00677e-05
6.98928e-05
0.000230533
0.00036608
0.000370867
0.000263223
0.00012663
3.16019e-05
5.37939e-07
2.30132e-05
9.07426e-05
8.02279e-05
7.23874e-05
3.74109e-05
1.00677e-05
6.98928e-05
0.000230533
0.00036608
0.000370867
0.000263223
0.00012663
3.16019e-05
5.37939e-07
2.30132e-05
9.07426e-05
8.02279e-05
7.23874e-05
3.74109e-05
1.00677e-05
6.98928e-05
0.000230533
0.00036608
0.000370867
0.000263223
0.00012663
3.16019e-05
5.37939e-07
2.30132e-05
9.07426e-05
8.02279e-05
7.23874e-05
3.74109e-05
1.00677e-05
6.98928e-05
0.000230533
0.00036608
0.000370867
0.000263223
0.00012663
3.16019e-05
5.37939e-07
2.30132e-05
9.07426e-05
8.02279e-05
7.23874e-05
3.74109e-05
1.00677e-05
6.98928e-05
0.000230533
0.00036608
0.000370867
0.000263223
0.00012663
3.16019e-05
5.37939e-07
2.30132e-05
9.07426e-05
8.02279e-05
7.23874e-05
3.74109e-05
1.00677e-05
6.98928e-05
0.000230533
0.00036608
0.000370867
0.000263223
0.00012663
3.16019e-05
5.37939e-07
2.30132e-05
9.07426e-05
8.02279e-05
7.23874e-05
3.74109e-05
1.00677e-05
6.98928e-05
0.000230533
0.00036608
0.000370867
0.000263223
0.00012663
3.16019e-05
5.37939e-07
2.30132e-05
9.07426e-05
8.02279e-05
7.23874e-05
3.74109e-05
1.00677e-05
6.98928e-05
0.000230533
0.00036608
0.000370867
0.000263223
0.00012663
3.16019e-05
5.37939e-07
2.30132e-05
9.07426e-05
8.02279e-05
7.23874e-05
3.74109e-05
1.00677e-05
6.98928e-05
0.000230533
0.00036608
0.000370867
0.000263223
0.00012663
3.16019e-05
5.37939e-07
2.30132e-05
9.07426e-05
8.02279e-05
7.23874e-05
3.74109e-05
1.00677e-05
6.98928e-05
0.000230533
0.00036608
0.000370867
0.000263223
0.00012663
3.16019e-05
5.37939e-07
2.30132e-05
9.07426e-05
8.02279e-05
7.23874e-05
3.74109e-05
1.00677e-05
6.98928e-05
0.000230533
0.00036608
0.000370867
0.000263223
0.00012663
3.16019e-05
5.37939e-07
2.30132e-05
9.07426e-05
8.02279e-05
7.23874e-05
3.74109e-05
1.00677e-05
6.98928e-05
0.000230533
0.00036608
0.000370867
0.000263223
0.00012663
3.16019e-05
5.37939e-07
2.30132e-05
9.07426e-05
8.02279e-05
7.23874e-05
3.74109e-05
1.00677e-05
6.98928e-05
0.000230533
0.00036608
0.000370867
0.000263223
0.00012663
3.16019e-05
5.37939e-07
2.30132e-05
9.07426e-05
8.02279e-05
7.23874e-05
3.74109e-05
1.00677e-05
6.98928e-05
0.000230533
0.00036608
0.000370867
0.000263223
0.00012663
3.16019e-05
5.37939e-07
2.30132e-05
9.07426e-05
5.34853e-05
4.8258e-05
2.49394e-05
6.70921e-06
4.65937e-05
0.000153694
0.000244068
0.000247265
0.0001755
8.44277e-05
2.10595e-05
3.87262e-07
1.52875e-05
6.04119e-05
5.34853e-05
4.91886e-05
8.72104e-05
0.000345351
0.00101455
0.00207179
0.00311447
0.00353533
0.00280925
0.000849423
0.00153152
0.00282131
0.00170081
0.00210157
5.34853e-05
6.04784e-05
0.000109571
0.000250991
0.000530145
0.000914319
0.00125526
0.00139262
0.00123016
0.000760795
0.000120713
0.000382441
0.000375116
0.000387344
5.34853e-05
5.5721e-05
7.3512e-05
0.000137844
0.00028876
0.000510206
0.000694679
0.000747397
0.000648718
0.000433357
0.000171957
3.15469e-05
5.00948e-05
0.000214617
5.34853e-05
5.2209e-05
5.02379e-05
7.37021e-05
0.000167597
0.000327656
0.000459383
0.000483639
0.00040079
0.000258435
0.000112819
1.36397e-05
1.06504e-05
0.00014313
5.34853e-05
5.02771e-05
3.77882e-05
4.04799e-05
0.00010705
0.000239749
0.000349585
0.000362475
0.00028558
0.000171086
7.01813e-05
1.29356e-05
1.93371e-05
0.000103686
5.34853e-05
4.92772e-05
3.14078e-05
2.3654e-05
7.68075e-05
0.000196505
0.00029633
0.000304176
0.00022993
0.000127649
4.63411e-05
7.72755e-06
1.88225e-05
8.25696e-05
5.34853e-05
4.87699e-05
2.81839e-05
1.51953e-05
6.16966e-05
0.000175047
0.00027008
0.000275553
0.000202567
0.000106009
3.38701e-05
4.01877e-06
1.74223e-05
7.1625e-05
5.34853e-05
4.85145e-05
2.65641e-05
1.09556e-05
5.41441e-05
0.000164358
0.000257044
0.000261368
0.000188997
9.52108e-05
2.7506e-05
1.90112e-06
1.64455e-05
6.60525e-05
5.34853e-05
4.83864e-05
2.57524e-05
8.83321e-06
5.03687e-05
0.000159023
0.000250549
0.000254306
0.000182239
8.98173e-05
2.42929e-05
7.78047e-07
1.58889e-05
6.32407e-05
5.34853e-05
4.83223e-05
2.5346e-05
7.77141e-06
4.84811e-05
0.000156357
0.000247307
0.000250783
0.000178867
8.7122e-05
2.26787e-05
2.00645e-07
1.55938e-05
6.18285e-05
5.34853e-05
4.82902e-05
2.51427e-05
7.24036e-06
4.75374e-05
0.000155025
0.000245687
0.000249024
0.000177183
8.57747e-05
2.18698e-05
9.19986e-08
1.5442e-05
6.11207e-05
5.34853e-05
4.82741e-05
2.50411e-05
6.97479e-06
4.70656e-05
0.00015436
0.000244877
0.000248144
0.000176342
8.51012e-05
2.14648e-05
2.39303e-07
1.53651e-05
6.07664e-05
5.34853e-05
4.82661e-05
2.49902e-05
6.842e-06
4.68297e-05
0.000154027
0.000244473
0.000247705
0.000175921
8.47644e-05
2.12622e-05
3.13201e-07
1.53264e-05
6.05892e-05
5.34853e-05
4.82621e-05
2.49648e-05
6.77561e-06
4.67117e-05
0.00015386
0.00024427
0.000247485
0.00017571
8.45961e-05
2.11609e-05
3.50211e-07
1.53069e-05
6.05006e-05
5.34853e-05
4.82601e-05
2.49521e-05
6.74241e-06
4.66527e-05
0.000153777
0.000244169
0.000247375
0.000175605
8.45119e-05
2.11102e-05
3.68731e-07
1.52972e-05
6.04562e-05
5.34853e-05
4.82591e-05
2.49457e-05
6.72581e-06
4.66232e-05
0.000153735
0.000244119
0.00024732
0.000175553
8.44698e-05
2.10849e-05
3.77995e-07
1.52923e-05
6.04341e-05
5.34853e-05
4.82585e-05
2.49426e-05
6.71751e-06
4.66085e-05
0.000153715
0.000244093
0.000247293
0.000175526
8.44487e-05
2.10722e-05
3.82628e-07
1.52899e-05
6.0423e-05
5.34853e-05
4.82583e-05
2.4941e-05
6.71336e-06
4.66011e-05
0.000153704
0.000244081
0.000247279
0.000175513
8.44382e-05
2.10659e-05
3.84945e-07
1.52887e-05
6.04174e-05
5.34853e-05
4.82582e-05
2.49402e-05
6.71128e-06
4.65974e-05
0.000153699
0.000244074
0.000247272
0.000175507
8.4433e-05
2.10627e-05
3.86103e-07
1.52881e-05
6.04147e-05
5.34853e-05
4.82581e-05
2.49398e-05
6.71024e-06
4.65956e-05
0.000153696
0.000244071
0.000247269
0.000175503
8.44303e-05
2.10611e-05
3.86682e-07
1.52878e-05
6.04133e-05
5.34853e-05
4.82581e-05
2.49396e-05
6.70972e-06
4.65947e-05
0.000153695
0.00024407
0.000247267
0.000175502
8.4429e-05
2.10603e-05
3.86972e-07
1.52876e-05
6.04126e-05
5.34853e-05
4.82581e-05
2.49395e-05
6.70947e-06
4.65942e-05
0.000153694
0.000244069
0.000247266
0.000175501
8.44284e-05
2.10599e-05
3.87117e-07
1.52875e-05
6.04122e-05
5.34853e-05
4.82581e-05
2.49394e-05
6.70934e-06
4.6594e-05
0.000153694
0.000244068
0.000247266
0.000175501
8.4428e-05
2.10597e-05
3.87189e-07
1.52875e-05
6.04121e-05
5.34853e-05
4.82581e-05
2.49394e-05
6.70927e-06
4.65939e-05
0.000153694
0.000244068
0.000247266
0.0001755
8.44279e-05
2.10596e-05
3.87225e-07
1.52875e-05
6.0412e-05
5.34853e-05
4.8258e-05
2.49394e-05
6.70924e-06
4.65938e-05
0.000153694
0.000244068
0.000247265
0.0001755
8.44278e-05
2.10596e-05
3.87243e-07
1.52875e-05
6.04119e-05
5.34853e-05
4.8258e-05
2.49394e-05
6.70922e-06
4.65938e-05
0.000153694
0.000244068
0.000247265
0.0001755
8.44277e-05
2.10596e-05
3.87252e-07
1.52875e-05
6.04119e-05
5.34853e-05
4.8258e-05
2.49394e-05
6.70921e-06
4.65938e-05
0.000153694
0.000244068
0.000247265
0.0001755
8.44277e-05
2.10596e-05
3.87257e-07
1.52875e-05
6.04119e-05
5.34853e-05
4.8258e-05
2.49394e-05
6.70921e-06
4.65938e-05
0.000153694
0.000244068
0.000247265
0.0001755
8.44277e-05
2.10595e-05
3.87259e-07
1.52875e-05
6.04119e-05
5.34853e-05
4.8258e-05
2.49394e-05
6.70921e-06
4.65938e-05
0.000153694
0.000244068
0.000247265
0.0001755
8.44277e-05
2.10595e-05
3.8726e-07
1.52875e-05
6.04119e-05
5.34853e-05
4.8258e-05
2.49394e-05
6.70921e-06
4.65937e-05
0.000153694
0.000244068
0.000247265
0.0001755
8.44277e-05
2.10595e-05
3.87261e-07
1.52875e-05
6.04119e-05
5.34853e-05
4.8258e-05
2.49394e-05
6.70921e-06
4.65937e-05
0.000153694
0.000244068
0.000247265
0.0001755
8.44277e-05
2.10595e-05
3.87261e-07
1.52875e-05
6.04119e-05
5.34853e-05
4.8258e-05
2.49394e-05
6.70921e-06
4.65937e-05
0.000153694
0.000244068
0.000247265
0.0001755
8.44277e-05
2.10595e-05
3.87261e-07
1.52875e-05
6.04119e-05
5.34853e-05
4.8258e-05
2.49394e-05
6.70921e-06
4.65937e-05
0.000153694
0.000244068
0.000247265
0.0001755
8.44277e-05
2.10595e-05
3.87261e-07
1.52875e-05
6.04119e-05
5.34853e-05
4.8258e-05
2.49394e-05
6.70921e-06
4.65937e-05
0.000153694
0.000244068
0.000247265
0.0001755
8.44277e-05
2.10595e-05
3.87261e-07
1.52875e-05
6.04119e-05
5.34853e-05
4.8258e-05
2.49394e-05
6.70921e-06
4.65937e-05
0.000153694
0.000244068
0.000247265
0.0001755
8.44277e-05
2.10595e-05
3.87261e-07
1.52875e-05
6.04119e-05
5.34853e-05
4.8258e-05
2.49394e-05
6.70921e-06
4.65937e-05
0.000153694
0.000244068
0.000247265
0.0001755
8.44277e-05
2.10595e-05
3.87261e-07
1.52875e-05
6.04119e-05
5.34853e-05
4.8258e-05
2.49394e-05
6.70921e-06
4.65937e-05
0.000153694
0.000244068
0.000247265
0.0001755
8.44277e-05
2.10595e-05
3.87262e-07
1.52875e-05
6.04119e-05
5.34853e-05
4.8258e-05
2.49394e-05
6.70921e-06
4.65937e-05
0.000153694
0.000244068
0.000247265
0.0001755
8.44277e-05
2.10595e-05
3.87262e-07
1.52875e-05
6.04119e-05
5.34853e-05
4.8258e-05
2.49394e-05
6.70921e-06
4.65937e-05
0.000153694
0.000244068
0.000247265
0.0001755
8.44277e-05
2.10595e-05
3.87262e-07
1.52875e-05
6.04119e-05
5.34853e-05
4.8258e-05
2.49394e-05
6.70921e-06
4.65937e-05
0.000153694
0.000244068
0.000247265
0.0001755
8.44277e-05
2.10595e-05
3.87262e-07
1.52875e-05
6.04119e-05
5.34853e-05
4.8258e-05
2.49394e-05
6.70921e-06
4.65937e-05
0.000153694
0.000244068
0.000247265
0.0001755
8.44277e-05
2.10595e-05
3.87262e-07
1.52875e-05
6.04119e-05
5.34853e-05
4.8258e-05
2.49394e-05
6.70921e-06
4.65937e-05
0.000153694
0.000244068
0.000247265
0.0001755
8.44277e-05
2.10595e-05
3.87262e-07
1.52875e-05
6.04119e-05
5.34853e-05
4.8258e-05
2.49394e-05
6.70921e-06
4.65937e-05
0.000153694
0.000244068
0.000247265
0.0001755
8.44277e-05
2.10595e-05
3.87262e-07
1.52875e-05
6.04119e-05
5.34853e-05
4.8258e-05
2.49394e-05
6.70921e-06
4.65937e-05
0.000153694
0.000244068
0.000247265
0.0001755
8.44277e-05
2.10595e-05
3.87262e-07
1.52875e-05
6.04119e-05
5.34853e-05
4.8258e-05
2.49394e-05
6.70921e-06
4.65937e-05
0.000153694
0.000244068
0.000247265
0.0001755
8.44277e-05
2.10595e-05
3.87262e-07
1.52875e-05
6.04119e-05
5.34853e-05
4.8258e-05
2.49394e-05
6.70921e-06
4.65937e-05
0.000153694
0.000244068
0.000247265
0.0001755
8.44277e-05
2.10595e-05
3.87262e-07
1.52875e-05
6.04119e-05
5.34853e-05
4.8258e-05
2.49394e-05
6.70921e-06
4.65937e-05
0.000153694
0.000244068
0.000247265
0.0001755
8.44277e-05
2.10595e-05
3.87262e-07
1.52875e-05
6.04119e-05
5.34853e-05
4.8258e-05
2.49394e-05
6.70921e-06
4.65937e-05
0.000153694
0.000244068
0.000247265
0.0001755
8.44277e-05
2.10595e-05
3.87262e-07
1.52875e-05
6.04119e-05
5.34853e-05
4.8258e-05
2.49394e-05
6.70921e-06
4.65937e-05
0.000153694
0.000244068
0.000247265
0.0001755
8.44277e-05
2.10595e-05
3.87262e-07
1.52875e-05
6.04119e-05
5.34853e-05
4.8258e-05
2.49394e-05
6.70921e-06
4.65937e-05
0.000153694
0.000244068
0.000247265
0.0001755
8.44277e-05
2.10595e-05
3.87262e-07
1.52875e-05
6.04119e-05
5.34853e-05
4.8258e-05
2.49394e-05
6.70921e-06
4.65937e-05
0.000153694
0.000244068
0.000247265
0.0001755
8.44277e-05
2.10595e-05
3.87262e-07
1.52875e-05
6.04119e-05
5.34853e-05
4.8258e-05
2.49394e-05
6.70921e-06
4.65937e-05
0.000153694
0.000244068
0.000247265
0.0001755
8.44277e-05
2.10595e-05
3.87262e-07
1.52875e-05
6.04119e-05
5.34853e-05
4.8258e-05
2.49394e-05
6.70921e-06
4.65937e-05
0.000153694
0.000244068
0.000247265
0.0001755
8.44277e-05
2.10595e-05
3.87262e-07
1.52875e-05
6.04119e-05
5.34853e-05
4.8258e-05
2.49394e-05
6.70921e-06
4.65937e-05
0.000153694
0.000244068
0.000247265
0.0001755
8.44277e-05
2.10595e-05
3.87262e-07
1.52875e-05
6.04119e-05
5.34853e-05
4.8258e-05
2.49394e-05
6.70921e-06
4.65937e-05
0.000153694
0.000244068
0.000247265
0.0001755
8.44277e-05
2.10595e-05
3.87262e-07
1.52875e-05
6.04119e-05
5.34853e-05
4.8258e-05
2.49394e-05
6.70921e-06
4.65937e-05
0.000153694
0.000244068
0.000247265
0.0001755
8.44277e-05
2.10595e-05
3.87262e-07
1.52875e-05
6.04119e-05
5.34853e-05
4.8258e-05
2.49394e-05
6.70921e-06
4.65937e-05
0.000153694
0.000244068
0.000247265
0.0001755
8.44277e-05
2.10595e-05
3.87262e-07
1.52875e-05
6.04119e-05
5.34853e-05
4.8258e-05
2.49394e-05
6.70921e-06
4.65937e-05
0.000153694
0.000244068
0.000247265
0.0001755
8.44277e-05
2.10595e-05
3.87262e-07
1.52875e-05
6.04119e-05
5.34853e-05
4.8258e-05
2.49394e-05
6.70921e-06
4.65937e-05
0.000153694
0.000244068
0.000247265
0.0001755
8.44277e-05
2.10595e-05
3.87262e-07
1.52875e-05
6.04119e-05
5.34853e-05
4.8258e-05
2.49394e-05
6.70921e-06
4.65937e-05
0.000153694
0.000244068
0.000247265
0.0001755
8.44277e-05
2.10595e-05
3.87262e-07
1.52875e-05
6.04119e-05
5.34853e-05
4.8258e-05
2.49394e-05
6.70921e-06
4.65937e-05
0.000153694
0.000244068
0.000247265
0.0001755
8.44277e-05
2.10595e-05
3.87262e-07
1.52875e-05
6.04119e-05
5.34853e-05
4.8258e-05
2.49394e-05
6.70921e-06
4.65937e-05
0.000153694
0.000244068
0.000247265
0.0001755
8.44277e-05
2.10595e-05
3.87262e-07
1.52875e-05
6.04119e-05
5.34853e-05
4.8258e-05
2.49394e-05
6.70921e-06
4.65937e-05
0.000153694
0.000244068
0.000247265
0.0001755
8.44277e-05
2.10595e-05
3.87262e-07
1.52875e-05
6.04119e-05
5.34853e-05
4.8258e-05
2.49394e-05
6.70921e-06
4.65937e-05
0.000153694
0.000244068
0.000247265
0.0001755
8.44277e-05
2.10595e-05
3.87262e-07
1.52875e-05
6.04119e-05
5.34853e-05
4.8258e-05
2.49394e-05
6.70921e-06
4.65937e-05
0.000153694
0.000244068
0.000247265
0.0001755
8.44277e-05
2.10595e-05
3.87262e-07
1.52875e-05
6.04119e-05
5.34853e-05
4.8258e-05
2.49394e-05
6.70921e-06
4.65937e-05
0.000153694
0.000244068
0.000247265
0.0001755
8.44277e-05
2.10595e-05
3.87262e-07
1.52875e-05
6.04119e-05
5.34853e-05
4.8258e-05
2.49394e-05
6.70921e-06
4.65937e-05
0.000153694
0.000244068
0.000247265
0.0001755
8.44277e-05
2.10595e-05
3.87262e-07
1.52875e-05
6.04119e-05
5.34853e-05
4.8258e-05
2.49394e-05
6.70921e-06
4.65937e-05
0.000153694
0.000244068
0.000247265
0.0001755
8.44277e-05
2.10595e-05
3.87262e-07
1.52875e-05
6.04119e-05
5.34853e-05
4.8258e-05
2.49394e-05
6.70921e-06
4.65937e-05
0.000153694
0.000244068
0.000247265
0.0001755
8.44277e-05
2.10595e-05
3.87262e-07
1.52875e-05
6.04119e-05
5.34853e-05
4.8258e-05
2.49394e-05
6.70921e-06
4.65937e-05
0.000153694
0.000244068
0.000247265
0.0001755
8.44277e-05
2.10595e-05
3.87262e-07
1.52875e-05
6.04119e-05
5.34853e-05
4.8258e-05
2.49394e-05
6.70921e-06
4.65937e-05
0.000153694
0.000244068
0.000247265
0.0001755
8.44277e-05
2.10595e-05
3.87262e-07
1.52875e-05
6.04119e-05
5.34853e-05
4.8258e-05
2.49394e-05
6.70921e-06
4.65937e-05
0.000153694
0.000244068
0.000247265
0.0001755
8.44277e-05
2.10595e-05
3.87262e-07
1.52875e-05
6.04119e-05
5.34853e-05
4.8258e-05
2.49394e-05
6.70921e-06
4.65937e-05
0.000153694
0.000244068
0.000247265
0.0001755
8.44277e-05
2.10595e-05
3.87262e-07
1.52875e-05
6.04119e-05
5.34853e-05
4.8258e-05
2.49394e-05
6.70921e-06
4.65937e-05
0.000153694
0.000244068
0.000247265
0.0001755
8.44277e-05
2.10595e-05
3.87262e-07
1.52875e-05
6.04119e-05
5.34853e-05
4.8258e-05
2.49394e-05
6.70921e-06
4.65937e-05
0.000153694
0.000244068
0.000247265
0.0001755
8.44277e-05
2.10595e-05
3.87262e-07
1.52875e-05
6.04119e-05
5.34853e-05
4.8258e-05
2.49394e-05
6.70921e-06
4.65937e-05
0.000153694
0.000244068
0.000247265
0.0001755
8.44277e-05
2.10595e-05
3.87262e-07
1.52875e-05
6.04119e-05
5.34853e-05
4.8258e-05
2.49394e-05
6.70921e-06
4.65937e-05
0.000153694
0.000244068
0.000247265
0.0001755
8.44277e-05
2.10595e-05
3.87262e-07
1.52875e-05
6.04119e-05
5.34853e-05
4.8258e-05
2.49394e-05
6.70921e-06
4.65937e-05
0.000153694
0.000244068
0.000247265
0.0001755
8.44277e-05
2.10595e-05
3.87262e-07
1.52875e-05
6.04119e-05
5.34853e-05
4.8258e-05
2.49394e-05
6.70921e-06
4.65937e-05
0.000153694
0.000244068
0.000247265
0.0001755
8.44277e-05
2.10595e-05
3.87262e-07
1.52875e-05
6.04119e-05
5.34853e-05
4.8258e-05
2.49394e-05
6.70921e-06
4.65937e-05
0.000153694
0.000244068
0.000247265
0.0001755
8.44277e-05
2.10595e-05
3.87262e-07
1.52875e-05
6.04119e-05
5.34853e-05
4.8258e-05
2.49394e-05
6.70921e-06
4.65937e-05
0.000153694
0.000244068
0.000247265
0.0001755
8.44277e-05
2.10595e-05
3.87262e-07
1.52875e-05
6.04119e-05
5.34853e-05
4.8258e-05
2.49394e-05
6.70921e-06
4.65937e-05
0.000153694
0.000244068
0.000247265
0.0001755
8.44277e-05
2.10595e-05
3.87262e-07
1.52875e-05
6.04119e-05
5.34853e-05
4.8258e-05
2.49394e-05
6.70921e-06
4.65937e-05
0.000153694
0.000244068
0.000247265
0.0001755
8.44277e-05
2.10595e-05
3.87262e-07
1.52875e-05
6.04119e-05
5.34853e-05
4.8258e-05
2.49394e-05
6.70921e-06
4.65937e-05
0.000153694
0.000244068
0.000247265
0.0001755
8.44277e-05
2.10595e-05
3.87262e-07
1.52875e-05
6.04119e-05
5.34853e-05
4.8258e-05
2.49394e-05
6.70921e-06
4.65937e-05
0.000153694
0.000244068
0.000247265
0.0001755
8.44277e-05
2.10595e-05
3.87262e-07
1.52875e-05
6.04119e-05
5.34853e-05
4.8258e-05
2.49394e-05
6.70921e-06
4.65937e-05
0.000153694
0.000244068
0.000247265
0.0001755
8.44277e-05
2.10595e-05
3.87262e-07
1.52875e-05
6.04119e-05
5.34853e-05
4.8258e-05
2.49394e-05
6.70921e-06
4.65937e-05
0.000153694
0.000244068
0.000247265
0.0001755
8.44277e-05
2.10595e-05
3.87262e-07
1.52875e-05
6.04119e-05
5.34853e-05
4.8258e-05
2.49394e-05
6.70921e-06
4.65937e-05
0.000153694
0.000244068
0.000247265
0.0001755
8.44277e-05
2.10595e-05
3.87262e-07
1.52875e-05
6.04119e-05
5.34853e-05
4.8258e-05
2.49394e-05
6.70921e-06
4.65937e-05
0.000153694
0.000244068
0.000247265
0.0001755
8.44277e-05
2.10595e-05
3.87262e-07
1.52875e-05
6.04119e-05
5.34853e-05
4.8258e-05
2.49394e-05
6.70921e-06
4.65937e-05
0.000153694
0.000244068
0.000247265
0.0001755
8.44277e-05
2.10595e-05
3.87262e-07
1.52875e-05
6.04119e-05
5.34853e-05
4.8258e-05
2.49394e-05
6.70921e-06
4.65937e-05
0.000153694
0.000244068
0.000247265
0.0001755
8.44277e-05
2.10595e-05
3.87262e-07
1.52875e-05
6.04119e-05
5.34853e-05
4.8258e-05
2.49394e-05
6.70921e-06
4.65937e-05
0.000153694
0.000244068
0.000247265
0.0001755
8.44277e-05
2.10595e-05
3.87262e-07
1.52875e-05
6.04119e-05
5.34853e-05
4.8258e-05
2.49394e-05
6.70921e-06
4.65937e-05
0.000153694
0.000244068
0.000247265
0.0001755
8.44277e-05
2.10595e-05
3.87262e-07
1.52875e-05
6.04119e-05
5.34853e-05
4.8258e-05
2.49394e-05
6.70921e-06
4.65937e-05
0.000153694
0.000244068
0.000247265
0.0001755
8.44277e-05
2.10595e-05
3.87262e-07
1.52875e-05
6.04119e-05
5.34853e-05
4.8258e-05
2.49394e-05
6.70921e-06
4.65937e-05
0.000153694
0.000244068
0.000247265
0.0001755
8.44277e-05
2.10595e-05
3.87262e-07
1.52875e-05
6.04119e-05
5.34853e-05
4.8258e-05
2.49394e-05
6.70921e-06
4.65937e-05
0.000153694
0.000244068
0.000247265
0.0001755
8.44277e-05
2.10595e-05
3.87262e-07
1.52875e-05
6.04119e-05
5.34853e-05
4.8258e-05
2.49394e-05
6.70921e-06
4.65937e-05
0.000153694
0.000244068
0.000247265
0.0001755
8.44277e-05
2.10595e-05
3.87262e-07
1.52875e-05
6.04119e-05
5.34853e-05
4.8258e-05
2.49394e-05
6.70921e-06
4.65937e-05
0.000153694
0.000244068
0.000247265
0.0001755
8.44277e-05
2.10595e-05
3.87262e-07
1.52875e-05
6.04119e-05
5.34853e-05
4.8258e-05
2.49394e-05
6.70921e-06
4.65937e-05
0.000153694
0.000244068
0.000247265
0.0001755
8.44277e-05
2.10595e-05
3.87262e-07
1.52875e-05
6.04119e-05
5.34853e-05
4.8258e-05
2.49394e-05
6.70921e-06
4.65937e-05
0.000153694
0.000244068
0.000247265
0.0001755
8.44277e-05
2.10595e-05
3.87262e-07
1.52875e-05
6.04119e-05
5.34853e-05
4.8258e-05
2.49394e-05
6.70921e-06
4.65937e-05
0.000153694
0.000244068
0.000247265
0.0001755
8.44277e-05
2.10595e-05
3.87262e-07
1.52875e-05
6.04119e-05
5.34853e-05
4.8258e-05
2.49394e-05
6.70921e-06
4.65937e-05
0.000153694
0.000244068
0.000247265
0.0001755
8.44277e-05
2.10595e-05
3.87262e-07
1.52875e-05
6.04119e-05
5.34853e-05
4.8258e-05
2.49394e-05
6.70921e-06
4.65937e-05
0.000153694
0.000244068
0.000247265
0.0001755
8.44277e-05
2.10595e-05
3.87262e-07
1.52875e-05
6.04119e-05
5.34853e-05
4.8258e-05
2.49394e-05
6.70921e-06
4.65937e-05
0.000153694
0.000244068
0.000247265
0.0001755
8.44277e-05
2.10595e-05
3.87262e-07
1.52875e-05
6.04119e-05
5.34853e-05
4.8258e-05
2.49394e-05
6.70921e-06
4.65937e-05
0.000153694
0.000244068
0.000247265
0.0001755
8.44277e-05
2.10595e-05
3.87262e-07
1.52875e-05
6.04119e-05
5.34853e-05
4.8258e-05
2.49394e-05
6.70921e-06
4.65937e-05
0.000153694
0.000244068
0.000247265
0.0001755
8.44277e-05
2.10595e-05
3.87262e-07
1.52875e-05
6.04119e-05
5.34853e-05
4.8258e-05
2.49394e-05
6.70921e-06
4.65937e-05
0.000153694
0.000244068
0.000247265
0.0001755
8.44277e-05
2.10595e-05
3.87262e-07
1.52875e-05
6.04119e-05
5.34853e-05
4.8258e-05
2.49394e-05
6.70921e-06
4.65937e-05
0.000153694
0.000244068
0.000247265
0.0001755
8.44277e-05
2.10595e-05
3.87262e-07
1.52875e-05
6.04119e-05
5.34853e-05
4.8258e-05
2.49394e-05
6.70921e-06
4.65937e-05
0.000153694
0.000244068
0.000247265
0.0001755
8.44277e-05
2.10595e-05
3.87262e-07
1.52875e-05
6.04119e-05
5.34853e-05
4.8258e-05
2.49394e-05
6.70921e-06
4.65937e-05
0.000153694
0.000244068
0.000247265
0.0001755
8.44277e-05
2.10595e-05
3.87262e-07
1.52875e-05
6.04119e-05
5.34853e-05
4.8258e-05
2.49394e-05
6.70921e-06
4.65937e-05
0.000153694
0.000244068
0.000247265
0.0001755
8.44277e-05
2.10595e-05
3.87262e-07
1.52875e-05
6.04119e-05
5.34853e-05
4.8258e-05
2.49394e-05
6.70921e-06
4.65937e-05
0.000153694
0.000244068
0.000247265
0.0001755
8.44277e-05
2.10595e-05
3.87262e-07
1.52875e-05
6.04119e-05
5.34853e-05
4.8258e-05
2.49394e-05
6.70921e-06
4.65937e-05
0.000153694
0.000244068
0.000247265
0.0001755
8.44277e-05
2.10595e-05
3.87262e-07
1.52875e-05
6.04119e-05
5.34853e-05
4.8258e-05
2.49394e-05
6.70921e-06
4.65937e-05
0.000153694
0.000244068
0.000247265
0.0001755
8.44277e-05
2.10595e-05
3.87262e-07
1.52875e-05
6.04119e-05
5.34853e-05
4.8258e-05
2.49394e-05
6.70921e-06
4.65937e-05
0.000153694
0.000244068
0.000247265
0.0001755
8.44277e-05
2.10595e-05
3.87262e-07
1.52875e-05
6.04119e-05
5.34853e-05
4.8258e-05
2.49394e-05
6.70921e-06
4.65937e-05
0.000153694
0.000244068
0.000247265
0.0001755
8.44277e-05
2.10595e-05
3.87262e-07
1.52875e-05
6.04119e-05
5.34853e-05
4.8258e-05
2.49394e-05
6.70921e-06
4.65937e-05
0.000153694
0.000244068
0.000247265
0.0001755
8.44277e-05
2.10595e-05
3.87262e-07
1.52875e-05
6.04119e-05
5.34853e-05
4.8258e-05
2.49394e-05
6.70921e-06
4.65937e-05
0.000153694
0.000244068
0.000247265
0.0001755
8.44277e-05
2.10595e-05
3.87262e-07
1.52875e-05
6.04119e-05
5.34853e-05
4.8258e-05
2.49394e-05
6.70921e-06
4.65937e-05
0.000153694
0.000244068
0.000247265
0.0001755
8.44277e-05
2.10595e-05
3.87262e-07
1.52875e-05
6.04119e-05
5.34853e-05
4.8258e-05
2.49394e-05
6.70921e-06
4.65937e-05
0.000153694
0.000244068
0.000247265
0.0001755
8.44277e-05
2.10595e-05
3.87262e-07
1.52875e-05
6.04119e-05
