0.00147907
0.00145825
0.00134411
0.00113019
0.000876439
0.000645794
0.000452366
0.000280284
0.000145931
8.79494e-05
0.000118092
0.000211314
0.000338577
0.00048121
0.00147907
0.00145461
0.00132653
0.00109365
0.000815282
0.000541921
0.000275119
4.70105e-05
2.69293e-05
5.54814e-05
1.88142e-05
0.000126145
0.000172724
0.000354762
0.00147907
0.00145776
0.00134089
0.00112045
0.000860895
0.000632871
0.000443218
0.00026405
0.000120911
6.86131e-05
0.000106813
0.000189492
0.00031207
0.000480117
0.00147907
0.00145819
0.00134341
0.00112735
0.000872371
0.000645041
0.000455719
0.000282028
0.000141866
8.11045e-05
0.000112813
0.000206112
0.000332307
0.000482686
0.00147907
0.00145825
0.00134395
0.00112925
0.000875312
0.000646671
0.000455476
0.000282732
0.000145348
8.52932e-05
0.000115614
0.000209248
0.000336493
0.000482707
0.00147907
0.00145826
0.00134407
0.00112984
0.000876098
0.000646532
0.000454239
0.000281834
0.000145941
8.68062e-05
0.000116913
0.000210382
0.000337757
0.000482182
0.00147907
0.00145825
0.0013441
0.00113004
0.000876324
0.000646236
0.000453378
0.000281134
0.000146005
8.74227e-05
0.00011752
0.000210872
0.00033822
0.000481756
0.00147907
0.00145825
0.00134411
0.00113012
0.000876395
0.000646033
0.000452891
0.000280727
0.000145985
8.76971e-05
0.00011781
0.000211099
0.000338411
0.000481498
0.00147907
0.00145825
0.00134411
0.00113015
0.000876421
0.000645918
0.000452633
0.00028051
0.000145962
8.7826e-05
0.000117952
0.000211208
0.000338497
0.000481358
0.00147907
0.00145825
0.00134411
0.00113017
0.000876431
0.000645857
0.000452501
0.000280398
0.000145948
8.78884e-05
0.000118022
0.000211261
0.000338538
0.000481285
0.00147907
0.00145825
0.00134411
0.00113018
0.000876435
0.000645826
0.000452434
0.000280341
0.00014594
8.7919e-05
0.000118057
0.000211288
0.000338558
0.000481248
0.00147907
0.00145825
0.00134411
0.00113018
0.000876437
0.00064581
0.0004524
0.000280313
0.000145936
8.79343e-05
0.000118074
0.000211301
0.000338568
0.000481229
0.00147907
0.00145825
0.00134411
0.00113018
0.000876438
0.000645802
0.000452383
0.000280299
0.000145934
8.79418e-05
0.000118083
0.000211307
0.000338572
0.000481219
0.00147907
0.00145825
0.00134411
0.00113019
0.000876439
0.000645798
0.000452375
0.000280291
0.000145933
8.79456e-05
0.000118087
0.000211311
0.000338575
0.000481215
0.00147907
0.00145825
0.00134411
0.00113019
0.000876439
0.000645796
0.00045237
0.000280288
0.000145932
8.79475e-05
0.000118089
0.000211312
0.000338576
0.000481212
0.00147907
0.00145825
0.00134411
0.00113019
0.000876439
0.000645795
0.000452368
0.000280286
0.000145932
8.79484e-05
0.00011809
0.000211313
0.000338577
0.000481211
0.00147907
0.00145825
0.00134411
0.00113019
0.000876439
0.000645795
0.000452367
0.000280285
0.000145932
8.79489e-05
0.000118091
0.000211314
0.000338577
0.00048121
0.00147907
0.00145825
0.00134411
0.00113019
0.000876439
0.000645794
0.000452367
0.000280285
0.000145932
8.79492e-05
0.000118091
0.000211314
0.000338577
0.00048121
0.00147907
0.00145825
0.00134411
0.00113019
0.000876439
0.000645794
0.000452366
0.000280284
0.000145931
8.79493e-05
0.000118091
0.000211314
0.000338577
0.00048121
0.00147907
0.00145825
0.00134411
0.00113019
0.000876439
0.000645794
0.000452366
0.000280284
0.000145931
8.79493e-05
0.000118091
0.000211314
0.000338577
0.00048121
0.00147907
0.00145825
0.00134411
0.00113019
0.000876439
0.000645794
0.000452366
0.000280284
0.000145931
8.79494e-05
0.000118092
0.000211314
0.000338577
0.00048121
0.00147907
0.00145825
0.00134411
0.00113019
0.000876439
0.000645794
0.000452366
0.000280284
0.000145931
8.79494e-05
0.000118092
0.000211314
0.000338577
0.00048121
0.00147907
0.00145825
0.00134411
0.00113019
0.000876439
0.000645794
0.000452366
0.000280284
0.000145931
8.79494e-05
0.000118092
0.000211314
0.000338577
0.00048121
0.00147907
0.00145825
0.00134411
0.00113019
0.000876439
0.000645794
0.000452366
0.000280284
0.000145931
8.79494e-05
0.000118092
0.000211314
0.000338577
0.00048121
0.00147907
0.00145825
0.00134411
0.00113019
0.000876439
0.000645794
0.000452366
0.000280284
0.000145931
8.79494e-05
0.000118092
0.000211314
0.000338577
0.00048121
0.00147907
0.00145825
0.00134411
0.00113019
0.000876439
0.000645794
0.000452366
0.000280284
0.000145931
8.79494e-05
0.000118092
0.000211314
0.000338577
0.00048121
0.00147907
0.00145825
0.00134411
0.00113019
0.000876439
0.000645794
0.000452366
0.000280284
0.000145931
8.79494e-05
0.000118092
0.000211314
0.000338577
0.00048121
0.00147907
0.00145825
0.00134411
0.00113019
0.000876439
0.000645794
0.000452366
0.000280284
0.000145931
8.79494e-05
0.000118092
0.000211314
0.000338577
0.00048121
0.00147907
0.00145825
0.00134411
0.00113019
0.000876439
0.000645794
0.000452366
0.000280284
0.000145931
8.79494e-05
0.000118092
0.000211314
0.000338577
0.00048121
0.00147907
0.00145825
0.00134411
0.00113019
0.000876439
0.000645794
0.000452366
0.000280284
0.000145931
8.79494e-05
0.000118092
0.000211314
0.000338577
0.00048121
0.00147907
0.00145825
0.00134411
0.00113019
0.000876439
0.000645794
0.000452366
0.000280284
0.000145931
8.79494e-05
0.000118092
0.000211314
0.000338577
0.00048121
0.00147907
0.00145825
0.00134411
0.00113019
0.000876439
0.000645794
0.000452366
0.000280284
0.000145931
8.79494e-05
0.000118092
0.000211314
0.000338577
0.00048121
0.00147907
0.00145825
0.00134411
0.00113019
0.000876439
0.000645794
0.000452366
0.000280284
0.000145931
8.79494e-05
0.000118092
0.000211314
0.000338577
0.00048121
0.00147907
0.00145825
0.00134411
0.00113019
0.000876439
0.000645794
0.000452366
0.000280284
0.000145931
8.79494e-05
0.000118092
0.000211314
0.000338577
0.00048121
0.00147907
0.00145825
0.00134411
0.00113019
0.000876439
0.000645794
0.000452366
0.000280284
0.000145931
8.79494e-05
0.000118092
0.000211314
0.000338577
0.00048121
0.00147907
0.00145825
0.00134411
0.00113019
0.000876439
0.000645794
0.000452366
0.000280284
0.000145931
8.79494e-05
0.000118092
0.000211314
0.000338577
0.00048121
0.00147907
0.00145825
0.00134411
0.00113019
0.000876439
0.000645794
0.000452366
0.000280284
0.000145931
8.79494e-05
0.000118092
0.000211314
0.000338577
0.00048121
0.00147907
0.00145825
0.00134411
0.00113019
0.000876439
0.000645794
0.000452366
0.000280284
0.000145931
8.79494e-05
0.000118092
0.000211314
0.000338577
0.00048121
0.00147907
0.00145825
0.00134411
0.00113019
0.000876439
0.000645794
0.000452366
0.000280284
0.000145931
8.79494e-05
0.000118092
0.000211314
0.000338577
0.00048121
0.00147907
0.00145825
0.00134411
0.00113019
0.000876439
0.000645794
0.000452366
0.000280284
0.000145931
8.79494e-05
0.000118092
0.000211314
0.000338577
0.00048121
0.00147907
0.00145825
0.00134411
0.00113019
0.000876439
0.000645794
0.000452366
0.000280284
0.000145931
8.79494e-05
0.000118092
0.000211314
0.000338577
0.00048121
0.00147907
0.00145825
0.00134411
0.00113019
0.000876439
0.000645794
0.000452366
0.000280284
0.000145931
8.79494e-05
0.000118092
0.000211314
0.000338577
0.00048121
0.00147907
0.00145825
0.00134411
0.00113019
0.000876439
0.000645794
0.000452366
0.000280284
0.000145931
8.79494e-05
0.000118092
0.000211314
0.000338577
0.00048121
0.00147907
0.00145825
0.00134411
0.00113019
0.000876439
0.000645794
0.000452366
0.000280284
0.000145931
8.79494e-05
0.000118092
0.000211314
0.000338577
0.00048121
0.00147907
0.00145825
0.00134411
0.00113019
0.000876439
0.000645794
0.000452366
0.000280284
0.000145931
8.79494e-05
0.000118092
0.000211314
0.000338577
0.00048121
0.00147907
0.00145825
0.00134411
0.00113019
0.000876439
0.000645794
0.000452366
0.000280284
0.000145931
8.79494e-05
0.000118092
0.000211314
0.000338577
0.00048121
0.00147907
0.00145825
0.00134411
0.00113019
0.000876439
0.000645794
0.000452366
0.000280284
0.000145931
8.79494e-05
0.000118092
0.000211314
0.000338577
0.00048121
0.00147907
0.00145825
0.00134411
0.00113019
0.000876439
0.000645794
0.000452366
0.000280284
0.000145931
8.79494e-05
0.000118092
0.000211314
0.000338577
0.00048121
0.00147907
0.00145825
0.00134411
0.00113019
0.000876439
0.000645794
0.000452366
0.000280284
0.000145931
8.79494e-05
0.000118092
0.000211314
0.000338577
0.00048121
0.00147907
0.00145825
0.00134411
0.00113019
0.000876439
0.000645794
0.000452366
0.000280284
0.000145931
8.79494e-05
0.000118092
0.000211314
0.000338577
0.00048121
0.00147907
0.00145825
0.00134411
0.00113019
0.000876439
0.000645794
0.000452366
0.000280284
0.000145931
8.79494e-05
0.000118092
0.000211314
0.000338577
0.00048121
0.00147907
0.00145825
0.00134411
0.00113019
0.000876439
0.000645794
0.000452366
0.000280284
0.000145931
8.79494e-05
0.000118092
0.000211314
0.000338577
0.00048121
0.00147907
0.00145825
0.00134411
0.00113019
0.000876439
0.000645794
0.000452366
0.000280284
0.000145931
8.79494e-05
0.000118092
0.000211314
0.000338577
0.00048121
0.00147907
0.00145825
0.00134411
0.00113019
0.000876439
0.000645794
0.000452366
0.000280284
0.000145931
8.79494e-05
0.000118092
0.000211314
0.000338577
0.00048121
0.00147907
0.00145825
0.00134411
0.00113019
0.000876439
0.000645794
0.000452366
0.000280284
0.000145931
8.79494e-05
0.000118092
0.000211314
0.000338577
0.00048121
0.00147907
0.00145825
0.00134411
0.00113019
0.000876439
0.000645794
0.000452366
0.000280284
0.000145931
8.79494e-05
0.000118092
0.000211314
0.000338577
0.00048121
0.00147907
0.00145825
0.00134411
0.00113019
0.000876439
0.000645794
0.000452366
0.000280284
0.000145931
8.79494e-05
0.000118092
0.000211314
0.000338577
0.00048121
0.00147907
0.00145825
0.00134411
0.00113019
0.000876439
0.000645794
0.000452366
0.000280284
0.000145931
8.79494e-05
0.000118092
0.000211314
0.000338577
0.00048121
0.00147907
0.00145825
0.00134411
0.00113019
0.000876439
0.000645794
0.000452366
0.000280284
0.000145931
8.79494e-05
0.000118092
0.000211314
0.000338577
0.00048121
0.00147907
0.00145825
0.00134411
0.00113019
0.000876439
0.000645794
0.000452366
0.000280284
0.000145931
8.79494e-05
0.000118092
0.000211314
0.000338577
0.00048121
0.00147907
0.00145825
0.00134411
0.00113019
0.000876439
0.000645794
0.000452366
0.000280284
0.000145931
8.79494e-05
0.000118092
0.000211314
0.000338577
0.00048121
0.00147907
0.00145825
0.00134411
0.00113019
0.000876439
0.000645794
0.000452366
0.000280284
0.000145931
8.79494e-05
0.000118092
0.000211314
0.000338577
0.00048121
0.00147907
0.00145825
0.00134411
0.00113019
0.000876439
0.000645794
0.000452366
0.000280284
0.000145931
8.79494e-05
0.000118092
0.000211314
0.000338577
0.00048121
0.00147907
0.00145825
0.00134411
0.00113019
0.000876439
0.000645794
0.000452366
0.000280284
0.000145931
8.79494e-05
0.000118092
0.000211314
0.000338577
0.00048121
0.00147907
0.00145825
0.00134411
0.00113019
0.000876439
0.000645794
0.000452366
0.000280284
0.000145931
8.79494e-05
0.000118092
0.000211314
0.000338577
0.00048121
0.00147907
0.00145825
0.00134411
0.00113019
0.000876439
0.000645794
0.000452366
0.000280284
0.000145931
8.79494e-05
0.000118092
0.000211314
0.000338577
0.00048121
0.00147907
0.00145825
0.00134411
0.00113019
0.000876439
0.000645794
0.000452366
0.000280284
0.000145931
8.79494e-05
0.000118092
0.000211314
0.000338577
0.00048121
0.00147907
0.00145825
0.00134411
0.00113019
0.000876439
0.000645794
0.000452366
0.000280284
0.000145931
8.79494e-05
0.000118092
0.000211314
0.000338577
0.00048121
0.00147907
0.00145825
0.00134411
0.00113019
0.000876439
0.000645794
0.000452366
0.000280284
0.000145931
8.79494e-05
0.000118092
0.000211314
0.000338577
0.00048121
0.00147907
0.00145825
0.00134411
0.00113019
0.000876439
0.000645794
0.000452366
0.000280284
0.000145931
8.79494e-05
0.000118092
0.000211314
0.000338577
0.00048121
0.00147907
0.00145825
0.00134411
0.00113019
0.000876439
0.000645794
0.000452366
0.000280284
0.000145931
8.79494e-05
0.000118092
0.000211314
0.000338577
0.00048121
0.00147907
0.00145825
0.00134411
0.00113019
0.000876439
0.000645794
0.000452366
0.000280284
0.000145931
8.79494e-05
0.000118092
0.000211314
0.000338577
0.00048121
0.00147907
0.00145825
0.00134411
0.00113019
0.000876439
0.000645794
0.000452366
0.000280284
0.000145931
8.79494e-05
0.000118092
0.000211314
0.000338577
0.00048121
0.00147907
0.00145825
0.00134411
0.00113019
0.000876439
0.000645794
0.000452366
0.000280284
0.000145931
8.79494e-05
0.000118092
0.000211314
0.000338577
0.00048121
0.00147907
0.00145825
0.00134411
0.00113019
0.000876439
0.000645794
0.000452366
0.000280284
0.000145931
8.79494e-05
0.000118092
0.000211314
0.000338577
0.00048121
0.00147907
0.00145825
0.00134411
0.00113019
0.000876439
0.000645794
0.000452366
0.000280284
0.000145931
8.79494e-05
0.000118092
0.000211314
0.000338577
0.00048121
0.00147907
0.00145825
0.00134411
0.00113019
0.000876439
0.000645794
0.000452366
0.000280284
0.000145931
8.79494e-05
0.000118092
0.000211314
0.000338577
0.00048121
0.00147907
0.00145825
0.00134411
0.00113019
0.000876439
0.000645794
0.000452366
0.000280284
0.000145931
8.79494e-05
0.000118092
0.000211314
0.000338577
0.00048121
0.00147907
0.00145825
0.00134411
0.00113019
0.000876439
0.000645794
0.000452366
0.000280284
0.000145931
8.79494e-05
0.000118092
0.000211314
0.000338577
0.00048121
0.00147907
0.00145825
0.00134411
0.00113019
0.000876439
0.000645794
0.000452366
0.000280284
0.000145931
8.79494e-05
0.000118092
0.000211314
0.000338577
0.00048121
0.00147907
0.00145825
0.00134411
0.00113019
0.000876439
0.000645794
0.000452366
0.000280284
0.000145931
8.79494e-05
0.000118092
0.000211314
0.000338577
0.00048121
0.00147907
0.00145825
0.00134411
0.00113019
0.000876439
0.000645794
0.000452366
0.000280284
0.000145931
8.79494e-05
0.000118092
0.000211314
0.000338577
0.00048121
0.00147907
0.00145825
0.00134411
0.00113019
0.000876439
0.000645794
0.000452366
0.000280284
0.000145931
8.79494e-05
0.000118092
0.000211314
0.000338577
0.00048121
0.00147907
0.00145825
0.00134411
0.00113019
0.000876439
0.000645794
0.000452366
0.000280284
0.000145931
8.79494e-05
0.000118092
0.000211314
0.000338577
0.00048121
0.00147907
0.00145825
0.00134411
0.00113019
0.000876439
0.000645794
0.000452366
0.000280284
0.000145931
8.79494e-05
0.000118092
0.000211314
0.000338577
0.00048121
0.00147907
0.00145825
0.00134411
0.00113019
0.000876439
0.000645794
0.000452366
0.000280284
0.000145931
8.79494e-05
0.000118092
0.000211314
0.000338577
0.00048121
0.00147907
0.00145825
0.00134411
0.00113019
0.000876439
0.000645794
0.000452366
0.000280284
0.000145931
8.79494e-05
0.000118092
0.000211314
0.000338577
0.00048121
0.00147907
0.00145825
0.00134411
0.00113019
0.000876439
0.000645794
0.000452366
0.000280284
0.000145931
8.79494e-05
0.000118092
0.000211314
0.000338577
0.00048121
0.00147907
0.00145825
0.00134411
0.00113019
0.000876439
0.000645794
0.000452366
0.000280284
0.000145931
8.79494e-05
0.000118092
0.000211314
0.000338577
0.00048121
0.00147907
0.00145825
0.00134411
0.00113019
0.000876439
0.000645794
0.000452366
0.000280284
0.000145931
8.79494e-05
0.000118092
0.000211314
0.000338577
0.00048121
0.00147907
0.00145825
0.00134411
0.00113019
0.000876439
0.000645794
0.000452366
0.000280284
0.000145931
8.79494e-05
0.000118092
0.000211314
0.000338577
0.00048121
0.00147907
0.00145825
0.00134411
0.00113019
0.000876439
0.000645794
0.000452366
0.000280284
0.000145931
8.79494e-05
0.000118092
0.000211314
0.000338577
0.00048121
0.00147907
0.00145825
0.00134411
0.00113019
0.000876439
0.000645794
0.000452366
0.000280284
0.000145931
8.79494e-05
0.000118092
0.000211314
0.000338577
0.00048121
0.00147907
0.00145825
0.00134411
0.00113019
0.000876439
0.000645794
0.000452366
0.000280284
0.000145931
8.79494e-05
0.000118092
0.000211314
0.000338577
0.00048121
0.00147907
0.00145825
0.00134411
0.00113019
0.000876439
0.000645794
0.000452366
0.000280284
0.000145931
8.79494e-05
0.000118092
0.000211314
0.000338577
0.00048121
0.00147907
0.00145825
0.00134411
0.00113019
0.000876439
0.000645794
0.000452366
0.000280284
0.000145931
8.79494e-05
0.000118092
0.000211314
0.000338577
0.00048121
0.00147907
0.00145825
0.00134411
0.00113019
0.000876439
0.000645794
0.000452366
0.000280284
0.000145931
8.79494e-05
0.000118092
0.000211314
0.000338577
0.00048121
0.00147907
0.00145825
0.00134411
0.00113019
0.000876439
0.000645794
0.000452366
0.000280284
0.000145931
8.79494e-05
0.000118092
0.000211314
0.000338577
0.00048121
0.00147907
0.00145825
0.00134411
0.00113019
0.000876439
0.000645794
0.000452366
0.000280284
0.000145931
8.79494e-05
0.000118092
0.000211314
0.000338577
0.00048121
0.00147907
0.00145825
0.00134411
0.00113019
0.000876439
0.000645794
0.000452366
0.000280284
0.000145931
8.79494e-05
0.000118092
0.000211314
0.000338577
0.00048121
0.00147907
0.00145825
0.00134411
0.00113019
0.000876439
0.000645794
0.000452366
0.000280284
0.000145931
8.79494e-05
0.000118092
0.000211314
0.000338577
0.00048121
0.00147907
0.00145825
0.00134411
0.00113019
0.000876439
0.000645794
0.000452366
0.000280284
0.000145931
8.79494e-05
0.000118092
0.000211314
0.000338577
0.00048121
0.00147907
0.00145825
0.00134411
0.00113019
0.000876439
0.000645794
0.000452366
0.000280284
0.000145931
8.79494e-05
0.000118092
0.000211314
0.000338577
0.00048121
0.00147907
0.00145825
0.00134411
0.00113019
0.000876439
0.000645794
0.000452366
0.000280284
0.000145931
8.79494e-05
0.000118092
0.000211314
0.000338577
0.00048121
0.00147907
0.00145825
0.00134411
0.00113019
0.000876439
0.000645794
0.000452366
0.000280284
0.000145931
8.79494e-05
0.000118092
0.000211314
0.000338577
0.00048121
0.00147907
0.00145825
0.00134411
0.00113019
0.000876439
0.000645794
0.000452366
0.000280284
0.000145931
8.79494e-05
0.000118092
0.000211314
0.000338577
0.00048121
0.00147907
0.00145825
0.00134411
0.00113019
0.000876439
0.000645794
0.000452366
0.000280284
0.000145931
8.79494e-05
0.000118092
0.000211314
0.000338577
0.00048121
0.00147907
0.00145825
0.00134411
0.00113019
0.000876439
0.000645794
0.000452366
0.000280284
0.000145931
8.79494e-05
0.000118092
0.000211314
0.000338577
0.00048121
0.00147907
0.00145825
0.00134411
0.00113019
0.000876439
0.000645794
0.000452366
0.000280284
0.000145931
8.79494e-05
0.000118092
0.000211314
0.000338577
0.00048121
0.00147907
0.00145825
0.00134411
0.00113019
0.000876439
0.000645794
0.000452366
0.000280284
0.000145931
8.79494e-05
0.000118092
0.000211314
0.000338577
0.00048121
0.00147907
0.00145825
0.00134411
0.00113019
0.000876439
0.000645794
0.000452366
0.000280284
0.000145931
8.79494e-05
0.000118092
0.000211314
0.000338577
0.00048121
0.00147907
0.00145825
0.00134411
0.00113019
0.000876439
0.000645794
0.000452366
0.000280284
0.000145931
8.79494e-05
0.000118092
0.000211314
0.000338577
0.00048121
0.00147907
0.00145825
0.00134411
0.00113019
0.000876439
0.000645794
0.000452366
0.000280284
0.000145931
8.79494e-05
0.000118092
0.000211314
0.000338577
0.00048121
0.00147907
0.00145825
0.00134411
0.00113019
0.000876439
0.000645794
0.000452366
0.000280284
0.000145931
8.79494e-05
0.000118092
0.000211314
0.000338577
0.00048121
0.00147907
0.00145825
0.00134411
0.00113019
0.000876439
0.000645794
0.000452366
0.000280284
0.000145931
8.79494e-05
0.000118092
0.000211314
0.000338577
0.00048121
0.00147907
0.00145825
0.00134411
0.00113019
0.000876439
0.000645794
0.000452366
0.000280284
0.000145931
8.79494e-05
0.000118092
0.000211314
0.000338577
0.00048121
0.00147907
0.00145825
0.00134411
0.00113019
0.000876439
0.000645794
0.000452366
0.000280284
0.000145931
8.79494e-05
0.000118092
0.000211314
0.000338577
0.00048121
0.00147907
0.00145825
0.00134411
0.00113019
0.000876439
0.000645794
0.000452366
0.000280284
0.000145931
8.79494e-05
0.000118092
0.000211314
0.000338577
0.00048121
0.00147907
0.00145825
0.00134411
0.00113019
0.000876439
0.000645794
0.000452366
0.000280284
0.000145931
8.79494e-05
0.000118092
0.000211314
0.000338577
0.00048121
0.00147907
0.00145825
0.00134411
0.00113019
0.000876439
0.000645794
0.000452366
0.000280284
0.000145931
8.79494e-05
0.000118092
0.000211314
0.000338577
0.00048121
0.00147907
0.00145825
0.00134411
0.00113019
0.000876439
0.000645794
0.000452366
0.000280284
0.000145931
8.79494e-05
0.000118092
0.000211314
0.000338577
0.00048121
0.000739535
0.000731164
0.000684043
0.000593658
0.000482317
0.000373234
0.000271411
0.000172539
9.10146e-05
5.18462e-05
6.39926e-05
0.000115196
0.00018956
0.000274934
0.000739535
0.000730235
0.00068057
0.000588906
0.000476023
0.000354924
0.000217606
8.19801e-05
1.89595e-05
4.27359e-05
5.60287e-07
5.20339e-05
0.000108478
0.000229835
0.000739535
0.000731287
0.000684739
0.000595005
0.00048596
0.000382417
0.000283285
0.000177824
8.7045e-05
4.67876e-05
6.09938e-05
0.000106039
0.000177866
0.00027876
0.000739535
0.000731301
0.000684769
0.000595206
0.000485798
0.000380434
0.000281119
0.000180169
9.35747e-05
5.1073e-05
6.28425e-05
0.000113548
0.000187277
0.000277513
0.000739535
0.000731246
0.000684483
0.000594639
0.000484462
0.000377402
0.000276939
0.000177155
9.30946e-05
5.19335e-05
6.35545e-05
0.000114661
0.000188956
0.000276552
0.000739535
0.000731208
0.00068428
0.000594199
0.000483488
0.000375453
0.000274324
0.000175013
9.22235e-05
5.20052e-05
6.38194e-05
0.000114986
0.000189372
0.000275845
0.000739535
0.000731187
0.000684166
0.000593941
0.000482927
0.000374377
0.000272903
0.000173814
9.1658e-05
5.19539e-05
6.39188e-05
0.000115105
0.000189493
0.000275417
0.000739535
0.000731175
0.000684105
0.000593803
0.000482628
0.000373813
0.000272166
0.000173186
9.13457e-05
5.1907e-05
6.3959e-05
0.000115154
0.000189533
0.000275183
0.000739535
0.00073117
0.000684074
0.000593731
0.000482474
0.000373526
0.00027179
0.000172864
9.11825e-05
5.18783e-05
6.39767e-05
0.000115176
0.000189548
0.00027506
0.000739535
0.000731167
0.000684059
0.000593695
0.000482396
0.00037338
0.000271601
0.000172702
9.10991e-05
5.18627e-05
6.39849e-05
0.000115186
0.000189555
0.000274998
0.000739535
0.000731165
0.000684051
0.000593677
0.000482357
0.000373307
0.000271506
0.000172621
9.1057e-05
5.18545e-05
6.39888e-05
0.000115191
0.000189557
0.000274966
0.000739535
0.000731165
0.000684047
0.000593668
0.000482337
0.000373271
0.000271459
0.00017258
9.10359e-05
5.18504e-05
6.39907e-05
0.000115193
0.000189559
0.00027495
0.000739535
0.000731164
0.000684045
0.000593663
0.000482327
0.000373252
0.000271435
0.000172559
9.10253e-05
5.18483e-05
6.39917e-05
0.000115194
0.000189559
0.000274942
0.000739535
0.000731164
0.000684044
0.000593661
0.000482322
0.000373243
0.000271423
0.000172549
9.102e-05
5.18472e-05
6.39922e-05
0.000115195
0.00018956
0.000274938
0.000739535
0.000731164
0.000684044
0.00059366
0.00048232
0.000373238
0.000271417
0.000172544
9.10173e-05
5.18467e-05
6.39924e-05
0.000115195
0.00018956
0.000274936
0.000739535
0.000731164
0.000684043
0.000593659
0.000482318
0.000373236
0.000271414
0.000172541
9.1016e-05
5.18465e-05
6.39925e-05
0.000115196
0.00018956
0.000274935
0.000739535
0.000731164
0.000684043
0.000593659
0.000482318
0.000373235
0.000271412
0.00017254
9.10153e-05
5.18463e-05
6.39926e-05
0.000115196
0.00018956
0.000274935
0.000739535
0.000731164
0.000684043
0.000593659
0.000482317
0.000373234
0.000271412
0.000172539
9.1015e-05
5.18463e-05
6.39926e-05
0.000115196
0.00018956
0.000274934
0.000739535
0.000731164
0.000684043
0.000593659
0.000482317
0.000373234
0.000271411
0.000172539
9.10148e-05
5.18462e-05
6.39926e-05
0.000115196
0.00018956
0.000274934
0.000739535
0.000731164
0.000684043
0.000593658
0.000482317
0.000373234
0.000271411
0.000172539
9.10147e-05
5.18462e-05
6.39926e-05
0.000115196
0.00018956
0.000274934
0.000739535
0.000731164
0.000684043
0.000593658
0.000482317
0.000373234
0.000271411
0.000172539
9.10147e-05
5.18462e-05
6.39926e-05
0.000115196
0.00018956
0.000274934
0.000739535
0.000731164
0.000684043
0.000593658
0.000482317
0.000373234
0.000271411
0.000172539
9.10147e-05
5.18462e-05
6.39926e-05
0.000115196
0.00018956
0.000274934
0.000739535
0.000731164
0.000684043
0.000593658
0.000482317
0.000373234
0.000271411
0.000172539
9.10147e-05
5.18462e-05
6.39926e-05
0.000115196
0.00018956
0.000274934
0.000739535
0.000731164
0.000684043
0.000593658
0.000482317
0.000373234
0.000271411
0.000172539
9.10147e-05
5.18462e-05
6.39926e-05
0.000115196
0.00018956
0.000274934
0.000739535
0.000731164
0.000684043
0.000593658
0.000482317
0.000373234
0.000271411
0.000172539
9.10147e-05
5.18462e-05
6.39926e-05
0.000115196
0.00018956
0.000274934
0.000739535
0.000731164
0.000684043
0.000593658
0.000482317
0.000373234
0.000271411
0.000172539
9.10147e-05
5.18462e-05
6.39926e-05
0.000115196
0.00018956
0.000274934
0.000739535
0.000731164
0.000684043
0.000593658
0.000482317
0.000373234
0.000271411
0.000172539
9.10147e-05
5.18462e-05
6.39926e-05
0.000115196
0.00018956
0.000274934
0.000739535
0.000731164
0.000684043
0.000593658
0.000482317
0.000373234
0.000271411
0.000172539
9.10146e-05
5.18462e-05
6.39926e-05
0.000115196
0.00018956
0.000274934
0.000739535
0.000731164
0.000684043
0.000593658
0.000482317
0.000373234
0.000271411
0.000172539
9.10146e-05
5.18462e-05
6.39926e-05
0.000115196
0.00018956
0.000274934
0.000739535
0.000731164
0.000684043
0.000593658
0.000482317
0.000373234
0.000271411
0.000172539
9.10146e-05
5.18462e-05
6.39926e-05
0.000115196
0.00018956
0.000274934
0.000739535
0.000731164
0.000684043
0.000593658
0.000482317
0.000373234
0.000271411
0.000172539
9.10146e-05
5.18462e-05
6.39926e-05
0.000115196
0.00018956
0.000274934
0.000739535
0.000731164
0.000684043
0.000593658
0.000482317
0.000373234
0.000271411
0.000172539
9.10146e-05
5.18462e-05
6.39926e-05
0.000115196
0.00018956
0.000274934
0.000739535
0.000731164
0.000684043
0.000593658
0.000482317
0.000373234
0.000271411
0.000172539
9.10146e-05
5.18462e-05
6.39926e-05
0.000115196
0.00018956
0.000274934
0.000739535
0.000731164
0.000684043
0.000593658
0.000482317
0.000373234
0.000271411
0.000172539
9.10146e-05
5.18462e-05
6.39926e-05
0.000115196
0.00018956
0.000274934
0.000739535
0.000731164
0.000684043
0.000593658
0.000482317
0.000373234
0.000271411
0.000172539
9.10146e-05
5.18462e-05
6.39926e-05
0.000115196
0.00018956
0.000274934
0.000739535
0.000731164
0.000684043
0.000593658
0.000482317
0.000373234
0.000271411
0.000172539
9.10146e-05
5.18462e-05
6.39926e-05
0.000115196
0.00018956
0.000274934
0.000739535
0.000731164
0.000684043
0.000593658
0.000482317
0.000373234
0.000271411
0.000172539
9.10146e-05
5.18462e-05
6.39926e-05
0.000115196
0.00018956
0.000274934
0.000739535
0.000731164
0.000684043
0.000593658
0.000482317
0.000373234
0.000271411
0.000172539
9.10146e-05
5.18462e-05
6.39926e-05
0.000115196
0.00018956
0.000274934
0.000739535
0.000731164
0.000684043
0.000593658
0.000482317
0.000373234
0.000271411
0.000172539
9.10146e-05
5.18462e-05
6.39926e-05
0.000115196
0.00018956
0.000274934
0.000739535
0.000731164
0.000684043
0.000593658
0.000482317
0.000373234
0.000271411
0.000172539
9.10146e-05
5.18462e-05
6.39926e-05
0.000115196
0.00018956
0.000274934
0.000739535
0.000731164
0.000684043
0.000593658
0.000482317
0.000373234
0.000271411
0.000172539
9.10146e-05
5.18462e-05
6.39926e-05
0.000115196
0.00018956
0.000274934
0.000739535
0.000731164
0.000684043
0.000593658
0.000482317
0.000373234
0.000271411
0.000172539
9.10146e-05
5.18462e-05
6.39926e-05
0.000115196
0.00018956
0.000274934
0.000739535
0.000731164
0.000684043
0.000593658
0.000482317
0.000373234
0.000271411
0.000172539
9.10146e-05
5.18462e-05
6.39926e-05
0.000115196
0.00018956
0.000274934
0.000739535
0.000731164
0.000684043
0.000593658
0.000482317
0.000373234
0.000271411
0.000172539
9.10146e-05
5.18462e-05
6.39926e-05
0.000115196
0.00018956
0.000274934
0.000739535
0.000731164
0.000684043
0.000593658
0.000482317
0.000373234
0.000271411
0.000172539
9.10146e-05
5.18462e-05
6.39926e-05
0.000115196
0.00018956
0.000274934
0.000739535
0.000731164
0.000684043
0.000593658
0.000482317
0.000373234
0.000271411
0.000172539
9.10146e-05
5.18462e-05
6.39926e-05
0.000115196
0.00018956
0.000274934
0.000739535
0.000731164
0.000684043
0.000593658
0.000482317
0.000373234
0.000271411
0.000172539
9.10146e-05
5.18462e-05
6.39926e-05
0.000115196
0.00018956
0.000274934
0.000739535
0.000731164
0.000684043
0.000593658
0.000482317
0.000373234
0.000271411
0.000172539
9.10146e-05
5.18462e-05
6.39926e-05
0.000115196
0.00018956
0.000274934
0.000739535
0.000731164
0.000684043
0.000593658
0.000482317
0.000373234
0.000271411
0.000172539
9.10146e-05
5.18462e-05
6.39926e-05
0.000115196
0.00018956
0.000274934
0.000739535
0.000731164
0.000684043
0.000593658
0.000482317
0.000373234
0.000271411
0.000172539
9.10146e-05
5.18462e-05
6.39926e-05
0.000115196
0.00018956
0.000274934
0.000739535
0.000731164
0.000684043
0.000593658
0.000482317
0.000373234
0.000271411
0.000172539
9.10146e-05
5.18462e-05
6.39926e-05
0.000115196
0.00018956
0.000274934
0.000739535
0.000731164
0.000684043
0.000593658
0.000482317
0.000373234
0.000271411
0.000172539
9.10146e-05
5.18462e-05
6.39926e-05
0.000115196
0.00018956
0.000274934
0.000739535
0.000731164
0.000684043
0.000593658
0.000482317
0.000373234
0.000271411
0.000172539
9.10146e-05
5.18462e-05
6.39926e-05
0.000115196
0.00018956
0.000274934
0.000739535
0.000731164
0.000684043
0.000593658
0.000482317
0.000373234
0.000271411
0.000172539
9.10146e-05
5.18462e-05
6.39926e-05
0.000115196
0.00018956
0.000274934
0.000739535
0.000731164
0.000684043
0.000593658
0.000482317
0.000373234
0.000271411
0.000172539
9.10146e-05
5.18462e-05
6.39926e-05
0.000115196
0.00018956
0.000274934
0.000739535
0.000731164
0.000684043
0.000593658
0.000482317
0.000373234
0.000271411
0.000172539
9.10146e-05
5.18462e-05
6.39926e-05
0.000115196
0.00018956
0.000274934
0.000739535
0.000731164
0.000684043
0.000593658
0.000482317
0.000373234
0.000271411
0.000172539
9.10146e-05
5.18462e-05
6.39926e-05
0.000115196
0.00018956
0.000274934
0.000739535
0.000731164
0.000684043
0.000593658
0.000482317
0.000373234
0.000271411
0.000172539
9.10146e-05
5.18462e-05
6.39926e-05
0.000115196
0.00018956
0.000274934
0.000739535
0.000731164
0.000684043
0.000593658
0.000482317
0.000373234
0.000271411
0.000172539
9.10146e-05
5.18462e-05
6.39926e-05
0.000115196
0.00018956
0.000274934
0.000739535
0.000731164
0.000684043
0.000593658
0.000482317
0.000373234
0.000271411
0.000172539
9.10146e-05
5.18462e-05
6.39926e-05
0.000115196
0.00018956
0.000274934
0.000739535
0.000731164
0.000684043
0.000593658
0.000482317
0.000373234
0.000271411
0.000172539
9.10146e-05
5.18462e-05
6.39926e-05
0.000115196
0.00018956
0.000274934
0.000739535
0.000731164
0.000684043
0.000593658
0.000482317
0.000373234
0.000271411
0.000172539
9.10146e-05
5.18462e-05
6.39926e-05
0.000115196
0.00018956
0.000274934
0.000739535
0.000731164
0.000684043
0.000593658
0.000482317
0.000373234
0.000271411
0.000172539
9.10146e-05
5.18462e-05
6.39926e-05
0.000115196
0.00018956
0.000274934
0.000739535
0.000731164
0.000684043
0.000593658
0.000482317
0.000373234
0.000271411
0.000172539
9.10146e-05
5.18462e-05
6.39926e-05
0.000115196
0.00018956
0.000274934
0.000739535
0.000731164
0.000684043
0.000593658
0.000482317
0.000373234
0.000271411
0.000172539
9.10146e-05
5.18462e-05
6.39926e-05
0.000115196
0.00018956
0.000274934
0.000739535
0.000731164
0.000684043
0.000593658
0.000482317
0.000373234
0.000271411
0.000172539
9.10146e-05
5.18462e-05
6.39926e-05
0.000115196
0.00018956
0.000274934
0.000739535
0.000731164
0.000684043
0.000593658
0.000482317
0.000373234
0.000271411
0.000172539
9.10146e-05
5.18462e-05
6.39926e-05
0.000115196
0.00018956
0.000274934
0.000739535
0.000731164
0.000684043
0.000593658
0.000482317
0.000373234
0.000271411
0.000172539
9.10146e-05
5.18462e-05
6.39926e-05
0.000115196
0.00018956
0.000274934
0.000739535
0.000731164
0.000684043
0.000593658
0.000482317
0.000373234
0.000271411
0.000172539
9.10146e-05
5.18462e-05
6.39926e-05
0.000115196
0.00018956
0.000274934
0.000739535
0.000731164
0.000684043
0.000593658
0.000482317
0.000373234
0.000271411
0.000172539
9.10146e-05
5.18462e-05
6.39926e-05
0.000115196
0.00018956
0.000274934
0.000739535
0.000731164
0.000684043
0.000593658
0.000482317
0.000373234
0.000271411
0.000172539
9.10146e-05
5.18462e-05
6.39926e-05
0.000115196
0.00018956
0.000274934
0.000739535
0.000731164
0.000684043
0.000593658
0.000482317
0.000373234
0.000271411
0.000172539
9.10146e-05
5.18462e-05
6.39926e-05
0.000115196
0.00018956
0.000274934
0.000739535
0.000731164
0.000684043
0.000593658
0.000482317
0.000373234
0.000271411
0.000172539
9.10146e-05
5.18462e-05
6.39926e-05
0.000115196
0.00018956
0.000274934
0.000739535
0.000731164
0.000684043
0.000593658
0.000482317
0.000373234
0.000271411
0.000172539
9.10146e-05
5.18462e-05
6.39926e-05
0.000115196
0.00018956
0.000274934
0.000739535
0.000731164
0.000684043
0.000593658
0.000482317
0.000373234
0.000271411
0.000172539
9.10146e-05
5.18462e-05
6.39926e-05
0.000115196
0.00018956
0.000274934
0.000739535
0.000731164
0.000684043
0.000593658
0.000482317
0.000373234
0.000271411
0.000172539
9.10146e-05
5.18462e-05
6.39926e-05
0.000115196
0.00018956
0.000274934
0.000739535
0.000731164
0.000684043
0.000593658
0.000482317
0.000373234
0.000271411
0.000172539
9.10146e-05
5.18462e-05
6.39926e-05
0.000115196
0.00018956
0.000274934
0.000739535
0.000731164
0.000684043
0.000593658
0.000482317
0.000373234
0.000271411
0.000172539
9.10146e-05
5.18462e-05
6.39926e-05
0.000115196
0.00018956
0.000274934
0.000739535
0.000731164
0.000684043
0.000593658
0.000482317
0.000373234
0.000271411
0.000172539
9.10146e-05
5.18462e-05
6.39926e-05
0.000115196
0.00018956
0.000274934
0.000739535
0.000731164
0.000684043
0.000593658
0.000482317
0.000373234
0.000271411
0.000172539
9.10146e-05
5.18462e-05
6.39926e-05
0.000115196
0.00018956
0.000274934
0.000739535
0.000731164
0.000684043
0.000593658
0.000482317
0.000373234
0.000271411
0.000172539
9.10146e-05
5.18462e-05
6.39926e-05
0.000115196
0.00018956
0.000274934
0.000739535
0.000731164
0.000684043
0.000593658
0.000482317
0.000373234
0.000271411
0.000172539
9.10146e-05
5.18462e-05
6.39926e-05
0.000115196
0.00018956
0.000274934
0.000739535
0.000731164
0.000684043
0.000593658
0.000482317
0.000373234
0.000271411
0.000172539
9.10146e-05
5.18462e-05
6.39926e-05
0.000115196
0.00018956
0.000274934
0.000739535
0.000731164
0.000684043
0.000593658
0.000482317
0.000373234
0.000271411
0.000172539
9.10146e-05
5.18462e-05
6.39926e-05
0.000115196
0.00018956
0.000274934
0.000739535
0.000731164
0.000684043
0.000593658
0.000482317
0.000373234
0.000271411
0.000172539
9.10146e-05
5.18462e-05
6.39926e-05
0.000115196
0.00018956
0.000274934
0.000739535
0.000731164
0.000684043
0.000593658
0.000482317
0.000373234
0.000271411
0.000172539
9.10146e-05
5.18462e-05
6.39926e-05
0.000115196
0.00018956
0.000274934
0.000739535
0.000731164
0.000684043
0.000593658
0.000482317
0.000373234
0.000271411
0.000172539
9.10146e-05
5.18462e-05
6.39926e-05
0.000115196
0.00018956
0.000274934
0.000739535
0.000731164
0.000684043
0.000593658
0.000482317
0.000373234
0.000271411
0.000172539
9.10146e-05
5.18462e-05
6.39926e-05
0.000115196
0.00018956
0.000274934
0.000739535
0.000731164
0.000684043
0.000593658
0.000482317
0.000373234
0.000271411
0.000172539
9.10146e-05
5.18462e-05
6.39926e-05
0.000115196
0.00018956
0.000274934
0.000739535
0.000731164
0.000684043
0.000593658
0.000482317
0.000373234
0.000271411
0.000172539
9.10146e-05
5.18462e-05
6.39926e-05
0.000115196
0.00018956
0.000274934
0.000739535
0.000731164
0.000684043
0.000593658
0.000482317
0.000373234
0.000271411
0.000172539
9.10146e-05
5.18462e-05
6.39926e-05
0.000115196
0.00018956
0.000274934
0.000739535
0.000731164
0.000684043
0.000593658
0.000482317
0.000373234
0.000271411
0.000172539
9.10146e-05
5.18462e-05
6.39926e-05
0.000115196
0.00018956
0.000274934
0.000739535
0.000731164
0.000684043
0.000593658
0.000482317
0.000373234
0.000271411
0.000172539
9.10146e-05
5.18462e-05
6.39926e-05
0.000115196
0.00018956
0.000274934
0.000739535
0.000731164
0.000684043
0.000593658
0.000482317
0.000373234
0.000271411
0.000172539
9.10146e-05
5.18462e-05
6.39926e-05
0.000115196
0.00018956
0.000274934
0.000739535
0.000731164
0.000684043
0.000593658
0.000482317
0.000373234
0.000271411
0.000172539
9.10146e-05
5.18462e-05
6.39926e-05
0.000115196
0.00018956
0.000274934
0.000739535
0.000731164
0.000684043
0.000593658
0.000482317
0.000373234
0.000271411
0.000172539
9.10146e-05
5.18462e-05
6.39926e-05
0.000115196
0.00018956
0.000274934
0.000739535
0.000731164
0.000684043
0.000593658
0.000482317
0.000373234
0.000271411
0.000172539
9.10146e-05
5.18462e-05
6.39926e-05
0.000115196
0.00018956
0.000274934
0.000739535
0.000731164
0.000684043
0.000593658
0.000482317
0.000373234
0.000271411
0.000172539
9.10146e-05
5.18462e-05
6.39926e-05
0.000115196
0.00018956
0.000274934
0.000739535
0.000731164
0.000684043
0.000593658
0.000482317
0.000373234
0.000271411
0.000172539
9.10146e-05
5.18462e-05
6.39926e-05
0.000115196
0.00018956
0.000274934
0.000739535
0.000731164
0.000684043
0.000593658
0.000482317
0.000373234
0.000271411
0.000172539
9.10146e-05
5.18462e-05
6.39926e-05
0.000115196
0.00018956
0.000274934
0.000739535
0.000731164
0.000684043
0.000593658
0.000482317
0.000373234
0.000271411
0.000172539
9.10146e-05
5.18462e-05
6.39926e-05
0.000115196
0.00018956
0.000274934
0.000739535
0.000731164
0.000684043
0.000593658
0.000482317
0.000373234
0.000271411
0.000172539
9.10146e-05
5.18462e-05
6.39926e-05
0.000115196
0.00018956
0.000274934
0.000739535
0.000731164
0.000684043
0.000593658
0.000482317
0.000373234
0.000271411
0.000172539
9.10146e-05
5.18462e-05
6.39926e-05
0.000115196
0.00018956
0.000274934
0.000739535
0.000731164
0.000684043
0.000593658
0.000482317
0.000373234
0.000271411
0.000172539
9.10146e-05
5.18462e-05
6.39926e-05
0.000115196
0.00018956
0.000274934
0.000739535
0.000731164
0.000684043
0.000593658
0.000482317
0.000373234
0.000271411
0.000172539
9.10146e-05
5.18462e-05
6.39926e-05
0.000115196
0.00018956
0.000274934
0.000739535
0.000731164
0.000684043
0.000593658
0.000482317
0.000373234
0.000271411
0.000172539
9.10146e-05
5.18462e-05
6.39926e-05
0.000115196
0.00018956
0.000274934
0.000739535
0.000731164
0.000684043
0.000593658
0.000482317
0.000373234
0.000271411
0.000172539
9.10146e-05
5.18462e-05
6.39926e-05
0.000115196
0.00018956
0.000274934
0.000739535
0.000731164
0.000684043
0.000593658
0.000482317
0.000373234
0.000271411
0.000172539
9.10146e-05
5.18462e-05
6.39926e-05
0.000115196
0.00018956
0.000274934
0.000739535
0.000731164
0.000684043
0.000593658
0.000482317
0.000373234
0.000271411
0.000172539
9.10146e-05
5.18462e-05
6.39926e-05
0.000115196
0.00018956
0.000274934
0.000739535
0.000731164
0.000684043
0.000593658
0.000482317
0.000373234
0.000271411
0.000172539
9.10146e-05
5.18462e-05
6.39926e-05
0.000115196
0.00018956
0.000274934
0.000739535
0.000731164
0.000684043
0.000593658
0.000482317
0.000373234
0.000271411
0.000172539
9.10146e-05
5.18462e-05
6.39926e-05
0.000115196
0.00018956
0.000274934
0.000739535
0.000731164
0.000684043
0.000593658
0.000482317
0.000373234
0.000271411
0.000172539
9.10146e-05
5.18462e-05
6.39926e-05
0.000115196
0.00018956
0.000274934
0.000739535
0.000731164
0.000684043
0.000593658
0.000482317
0.000373234
0.000271411
0.000172539
9.10146e-05
5.18462e-05
6.39926e-05
0.000115196
0.00018956
0.000274934
0.000739535
0.000731164
0.000684043
0.000593658
0.000482317
0.000373234
0.000271411
0.000172539
9.10146e-05
5.18462e-05
6.39926e-05
0.000115196
0.00018956
0.000274934
0.000739535
0.000731164
0.000684043
0.000593658
0.000482317
0.000373234
0.000271411
0.000172539
9.10146e-05
5.18462e-05
6.39926e-05
0.000115196
0.00018956
0.000274934
0.000739535
0.000731164
0.000684043
0.000593658
0.000482317
0.000373234
0.000271411
0.000172539
9.10146e-05
5.18462e-05
6.39926e-05
0.000115196
0.00018956
0.000274934
0.000739535
0.000731164
0.000684043
0.000593658
0.000482317
0.000373234
0.000271411
0.000172539
9.10146e-05
5.18462e-05
6.39926e-05
0.000115196
0.00018956
0.000274934
0.000739535
0.000731164
0.000684043
0.000593658
0.000482317
0.000373234
0.000271411
0.000172539
9.10146e-05
5.18462e-05
6.39926e-05
0.000115196
0.00018956
0.000274934
0.000739535
0.000731164
0.000684043
0.000593658
0.000482317
0.000373234
0.000271411
0.000172539
9.10146e-05
5.18462e-05
6.39926e-05
0.000115196
0.00018956
0.000274934
0.000739535
0.000731164
0.000684043
0.000593658
0.000482317
0.000373234
0.000271411
0.000172539
9.10146e-05
5.18462e-05
6.39926e-05
0.000115196
0.00018956
0.000274934
0.000739535
0.000731164
0.000684043
0.000593658
0.000482317
0.000373234
0.000271411
0.000172539
9.10146e-05
5.18462e-05
6.39926e-05
0.000115196
0.00018956
0.000274934
0.000493024
0.000487442
0.000456026
0.000395767
0.000321541
0.000248827
0.000180957
0.000115052
6.07023e-05
3.45755e-05
4.2645e-05
7.6743e-05
0.000126279
0.000183163
0.000493024
0.000487081
0.000455224
0.00039612
0.000322639
0.000242533
0.000150432
5.88401e-05
1.56288e-05
3.05763e-05
9.84988e-07
3.32154e-05
7.43345e-05
0.000154673
0.000493024
0.000487629
0.000457123
0.000398204
0.000326456
0.000258026
0.000191967
0.000121198
5.99736e-05
3.24571e-05
4.14654e-05
7.13081e-05
0.000119214
0.000186528
0.000493024
0.000487582
0.000456803
0.000397522
0.000325059
0.000255156
0.000189027
0.000121555
6.34912e-05
3.47816e-05
4.23257e-05
7.59579e-05
0.000125059
0.000185225
0.000493024
0.00048752
0.00045646
0.000396772
0.000323558
0.000252365
0.000185449
0.000118859
6.2659e-05
3.50208e-05
4.25911e-05
7.6543e-05
0.000126015
0.000184397
0.000493024
0.000487483
0.000456253
0.0003963
0.000322612
0.000250685
0.000183304
0.000117071
6.18002e-05
3.48818e-05
4.26528e-05
7.66819e-05
0.000126221
0.000183843
0.000493024
0.000487463
0.000456142
0.000396041
0.000322092
0.000249777
0.000182155
0.000116088
6.12789e-05
3.47492e-05
4.26585e-05
7.67218e-05
0.000126267
0.000183521
0.000493024
0.000487452
0.000456084
0.000395906
0.00032182
0.000249307
0.000181562
0.000115576
6.09973e-05
3.46674e-05
4.26542e-05
7.67348e-05
0.000126278
0.000183346
0.000493024
0.000487447
0.000456055
0.000395837
0.000321681
0.000249068
0.000181261
0.000115316
6.08514e-05
3.46227e-05
4.26503e-05
7.67395e-05
0.00012628
0.000183256
0.000493024
0.000487445
0.00045604
0.000395802
0.000321611
0.000248948
0.000181109
0.000115184
6.07773e-05
3.45994e-05
4.26478e-05
7.67414e-05
0.00012628
0.00018321
0.000493024
0.000487443
0.000456033
0.000395784
0.000321576
0.000248887
0.000181033
0.000115118
6.07399e-05
3.45876e-05
4.26464e-05
7.67422e-05
0.00012628
0.000183186
0.000493024
0.000487443
0.000456029
0.000395775
0.000321558
0.000248857
0.000180995
0.000115085
6.07212e-05
3.45816e-05
4.26457e-05
7.67426e-05
0.00012628
0.000183175
0.000493024
0.000487442
0.000456027
0.000395771
0.000321549
0.000248842
0.000180976
0.000115069
6.07118e-05
3.45785e-05
4.26453e-05
7.67428e-05
0.00012628
0.000183169
0.000493024
0.000487442
0.000456027
0.000395769
0.000321545
0.000248834
0.000180967
0.00011506
6.0707e-05
3.4577e-05
4.26452e-05
7.67429e-05
0.000126279
0.000183166
0.000493024
0.000487442
0.000456026
0.000395768
0.000321543
0.00024883
0.000180962
0.000115056
6.07047e-05
3.45763e-05
4.26451e-05
7.67429e-05
0.000126279
0.000183164
0.000493024
0.000487442
0.000456026
0.000395767
0.000321542
0.000248828
0.000180959
0.000115054
6.07035e-05
3.45759e-05
4.2645e-05
7.67429e-05
0.000126279
0.000183164
0.000493024
0.000487442
0.000456026
0.000395767
0.000321541
0.000248827
0.000180958
0.000115053
6.07029e-05
3.45757e-05
4.2645e-05
7.6743e-05
0.000126279
0.000183163
0.000493024
0.000487442
0.000456026
0.000395767
0.000321541
0.000248827
0.000180958
0.000115053
6.07026e-05
3.45756e-05
4.2645e-05
7.6743e-05
0.000126279
0.000183163
0.000493024
0.000487442
0.000456026
0.000395767
0.000321541
0.000248827
0.000180957
0.000115052
6.07025e-05
3.45756e-05
4.2645e-05
7.6743e-05
0.000126279
0.000183163
0.000493024
0.000487442
0.000456026
0.000395767
0.000321541
0.000248827
0.000180957
0.000115052
6.07024e-05
3.45755e-05
4.2645e-05
7.6743e-05
0.000126279
0.000183163
0.000493024
0.000487442
0.000456026
0.000395767
0.000321541
0.000248827
0.000180957
0.000115052
6.07024e-05
3.45755e-05
4.2645e-05
7.6743e-05
0.000126279
0.000183163
0.000493024
0.000487442
0.000456026
0.000395767
0.000321541
0.000248827
0.000180957
0.000115052
6.07024e-05
3.45755e-05
4.2645e-05
7.6743e-05
0.000126279
0.000183163
0.000493024
0.000487442
0.000456026
0.000395767
0.000321541
0.000248827
0.000180957
0.000115052
6.07023e-05
3.45755e-05
4.2645e-05
7.6743e-05
0.000126279
0.000183163
0.000493024
0.000487442
0.000456026
0.000395767
0.000321541
0.000248827
0.000180957
0.000115052
6.07023e-05
3.45755e-05
4.2645e-05
7.6743e-05
0.000126279
0.000183163
0.000493024
0.000487442
0.000456026
0.000395767
0.000321541
0.000248827
0.000180957
0.000115052
6.07023e-05
3.45755e-05
4.2645e-05
7.6743e-05
0.000126279
0.000183163
0.000493024
0.000487442
0.000456026
0.000395767
0.000321541
0.000248827
0.000180957
0.000115052
6.07023e-05
3.45755e-05
4.2645e-05
7.6743e-05
0.000126279
0.000183163
0.000493024
0.000487442
0.000456026
0.000395767
0.000321541
0.000248827
0.000180957
0.000115052
6.07023e-05
3.45755e-05
4.2645e-05
7.6743e-05
0.000126279
0.000183163
0.000493024
0.000487442
0.000456026
0.000395767
0.000321541
0.000248827
0.000180957
0.000115052
6.07023e-05
3.45755e-05
4.2645e-05
7.6743e-05
0.000126279
0.000183163
0.000493024
0.000487442
0.000456026
0.000395767
0.000321541
0.000248827
0.000180957
0.000115052
6.07023e-05
3.45755e-05
4.2645e-05
7.6743e-05
0.000126279
0.000183163
0.000493024
0.000487442
0.000456026
0.000395767
0.000321541
0.000248827
0.000180957
0.000115052
6.07023e-05
3.45755e-05
4.2645e-05
7.6743e-05
0.000126279
0.000183163
0.000493024
0.000487442
0.000456026
0.000395767
0.000321541
0.000248827
0.000180957
0.000115052
6.07023e-05
3.45755e-05
4.2645e-05
7.6743e-05
0.000126279
0.000183163
0.000493024
0.000487442
0.000456026
0.000395767
0.000321541
0.000248827
0.000180957
0.000115052
6.07023e-05
3.45755e-05
4.2645e-05
7.6743e-05
0.000126279
0.000183163
0.000493024
0.000487442
0.000456026
0.000395767
0.000321541
0.000248827
0.000180957
0.000115052
6.07023e-05
3.45755e-05
4.2645e-05
7.6743e-05
0.000126279
0.000183163
0.000493024
0.000487442
0.000456026
0.000395767
0.000321541
0.000248827
0.000180957
0.000115052
6.07023e-05
3.45755e-05
4.2645e-05
7.6743e-05
0.000126279
0.000183163
0.000493024
0.000487442
0.000456026
0.000395767
0.000321541
0.000248827
0.000180957
0.000115052
6.07023e-05
3.45755e-05
4.2645e-05
7.6743e-05
0.000126279
0.000183163
0.000493024
0.000487442
0.000456026
0.000395767
0.000321541
0.000248827
0.000180957
0.000115052
6.07023e-05
3.45755e-05
4.2645e-05
7.6743e-05
0.000126279
0.000183163
0.000493024
0.000487442
0.000456026
0.000395767
0.000321541
0.000248827
0.000180957
0.000115052
6.07023e-05
3.45755e-05
4.2645e-05
7.6743e-05
0.000126279
0.000183163
0.000493024
0.000487442
0.000456026
0.000395767
0.000321541
0.000248827
0.000180957
0.000115052
6.07023e-05
3.45755e-05
4.2645e-05
7.6743e-05
0.000126279
0.000183163
0.000493024
0.000487442
0.000456026
0.000395767
0.000321541
0.000248827
0.000180957
0.000115052
6.07023e-05
3.45755e-05
4.2645e-05
7.6743e-05
0.000126279
0.000183163
0.000493024
0.000487442
0.000456026
0.000395767
0.000321541
0.000248827
0.000180957
0.000115052
6.07023e-05
3.45755e-05
4.2645e-05
7.6743e-05
0.000126279
0.000183163
0.000493024
0.000487442
0.000456026
0.000395767
0.000321541
0.000248827
0.000180957
0.000115052
6.07023e-05
3.45755e-05
4.2645e-05
7.6743e-05
0.000126279
0.000183163
0.000493024
0.000487442
0.000456026
0.000395767
0.000321541
0.000248827
0.000180957
0.000115052
6.07023e-05
3.45755e-05
4.2645e-05
7.6743e-05
0.000126279
0.000183163
0.000493024
0.000487442
0.000456026
0.000395767
0.000321541
0.000248827
0.000180957
0.000115052
6.07023e-05
3.45755e-05
4.2645e-05
7.6743e-05
0.000126279
0.000183163
0.000493024
0.000487442
0.000456026
0.000395767
0.000321541
0.000248827
0.000180957
0.000115052
6.07023e-05
3.45755e-05
4.2645e-05
7.6743e-05
0.000126279
0.000183163
0.000493024
0.000487442
0.000456026
0.000395767
0.000321541
0.000248827
0.000180957
0.000115052
6.07023e-05
3.45755e-05
4.2645e-05
7.6743e-05
0.000126279
0.000183163
0.000493024
0.000487442
0.000456026
0.000395767
0.000321541
0.000248827
0.000180957
0.000115052
6.07023e-05
3.45755e-05
4.2645e-05
7.6743e-05
0.000126279
0.000183163
0.000493024
0.000487442
0.000456026
0.000395767
0.000321541
0.000248827
0.000180957
0.000115052
6.07023e-05
3.45755e-05
4.2645e-05
7.6743e-05
0.000126279
0.000183163
0.000493024
0.000487442
0.000456026
0.000395767
0.000321541
0.000248827
0.000180957
0.000115052
6.07023e-05
3.45755e-05
4.2645e-05
7.6743e-05
0.000126279
0.000183163
0.000493024
0.000487442
0.000456026
0.000395767
0.000321541
0.000248827
0.000180957
0.000115052
6.07023e-05
3.45755e-05
4.2645e-05
7.6743e-05
0.000126279
0.000183163
0.000493024
0.000487442
0.000456026
0.000395767
0.000321541
0.000248827
0.000180957
0.000115052
6.07023e-05
3.45755e-05
4.2645e-05
7.6743e-05
0.000126279
0.000183163
0.000493024
0.000487442
0.000456026
0.000395767
0.000321541
0.000248827
0.000180957
0.000115052
6.07023e-05
3.45755e-05
4.2645e-05
7.6743e-05
0.000126279
0.000183163
0.000493024
0.000487442
0.000456026
0.000395767
0.000321541
0.000248827
0.000180957
0.000115052
6.07023e-05
3.45755e-05
4.2645e-05
7.6743e-05
0.000126279
0.000183163
0.000493024
0.000487442
0.000456026
0.000395767
0.000321541
0.000248827
0.000180957
0.000115052
6.07023e-05
3.45755e-05
4.2645e-05
7.6743e-05
0.000126279
0.000183163
0.000493024
0.000487442
0.000456026
0.000395767
0.000321541
0.000248827
0.000180957
0.000115052
6.07023e-05
3.45755e-05
4.2645e-05
7.6743e-05
0.000126279
0.000183163
0.000493024
0.000487442
0.000456026
0.000395767
0.000321541
0.000248827
0.000180957
0.000115052
6.07023e-05
3.45755e-05
4.2645e-05
7.6743e-05
0.000126279
0.000183163
0.000493024
0.000487442
0.000456026
0.000395767
0.000321541
0.000248827
0.000180957
0.000115052
6.07023e-05
3.45755e-05
4.2645e-05
7.6743e-05
0.000126279
0.000183163
0.000493024
0.000487442
0.000456026
0.000395767
0.000321541
0.000248827
0.000180957
0.000115052
6.07023e-05
3.45755e-05
4.2645e-05
7.6743e-05
0.000126279
0.000183163
0.000493024
0.000487442
0.000456026
0.000395767
0.000321541
0.000248827
0.000180957
0.000115052
6.07023e-05
3.45755e-05
4.2645e-05
7.6743e-05
0.000126279
0.000183163
0.000493024
0.000487442
0.000456026
0.000395767
0.000321541
0.000248827
0.000180957
0.000115052
6.07023e-05
3.45755e-05
4.2645e-05
7.6743e-05
0.000126279
0.000183163
0.000493024
0.000487442
0.000456026
0.000395767
0.000321541
0.000248827
0.000180957
0.000115052
6.07023e-05
3.45755e-05
4.2645e-05
7.6743e-05
0.000126279
0.000183163
0.000493024
0.000487442
0.000456026
0.000395767
0.000321541
0.000248827
0.000180957
0.000115052
6.07023e-05
3.45755e-05
4.2645e-05
7.6743e-05
0.000126279
0.000183163
0.000493024
0.000487442
0.000456026
0.000395767
0.000321541
0.000248827
0.000180957
0.000115052
6.07023e-05
3.45755e-05
4.2645e-05
7.6743e-05
0.000126279
0.000183163
0.000493024
0.000487442
0.000456026
0.000395767
0.000321541
0.000248827
0.000180957
0.000115052
6.07023e-05
3.45755e-05
4.2645e-05
7.6743e-05
0.000126279
0.000183163
0.000493024
0.000487442
0.000456026
0.000395767
0.000321541
0.000248827
0.000180957
0.000115052
6.07023e-05
3.45755e-05
4.2645e-05
7.6743e-05
0.000126279
0.000183163
0.000493024
0.000487442
0.000456026
0.000395767
0.000321541
0.000248827
0.000180957
0.000115052
6.07023e-05
3.45755e-05
4.2645e-05
7.6743e-05
0.000126279
0.000183163
0.000493024
0.000487442
0.000456026
0.000395767
0.000321541
0.000248827
0.000180957
0.000115052
6.07023e-05
3.45755e-05
4.2645e-05
7.6743e-05
0.000126279
0.000183163
0.000493024
0.000487442
0.000456026
0.000395767
0.000321541
0.000248827
0.000180957
0.000115052
6.07023e-05
3.45755e-05
4.2645e-05
7.6743e-05
0.000126279
0.000183163
0.000493024
0.000487442
0.000456026
0.000395767
0.000321541
0.000248827
0.000180957
0.000115052
6.07023e-05
3.45755e-05
4.2645e-05
7.6743e-05
0.000126279
0.000183163
0.000493024
0.000487442
0.000456026
0.000395767
0.000321541
0.000248827
0.000180957
0.000115052
6.07023e-05
3.45755e-05
4.2645e-05
7.6743e-05
0.000126279
0.000183163
0.000493024
0.000487442
0.000456026
0.000395767
0.000321541
0.000248827
0.000180957
0.000115052
6.07023e-05
3.45755e-05
4.2645e-05
7.6743e-05
0.000126279
0.000183163
0.000493024
0.000487442
0.000456026
0.000395767
0.000321541
0.000248827
0.000180957
0.000115052
6.07023e-05
3.45755e-05
4.2645e-05
7.6743e-05
0.000126279
0.000183163
0.000493024
0.000487442
0.000456026
0.000395767
0.000321541
0.000248827
0.000180957
0.000115052
6.07023e-05
3.45755e-05
4.2645e-05
7.6743e-05
0.000126279
0.000183163
0.000493024
0.000487442
0.000456026
0.000395767
0.000321541
0.000248827
0.000180957
0.000115052
6.07023e-05
3.45755e-05
4.2645e-05
7.6743e-05
0.000126279
0.000183163
0.000493024
0.000487442
0.000456026
0.000395767
0.000321541
0.000248827
0.000180957
0.000115052
6.07023e-05
3.45755e-05
4.2645e-05
7.6743e-05
0.000126279
0.000183163
0.000493024
0.000487442
0.000456026
0.000395767
0.000321541
0.000248827
0.000180957
0.000115052
6.07023e-05
3.45755e-05
4.2645e-05
7.6743e-05
0.000126279
0.000183163
0.000493024
0.000487442
0.000456026
0.000395767
0.000321541
0.000248827
0.000180957
0.000115052
6.07023e-05
3.45755e-05
4.2645e-05
7.6743e-05
0.000126279
0.000183163
0.000493024
0.000487442
0.000456026
0.000395767
0.000321541
0.000248827
0.000180957
0.000115052
6.07023e-05
3.45755e-05
4.2645e-05
7.6743e-05
0.000126279
0.000183163
0.000493024
0.000487442
0.000456026
0.000395767
0.000321541
0.000248827
0.000180957
0.000115052
6.07023e-05
3.45755e-05
4.2645e-05
7.6743e-05
0.000126279
0.000183163
0.000493024
0.000487442
0.000456026
0.000395767
0.000321541
0.000248827
0.000180957
0.000115052
6.07023e-05
3.45755e-05
4.2645e-05
7.6743e-05
0.000126279
0.000183163
0.000493024
0.000487442
0.000456026
0.000395767
0.000321541
0.000248827
0.000180957
0.000115052
6.07023e-05
3.45755e-05
4.2645e-05
7.6743e-05
0.000126279
0.000183163
0.000493024
0.000487442
0.000456026
0.000395767
0.000321541
0.000248827
0.000180957
0.000115052
6.07023e-05
3.45755e-05
4.2645e-05
7.6743e-05
0.000126279
0.000183163
0.000493024
0.000487442
0.000456026
0.000395767
0.000321541
0.000248827
0.000180957
0.000115052
6.07023e-05
3.45755e-05
4.2645e-05
7.6743e-05
0.000126279
0.000183163
0.000493024
0.000487442
0.000456026
0.000395767
0.000321541
0.000248827
0.000180957
0.000115052
6.07023e-05
3.45755e-05
4.2645e-05
7.6743e-05
0.000126279
0.000183163
0.000493024
0.000487442
0.000456026
0.000395767
0.000321541
0.000248827
0.000180957
0.000115052
6.07023e-05
3.45755e-05
4.2645e-05
7.6743e-05
0.000126279
0.000183163
0.000493024
0.000487442
0.000456026
0.000395767
0.000321541
0.000248827
0.000180957
0.000115052
6.07023e-05
3.45755e-05
4.2645e-05
7.6743e-05
0.000126279
0.000183163
0.000493024
0.000487442
0.000456026
0.000395767
0.000321541
0.000248827
0.000180957
0.000115052
6.07023e-05
3.45755e-05
4.2645e-05
7.6743e-05
0.000126279
0.000183163
0.000493024
0.000487442
0.000456026
0.000395767
0.000321541
0.000248827
0.000180957
0.000115052
6.07023e-05
3.45755e-05
4.2645e-05
7.6743e-05
0.000126279
0.000183163
0.000493024
0.000487442
0.000456026
0.000395767
0.000321541
0.000248827
0.000180957
0.000115052
6.07023e-05
3.45755e-05
4.2645e-05
7.6743e-05
0.000126279
0.000183163
0.000493024
0.000487442
0.000456026
0.000395767
0.000321541
0.000248827
0.000180957
0.000115052
6.07023e-05
3.45755e-05
4.2645e-05
7.6743e-05
0.000126279
0.000183163
0.000493024
0.000487442
0.000456026
0.000395767
0.000321541
0.000248827
0.000180957
0.000115052
6.07023e-05
3.45755e-05
4.2645e-05
7.6743e-05
0.000126279
0.000183163
0.000493024
0.000487442
0.000456026
0.000395767
0.000321541
0.000248827
0.000180957
0.000115052
6.07023e-05
3.45755e-05
4.2645e-05
7.6743e-05
0.000126279
0.000183163
0.000493024
0.000487442
0.000456026
0.000395767
0.000321541
0.000248827
0.000180957
0.000115052
6.07023e-05
3.45755e-05
4.2645e-05
7.6743e-05
0.000126279
0.000183163
0.000493024
0.000487442
0.000456026
0.000395767
0.000321541
0.000248827
0.000180957
0.000115052
6.07023e-05
3.45755e-05
4.2645e-05
7.6743e-05
0.000126279
0.000183163
0.000493024
0.000487442
0.000456026
0.000395767
0.000321541
0.000248827
0.000180957
0.000115052
6.07023e-05
3.45755e-05
4.2645e-05
7.6743e-05
0.000126279
0.000183163
0.000493024
0.000487442
0.000456026
0.000395767
0.000321541
0.000248827
0.000180957
0.000115052
6.07023e-05
3.45755e-05
4.2645e-05
7.6743e-05
0.000126279
0.000183163
0.000493024
0.000487442
0.000456026
0.000395767
0.000321541
0.000248827
0.000180957
0.000115052
6.07023e-05
3.45755e-05
4.2645e-05
7.6743e-05
0.000126279
0.000183163
0.000493024
0.000487442
0.000456026
0.000395767
0.000321541
0.000248827
0.000180957
0.000115052
6.07023e-05
3.45755e-05
4.2645e-05
7.6743e-05
0.000126279
0.000183163
0.000493024
0.000487442
0.000456026
0.000395767
0.000321541
0.000248827
0.000180957
0.000115052
6.07023e-05
3.45755e-05
4.2645e-05
7.6743e-05
0.000126279
0.000183163
0.000493024
0.000487442
0.000456026
0.000395767
0.000321541
0.000248827
0.000180957
0.000115052
6.07023e-05
3.45755e-05
4.2645e-05
7.6743e-05
0.000126279
0.000183163
0.000493024
0.000487442
0.000456026
0.000395767
0.000321541
0.000248827
0.000180957
0.000115052
6.07023e-05
3.45755e-05
4.2645e-05
7.6743e-05
0.000126279
0.000183163
0.000493024
0.000487442
0.000456026
0.000395767
0.000321541
0.000248827
0.000180957
0.000115052
6.07023e-05
3.45755e-05
4.2645e-05
7.6743e-05
0.000126279
0.000183163
0.000493024
0.000487442
0.000456026
0.000395767
0.000321541
0.000248827
0.000180957
0.000115052
6.07023e-05
3.45755e-05
4.2645e-05
7.6743e-05
0.000126279
0.000183163
0.000493024
0.000487442
0.000456026
0.000395767
0.000321541
0.000248827
0.000180957
0.000115052
6.07023e-05
3.45755e-05
4.2645e-05
7.6743e-05
0.000126279
0.000183163
0.000493024
0.000487442
0.000456026
0.000395767
0.000321541
0.000248827
0.000180957
0.000115052
6.07023e-05
3.45755e-05
4.2645e-05
7.6743e-05
0.000126279
0.000183163
0.000493024
0.000487442
0.000456026
0.000395767
0.000321541
0.000248827
0.000180957
0.000115052
6.07023e-05
3.45755e-05
4.2645e-05
7.6743e-05
0.000126279
0.000183163
0.000493024
0.000487442
0.000456026
0.000395767
0.000321541
0.000248827
0.000180957
0.000115052
6.07023e-05
3.45755e-05
4.2645e-05
7.6743e-05
0.000126279
0.000183163
0.000493024
0.000487442
0.000456026
0.000395767
0.000321541
0.000248827
0.000180957
0.000115052
6.07023e-05
3.45755e-05
4.2645e-05
7.6743e-05
0.000126279
0.000183163
0.000493024
0.000487442
0.000456026
0.000395767
0.000321541
0.000248827
0.000180957
0.000115052
6.07023e-05
3.45755e-05
4.2645e-05
7.6743e-05
0.000126279
0.000183163
0.000493024
0.000487442
0.000456026
0.000395767
0.000321541
0.000248827
0.000180957
0.000115052
6.07023e-05
3.45755e-05
4.2645e-05
7.6743e-05
0.000126279
0.000183163
0.000493024
0.000487442
0.000456026
0.000395767
0.000321541
0.000248827
0.000180957
0.000115052
6.07023e-05
3.45755e-05
4.2645e-05
7.6743e-05
0.000126279
0.000183163
0.000493024
0.000487442
0.000456026
0.000395767
0.000321541
0.000248827
0.000180957
0.000115052
6.07023e-05
3.45755e-05
4.2645e-05
7.6743e-05
0.000126279
0.000183163
0.000493024
0.000487442
0.000456026
0.000395767
0.000321541
0.000248827
0.000180957
0.000115052
6.07023e-05
3.45755e-05
4.2645e-05
7.6743e-05
0.000126279
0.000183163
0.000493024
0.000487442
0.000456026
0.000395767
0.000321541
0.000248827
0.000180957
0.000115052
6.07023e-05
3.45755e-05
4.2645e-05
7.6743e-05
0.000126279
0.000183163
0.000493024
0.000487442
0.000456026
0.000395767
0.000321541
0.000248827
0.000180957
0.000115052
6.07023e-05
3.45755e-05
4.2645e-05
7.6743e-05
0.000126279
0.000183163
0.000493024
0.000487442
0.000456026
0.000395767
0.000321541
0.000248827
0.000180957
0.000115052
6.07023e-05
3.45755e-05
4.2645e-05
7.6743e-05
0.000126279
0.000183163
0.000493024
0.000487442
0.000456026
0.000395767
0.000321541
0.000248827
0.000180957
0.000115052
6.07023e-05
3.45755e-05
4.2645e-05
7.6743e-05
0.000126279
0.000183163
0.000493024
0.000487442
0.000456026
0.000395767
0.000321541
0.000248827
0.000180957
0.000115052
6.07023e-05
3.45755e-05
4.2645e-05
7.6743e-05
0.000126279
0.000183163
0.000493024
0.000487442
0.000456026
0.000395767
0.000321541
0.000248827
0.000180957
0.000115052
6.07023e-05
3.45755e-05
4.2645e-05
7.6743e-05
0.000126279
0.000183163
0.000493024
0.000487442
0.000456026
0.000395767
0.000321541
0.000248827
0.000180957
0.000115052
6.07023e-05
3.45755e-05
4.2645e-05
7.6743e-05
0.000126279
0.000183163
0.000493024
0.000487442
0.000456026
0.000395767
0.000321541
0.000248827
0.000180957
0.000115052
6.07023e-05
3.45755e-05
4.2645e-05
7.6743e-05
0.000126279
0.000183163
0.000493024
0.000487442
0.000456026
0.000395767
0.000321541
0.000248827
0.000180957
0.000115052
6.07023e-05
3.45755e-05
4.2645e-05
7.6743e-05
0.000126279
0.000183163
