7.96926
7.96986
7.97381
7.98392
8.00239
8.03101
8.07101
8.12329
8.18842
8.26671
8.35793
8.46205
8.57814
8.7053
8.84278
8.98888
9.14202
9.30039
9.46177
9.62422
9.78524
9.94229
10.093
10.2347
10.3653
10.4823
10.5841
10.669
10.7357
10.7834
10.8119
10.8211
10.8114
10.7835
10.7384
10.6773
10.6017
10.5132
10.4134
10.3041
10.1871
10.064
9.9366
9.80646
9.67494
9.54392
9.41411
9.28718
9.16375
9.04537
8.93247
8.82594
8.72633
8.63459
8.55084
8.47565
8.40928
8.35227
8.30466
8.26667
8.2386
8.22044
8.21228
8.21406
8.22566
8.24689
8.27729
8.31652
8.36392
8.41876
8.4801
8.54698
8.61819
8.69212
8.76749
8.84254
8.91542
8.98428
9.04695
9.10132
9.14534
9.17652
9.193
9.19261
9.17339
9.13355
9.0714
8.9858
8.87526
8.73937
8.57742
8.38929
8.17521
7.93587
7.67217
7.38555
7.07774
6.75084
6.40727
6.04971
5.681
5.30428
4.92272
4.53946
4.15758
3.78048
3.41142
3.05325
2.70878
2.38068
2.07064
1.781
1.5136
1.26963
1.04942
0.853515
0.681948
0.533978
0.409163
0.305611
0.222102
0.156405
0.10638
0.0696199
0.0437552
0.0264378
0.0156115
0.00964021
