0.00310065
0.00308148
0.00293056
0.0024617
0.00162978
0.000758682
0.000174357
0.000126099
0.000209014
9.0925e-05
0.000158097
0.000421408
0.000624621
0.000749582
0.00310065
0.00307052
0.00284079
0.00214601
0.000868452
0.000605223
0.00169973
0.00211576
0.00167436
0.000429237
0.000984078
0.00171735
0.0011177
0.000952401
0.00310065
0.00307247
0.00287006
0.00228625
0.0012779
0.00021561
0.00051179
0.000857821
0.000846097
0.000482286
8.81339e-05
0.000579355
0.000739758
0.000438876
0.00310065
0.00307666
0.00289903
0.00237323
0.00145882
0.000504646
0.000136718
0.000454182
0.000503876
0.000300473
6.36952e-05
0.000418932
0.000625805
0.000617998
0.00310065
0.00307903
0.00291468
0.00241758
0.00154549
0.000634946
2.46021e-05
0.000283119
0.000351437
0.000196948
0.000101072
0.000404732
0.000612338
0.000684148
0.00310065
0.00308025
0.00292261
0.0024397
0.00158793
0.000697537
0.000100716
0.000203097
0.000279093
0.000144081
0.000127605
0.000409757
0.000615512
0.000716562
0.00310065
0.00308087
0.00292659
0.00245072
0.00160893
0.00072828
0.000137823
0.000164247
0.000243785
0.000117523
0.000142407
0.000414817
0.000619359
0.000732961
0.00310065
0.00308118
0.00292857
0.00245621
0.00161937
0.000743522
0.000156159
0.000145088
0.000226334
0.000104227
0.000150147
0.000417929
0.000621817
0.00074124
0.00310065
0.00308133
0.00292957
0.00245896
0.00162458
0.000751112
0.000165275
0.000135573
0.000217658
9.75768e-05
0.000154096
0.000419624
0.000623176
0.000745403
0.00310065
0.00308141
0.00293007
0.00246033
0.00162718
0.0007549
0.00016982
0.000130831
0.000213332
9.42511e-05
0.00015609
0.000420505
0.000623888
0.00074749
0.00310065
0.00308145
0.00293032
0.00246102
0.00162848
0.000756791
0.00017209
0.000128464
0.000211172
9.25881e-05
0.000157092
0.000420954
0.000624252
0.000748535
0.00310065
0.00308147
0.00293044
0.00246136
0.00162913
0.000757737
0.000173224
0.000127281
0.000210092
9.17566e-05
0.000157594
0.00042118
0.000624435
0.000749058
0.00310065
0.00308148
0.0029305
0.00246153
0.00162945
0.000758209
0.00017379
0.00012669
0.000209553
9.13408e-05
0.000157845
0.000421294
0.000624528
0.00074932
0.00310065
0.00308148
0.00293053
0.00246162
0.00162961
0.000758446
0.000174074
0.000126394
0.000209283
9.11329e-05
0.000157971
0.000421351
0.000624574
0.000749451
0.00310065
0.00308148
0.00293055
0.00246166
0.00162969
0.000758564
0.000174215
0.000126247
0.000209148
9.1029e-05
0.000158034
0.00042138
0.000624597
0.000749516
0.00310065
0.00308148
0.00293056
0.00246168
0.00162974
0.000758623
0.000174286
0.000126173
0.000209081
9.0977e-05
0.000158065
0.000421394
0.000624609
0.000749549
0.00310065
0.00308148
0.00293056
0.00246169
0.00162976
0.000758652
0.000174322
0.000126136
0.000209047
9.0951e-05
0.000158081
0.000421401
0.000624615
0.000749565
0.00310065
0.00308148
0.00293056
0.0024617
0.00162977
0.000758667
0.000174339
0.000126117
0.00020903
9.0938e-05
0.000158089
0.000421405
0.000624618
0.000749574
0.00310065
0.00308148
0.00293056
0.0024617
0.00162977
0.000758675
0.000174348
0.000126108
0.000209022
9.09315e-05
0.000158093
0.000421407
0.000624619
0.000749578
0.00310065
0.00308148
0.00293056
0.0024617
0.00162977
0.000758678
0.000174353
0.000126104
0.000209018
9.09283e-05
0.000158095
0.000421407
0.00062462
0.00074958
0.00310065
0.00308148
0.00293056
0.0024617
0.00162977
0.00075868
0.000174355
0.000126101
0.000209016
9.09267e-05
0.000158096
0.000421408
0.00062462
0.000749581
0.00310065
0.00308148
0.00293056
0.0024617
0.00162978
0.000758681
0.000174356
0.0001261
0.000209015
9.09259e-05
0.000158096
0.000421408
0.00062462
0.000749581
0.00310065
0.00308148
0.00293056
0.0024617
0.00162978
0.000758681
0.000174357
0.000126099
0.000209014
9.09255e-05
0.000158097
0.000421408
0.000624621
0.000749581
0.00310065
0.00308148
0.00293056
0.0024617
0.00162978
0.000758682
0.000174357
0.000126099
0.000209014
9.09252e-05
0.000158097
0.000421408
0.000624621
0.000749582
0.00310065
0.00308148
0.00293056
0.0024617
0.00162978
0.000758682
0.000174357
0.000126099
0.000209014
9.09251e-05
0.000158097
0.000421408
0.000624621
0.000749582
0.00310065
0.00308148
0.00293056
0.0024617
0.00162978
0.000758682
0.000174357
0.000126099
0.000209014
9.09251e-05
0.000158097
0.000421408
0.000624621
0.000749582
0.00310065
0.00308148
0.00293056
0.0024617
0.00162978
0.000758682
0.000174357
0.000126099
0.000209014
9.09251e-05
0.000158097
0.000421408
0.000624621
0.000749582
0.00310065
0.00308148
0.00293056
0.0024617
0.00162978
0.000758682
0.000174357
0.000126099
0.000209014
9.09251e-05
0.000158097
0.000421408
0.000624621
0.000749582
0.00310065
0.00308148
0.00293056
0.0024617
0.00162978
0.000758682
0.000174357
0.000126099
0.000209014
9.09251e-05
0.000158097
0.000421408
0.000624621
0.000749582
0.00310065
0.00308148
0.00293056
0.0024617
0.00162978
0.000758682
0.000174357
0.000126099
0.000209014
9.0925e-05
0.000158097
0.000421408
0.000624621
0.000749582
0.00310065
0.00308148
0.00293056
0.0024617
0.00162978
0.000758682
0.000174357
0.000126099
0.000209014
9.0925e-05
0.000158097
0.000421408
0.000624621
0.000749582
0.00310065
0.00308148
0.00293056
0.0024617
0.00162978
0.000758682
0.000174357
0.000126099
0.000209014
9.0925e-05
0.000158097
0.000421408
0.000624621
0.000749582
0.00310065
0.00308148
0.00293056
0.0024617
0.00162978
0.000758682
0.000174357
0.000126099
0.000209014
9.0925e-05
0.000158097
0.000421408
0.000624621
0.000749582
0.00310065
0.00308148
0.00293056
0.0024617
0.00162978
0.000758682
0.000174357
0.000126099
0.000209014
9.0925e-05
0.000158097
0.000421408
0.000624621
0.000749582
0.00310065
0.00308148
0.00293056
0.0024617
0.00162978
0.000758682
0.000174357
0.000126099
0.000209014
9.0925e-05
0.000158097
0.000421408
0.000624621
0.000749582
0.00310065
0.00308148
0.00293056
0.0024617
0.00162978
0.000758682
0.000174357
0.000126099
0.000209014
9.0925e-05
0.000158097
0.000421408
0.000624621
0.000749582
0.00310065
0.00308148
0.00293056
0.0024617
0.00162978
0.000758682
0.000174357
0.000126099
0.000209014
9.0925e-05
0.000158097
0.000421408
0.000624621
0.000749582
0.00310065
0.00308148
0.00293056
0.0024617
0.00162978
0.000758682
0.000174357
0.000126099
0.000209014
9.0925e-05
0.000158097
0.000421408
0.000624621
0.000749582
0.00310065
0.00308148
0.00293056
0.0024617
0.00162978
0.000758682
0.000174357
0.000126099
0.000209014
9.0925e-05
0.000158097
0.000421408
0.000624621
0.000749582
0.00310065
0.00308148
0.00293056
0.0024617
0.00162978
0.000758682
0.000174357
0.000126099
0.000209014
9.0925e-05
0.000158097
0.000421408
0.000624621
0.000749582
0.00310065
0.00308148
0.00293056
0.0024617
0.00162978
0.000758682
0.000174357
0.000126099
0.000209014
9.0925e-05
0.000158097
0.000421408
0.000624621
0.000749582
0.00310065
0.00308148
0.00293056
0.0024617
0.00162978
0.000758682
0.000174357
0.000126099
0.000209014
9.0925e-05
0.000158097
0.000421408
0.000624621
0.000749582
0.00310065
0.00308148
0.00293056
0.0024617
0.00162978
0.000758682
0.000174357
0.000126099
0.000209014
9.0925e-05
0.000158097
0.000421408
0.000624621
0.000749582
0.00310065
0.00308148
0.00293056
0.0024617
0.00162978
0.000758682
0.000174357
0.000126099
0.000209014
9.0925e-05
0.000158097
0.000421408
0.000624621
0.000749582
0.00310065
0.00308148
0.00293056
0.0024617
0.00162978
0.000758682
0.000174357
0.000126099
0.000209014
9.0925e-05
0.000158097
0.000421408
0.000624621
0.000749582
0.00310065
0.00308148
0.00293056
0.0024617
0.00162978
0.000758682
0.000174357
0.000126099
0.000209014
9.0925e-05
0.000158097
0.000421408
0.000624621
0.000749582
0.00310065
0.00308148
0.00293056
0.0024617
0.00162978
0.000758682
0.000174357
0.000126099
0.000209014
9.0925e-05
0.000158097
0.000421408
0.000624621
0.000749582
0.00310065
0.00308148
0.00293056
0.0024617
0.00162978
0.000758682
0.000174357
0.000126099
0.000209014
9.0925e-05
0.000158097
0.000421408
0.000624621
0.000749582
0.00310065
0.00308148
0.00293056
0.0024617
0.00162978
0.000758682
0.000174357
0.000126099
0.000209014
9.0925e-05
0.000158097
0.000421408
0.000624621
0.000749582
0.00310065
0.00308148
0.00293056
0.0024617
0.00162978
0.000758682
0.000174357
0.000126099
0.000209014
9.0925e-05
0.000158097
0.000421408
0.000624621
0.000749582
0.00310065
0.00308148
0.00293056
0.0024617
0.00162978
0.000758682
0.000174357
0.000126099
0.000209014
9.0925e-05
0.000158097
0.000421408
0.000624621
0.000749582
0.00310065
0.00308148
0.00293056
0.0024617
0.00162978
0.000758682
0.000174357
0.000126099
0.000209014
9.0925e-05
0.000158097
0.000421408
0.000624621
0.000749582
0.00310065
0.00308148
0.00293056
0.0024617
0.00162978
0.000758682
0.000174357
0.000126099
0.000209014
9.0925e-05
0.000158097
0.000421408
0.000624621
0.000749582
0.00310065
0.00308148
0.00293056
0.0024617
0.00162978
0.000758682
0.000174357
0.000126099
0.000209014
9.0925e-05
0.000158097
0.000421408
0.000624621
0.000749582
0.00310065
0.00308148
0.00293056
0.0024617
0.00162978
0.000758682
0.000174357
0.000126099
0.000209014
9.0925e-05
0.000158097
0.000421408
0.000624621
0.000749582
0.00310065
0.00308148
0.00293056
0.0024617
0.00162978
0.000758682
0.000174357
0.000126099
0.000209014
9.0925e-05
0.000158097
0.000421408
0.000624621
0.000749582
0.00310065
0.00308148
0.00293056
0.0024617
0.00162978
0.000758682
0.000174357
0.000126099
0.000209014
9.0925e-05
0.000158097
0.000421408
0.000624621
0.000749582
0.00310065
0.00308148
0.00293056
0.0024617
0.00162978
0.000758682
0.000174357
0.000126099
0.000209014
9.0925e-05
0.000158097
0.000421408
0.000624621
0.000749582
0.00310065
0.00308148
0.00293056
0.0024617
0.00162978
0.000758682
0.000174357
0.000126099
0.000209014
9.0925e-05
0.000158097
0.000421408
0.000624621
0.000749582
0.00310065
0.00308148
0.00293056
0.0024617
0.00162978
0.000758682
0.000174357
0.000126099
0.000209014
9.0925e-05
0.000158097
0.000421408
0.000624621
0.000749582
0.00310065
0.00308148
0.00293056
0.0024617
0.00162978
0.000758682
0.000174357
0.000126099
0.000209014
9.0925e-05
0.000158097
0.000421408
0.000624621
0.000749582
0.00310065
0.00308148
0.00293056
0.0024617
0.00162978
0.000758682
0.000174357
0.000126099
0.000209014
9.0925e-05
0.000158097
0.000421408
0.000624621
0.000749582
0.00310065
0.00308148
0.00293056
0.0024617
0.00162978
0.000758682
0.000174357
0.000126099
0.000209014
9.0925e-05
0.000158097
0.000421408
0.000624621
0.000749582
0.00310065
0.00308148
0.00293056
0.0024617
0.00162978
0.000758682
0.000174357
0.000126099
0.000209014
9.0925e-05
0.000158097
0.000421408
0.000624621
0.000749582
0.00310065
0.00308148
0.00293056
0.0024617
0.00162978
0.000758682
0.000174357
0.000126099
0.000209014
9.0925e-05
0.000158097
0.000421408
0.000624621
0.000749582
0.00310065
0.00308148
0.00293056
0.0024617
0.00162978
0.000758682
0.000174357
0.000126099
0.000209014
9.0925e-05
0.000158097
0.000421408
0.000624621
0.000749582
0.00310065
0.00308148
0.00293056
0.0024617
0.00162978
0.000758682
0.000174357
0.000126099
0.000209014
9.0925e-05
0.000158097
0.000421408
0.000624621
0.000749582
0.00310065
0.00308148
0.00293056
0.0024617
0.00162978
0.000758682
0.000174357
0.000126099
0.000209014
9.0925e-05
0.000158097
0.000421408
0.000624621
0.000749582
0.00310065
0.00308148
0.00293056
0.0024617
0.00162978
0.000758682
0.000174357
0.000126099
0.000209014
9.0925e-05
0.000158097
0.000421408
0.000624621
0.000749582
0.00310065
0.00308148
0.00293056
0.0024617
0.00162978
0.000758682
0.000174357
0.000126099
0.000209014
9.0925e-05
0.000158097
0.000421408
0.000624621
0.000749582
0.00310065
0.00308148
0.00293056
0.0024617
0.00162978
0.000758682
0.000174357
0.000126099
0.000209014
9.0925e-05
0.000158097
0.000421408
0.000624621
0.000749582
0.00310065
0.00308148
0.00293056
0.0024617
0.00162978
0.000758682
0.000174357
0.000126099
0.000209014
9.0925e-05
0.000158097
0.000421408
0.000624621
0.000749582
0.00310065
0.00308148
0.00293056
0.0024617
0.00162978
0.000758682
0.000174357
0.000126099
0.000209014
9.0925e-05
0.000158097
0.000421408
0.000624621
0.000749582
0.00310065
0.00308148
0.00293056
0.0024617
0.00162978
0.000758682
0.000174357
0.000126099
0.000209014
9.0925e-05
0.000158097
0.000421408
0.000624621
0.000749582
0.00310065
0.00308148
0.00293056
0.0024617
0.00162978
0.000758682
0.000174357
0.000126099
0.000209014
9.0925e-05
0.000158097
0.000421408
0.000624621
0.000749582
0.00310065
0.00308148
0.00293056
0.0024617
0.00162978
0.000758682
0.000174357
0.000126099
0.000209014
9.0925e-05
0.000158097
0.000421408
0.000624621
0.000749582
0.00310065
0.00308148
0.00293056
0.0024617
0.00162978
0.000758682
0.000174357
0.000126099
0.000209014
9.0925e-05
0.000158097
0.000421408
0.000624621
0.000749582
0.00310065
0.00308148
0.00293056
0.0024617
0.00162978
0.000758682
0.000174357
0.000126099
0.000209014
9.0925e-05
0.000158097
0.000421408
0.000624621
0.000749582
0.00310065
0.00308148
0.00293056
0.0024617
0.00162978
0.000758682
0.000174357
0.000126099
0.000209014
9.0925e-05
0.000158097
0.000421408
0.000624621
0.000749582
0.00310065
0.00308148
0.00293056
0.0024617
0.00162978
0.000758682
0.000174357
0.000126099
0.000209014
9.0925e-05
0.000158097
0.000421408
0.000624621
0.000749582
0.00310065
0.00308148
0.00293056
0.0024617
0.00162978
0.000758682
0.000174357
0.000126099
0.000209014
9.0925e-05
0.000158097
0.000421408
0.000624621
0.000749582
0.00310065
0.00308148
0.00293056
0.0024617
0.00162978
0.000758682
0.000174357
0.000126099
0.000209014
9.0925e-05
0.000158097
0.000421408
0.000624621
0.000749582
0.00310065
0.00308148
0.00293056
0.0024617
0.00162978
0.000758682
0.000174357
0.000126099
0.000209014
9.0925e-05
0.000158097
0.000421408
0.000624621
0.000749582
0.00310065
0.00308148
0.00293056
0.0024617
0.00162978
0.000758682
0.000174357
0.000126099
0.000209014
9.0925e-05
0.000158097
0.000421408
0.000624621
0.000749582
0.00310065
0.00308148
0.00293056
0.0024617
0.00162978
0.000758682
0.000174357
0.000126099
0.000209014
9.0925e-05
0.000158097
0.000421408
0.000624621
0.000749582
0.00310065
0.00308148
0.00293056
0.0024617
0.00162978
0.000758682
0.000174357
0.000126099
0.000209014
9.0925e-05
0.000158097
0.000421408
0.000624621
0.000749582
0.00310065
0.00308148
0.00293056
0.0024617
0.00162978
0.000758682
0.000174357
0.000126099
0.000209014
9.0925e-05
0.000158097
0.000421408
0.000624621
0.000749582
0.00310065
0.00308148
0.00293056
0.0024617
0.00162978
0.000758682
0.000174357
0.000126099
0.000209014
9.0925e-05
0.000158097
0.000421408
0.000624621
0.000749582
0.00310065
0.00308148
0.00293056
0.0024617
0.00162978
0.000758682
0.000174357
0.000126099
0.000209014
9.0925e-05
0.000158097
0.000421408
0.000624621
0.000749582
0.00310065
0.00308148
0.00293056
0.0024617
0.00162978
0.000758682
0.000174357
0.000126099
0.000209014
9.0925e-05
0.000158097
0.000421408
0.000624621
0.000749582
0.00310065
0.00308148
0.00293056
0.0024617
0.00162978
0.000758682
0.000174357
0.000126099
0.000209014
9.0925e-05
0.000158097
0.000421408
0.000624621
0.000749582
0.00310065
0.00308148
0.00293056
0.0024617
0.00162978
0.000758682
0.000174357
0.000126099
0.000209014
9.0925e-05
0.000158097
0.000421408
0.000624621
0.000749582
0.00310065
0.00308148
0.00293056
0.0024617
0.00162978
0.000758682
0.000174357
0.000126099
0.000209014
9.0925e-05
0.000158097
0.000421408
0.000624621
0.000749582
0.00310065
0.00308148
0.00293056
0.0024617
0.00162978
0.000758682
0.000174357
0.000126099
0.000209014
9.0925e-05
0.000158097
0.000421408
0.000624621
0.000749582
0.00310065
0.00308148
0.00293056
0.0024617
0.00162978
0.000758682
0.000174357
0.000126099
0.000209014
9.0925e-05
0.000158097
0.000421408
0.000624621
0.000749582
0.00310065
0.00308148
0.00293056
0.0024617
0.00162978
0.000758682
0.000174357
0.000126099
0.000209014
9.0925e-05
0.000158097
0.000421408
0.000624621
0.000749582
0.00310065
0.00308148
0.00293056
0.0024617
0.00162978
0.000758682
0.000174357
0.000126099
0.000209014
9.0925e-05
0.000158097
0.000421408
0.000624621
0.000749582
0.00310065
0.00308148
0.00293056
0.0024617
0.00162978
0.000758682
0.000174357
0.000126099
0.000209014
9.0925e-05
0.000158097
0.000421408
0.000624621
0.000749582
0.00310065
0.00308148
0.00293056
0.0024617
0.00162978
0.000758682
0.000174357
0.000126099
0.000209014
9.0925e-05
0.000158097
0.000421408
0.000624621
0.000749582
0.00310065
0.00308148
0.00293056
0.0024617
0.00162978
0.000758682
0.000174357
0.000126099
0.000209014
9.0925e-05
0.000158097
0.000421408
0.000624621
0.000749582
0.00310065
0.00308148
0.00293056
0.0024617
0.00162978
0.000758682
0.000174357
0.000126099
0.000209014
9.0925e-05
0.000158097
0.000421408
0.000624621
0.000749582
0.00310065
0.00308148
0.00293056
0.0024617
0.00162978
0.000758682
0.000174357
0.000126099
0.000209014
9.0925e-05
0.000158097
0.000421408
0.000624621
0.000749582
0.00310065
0.00308148
0.00293056
0.0024617
0.00162978
0.000758682
0.000174357
0.000126099
0.000209014
9.0925e-05
0.000158097
0.000421408
0.000624621
0.000749582
0.00310065
0.00308148
0.00293056
0.0024617
0.00162978
0.000758682
0.000174357
0.000126099
0.000209014
9.0925e-05
0.000158097
0.000421408
0.000624621
0.000749582
0.00310065
0.00308148
0.00293056
0.0024617
0.00162978
0.000758682
0.000174357
0.000126099
0.000209014
9.0925e-05
0.000158097
0.000421408
0.000624621
0.000749582
0.00310065
0.00308148
0.00293056
0.0024617
0.00162978
0.000758682
0.000174357
0.000126099
0.000209014
9.0925e-05
0.000158097
0.000421408
0.000624621
0.000749582
0.00310065
0.00308148
0.00293056
0.0024617
0.00162978
0.000758682
0.000174357
0.000126099
0.000209014
9.0925e-05
0.000158097
0.000421408
0.000624621
0.000749582
0.00310065
0.00308148
0.00293056
0.0024617
0.00162978
0.000758682
0.000174357
0.000126099
0.000209014
9.0925e-05
0.000158097
0.000421408
0.000624621
0.000749582
0.00310065
0.00308148
0.00293056
0.0024617
0.00162978
0.000758682
0.000174357
0.000126099
0.000209014
9.0925e-05
0.000158097
0.000421408
0.000624621
0.000749582
0.00310065
0.00308148
0.00293056
0.0024617
0.00162978
0.000758682
0.000174357
0.000126099
0.000209014
9.0925e-05
0.000158097
0.000421408
0.000624621
0.000749582
0.00310065
0.00308148
0.00293056
0.0024617
0.00162978
0.000758682
0.000174357
0.000126099
0.000209014
9.0925e-05
0.000158097
0.000421408
0.000624621
0.000749582
0.00310065
0.00308148
0.00293056
0.0024617
0.00162978
0.000758682
0.000174357
0.000126099
0.000209014
9.0925e-05
0.000158097
0.000421408
0.000624621
0.000749582
0.00310065
0.00308148
0.00293056
0.0024617
0.00162978
0.000758682
0.000174357
0.000126099
0.000209014
9.0925e-05
0.000158097
0.000421408
0.000624621
0.000749582
0.00310065
0.00308148
0.00293056
0.0024617
0.00162978
0.000758682
0.000174357
0.000126099
0.000209014
9.0925e-05
0.000158097
0.000421408
0.000624621
0.000749582
0.00310065
0.00308148
0.00293056
0.0024617
0.00162978
0.000758682
0.000174357
0.000126099
0.000209014
9.0925e-05
0.000158097
0.000421408
0.000624621
0.000749582
0.00310065
0.00308148
0.00293056
0.0024617
0.00162978
0.000758682
0.000174357
0.000126099
0.000209014
9.0925e-05
0.000158097
0.000421408
0.000624621
0.000749582
0.00310065
0.00308148
0.00293056
0.0024617
0.00162978
0.000758682
0.000174357
0.000126099
0.000209014
9.0925e-05
0.000158097
0.000421408
0.000624621
0.000749582
0.00310065
0.00308148
0.00293056
0.0024617
0.00162978
0.000758682
0.000174357
0.000126099
0.000209014
9.0925e-05
0.000158097
0.000421408
0.000624621
0.000749582
0.00310065
0.00308148
0.00293056
0.0024617
0.00162978
0.000758682
0.000174357
0.000126099
0.000209014
9.0925e-05
0.000158097
0.000421408
0.000624621
0.000749582
0.00310065
0.00308148
0.00293056
0.0024617
0.00162978
0.000758682
0.000174357
0.000126099
0.000209014
9.0925e-05
0.000158097
0.000421408
0.000624621
0.000749582
0.00310065
0.00308148
0.00293056
0.0024617
0.00162978
0.000758682
0.000174357
0.000126099
0.000209014
9.0925e-05
0.000158097
0.000421408
0.000624621
0.000749582
0.00155033
0.00154379
0.00148106
0.0012621
0.000858001
0.000429326
0.000135095
2.64334e-05
8.28481e-05
3.55281e-05
8.54436e-05
0.000222782
0.000336351
0.000412099
0.00155033
0.00154027
0.00144801
0.00113408
0.000526714
0.000194649
0.000753319
0.000995913
0.000815864
0.000216005
0.000500261
0.000904906
0.000652126
0.000329652
0.00155033
0.00154004
0.00145553
0.00118651
0.000702425
0.000182752
0.000184227
0.000374448
0.000391479
0.000227394
5.33579e-05
0.000309234
0.000409694
0.000282826
0.00155033
0.00154171
0.00146742
0.00122338
0.000781904
0.000314087
8.74712e-06
0.000180953
0.000224022
0.000136941
4.04507e-05
0.000224745
0.000342824
0.000355904
0.00155033
0.00154272
0.00147413
0.00124268
0.000820368
0.000373191
6.60203e-05
0.00010007
0.000150678
8.65677e-05
5.82126e-05
0.000215989
0.000332816
0.000383569
0.00155033
0.00154325
0.00147758
0.00125239
0.00083929
0.000401582
0.000101164
6.24702e-05
0.000116141
6.10538e-05
7.08809e-05
0.000217721
0.000333031
0.000397552
0.00155033
0.00154352
0.00147932
0.00125725
0.000848672
0.00041553
0.00011827
4.42704e-05
9.93467e-05
4.82852e-05
7.79509e-05
0.000219868
0.000334321
0.00040474
0.00155033
0.00154365
0.00148019
0.00125968
0.000853343
0.000422447
0.000126716
3.53082e-05
9.10615e-05
4.19044e-05
8.16474e-05
0.000221233
0.000335246
0.000408397
0.00155033
0.00154372
0.00148063
0.00126089
0.000855674
0.000425891
0.000130914
3.08601e-05
8.6946e-05
3.87156e-05
8.35334e-05
0.000221985
0.000335776
0.000410242
0.00155033
0.00154375
0.00148084
0.0012615
0.000856838
0.00042761
0.000133006
2.86441e-05
8.48948e-05
3.71217e-05
8.44855e-05
0.000222378
0.000336058
0.000411169
0.00155033
0.00154377
0.00148095
0.0012618
0.00085742
0.000428468
0.000134051
2.75381e-05
8.38709e-05
3.63249e-05
8.49638e-05
0.000222578
0.000336203
0.000411634
0.00155033
0.00154378
0.00148101
0.00126195
0.000857711
0.000428897
0.000134573
2.69856e-05
8.33594e-05
3.59265e-05
8.52035e-05
0.00022268
0.000336277
0.000411866
0.00155033
0.00154378
0.00148104
0.00126203
0.000857856
0.000429112
0.000134834
2.67095e-05
8.31037e-05
3.57273e-05
8.53235e-05
0.000222731
0.000336314
0.000411983
0.00155033
0.00154378
0.00148105
0.00126207
0.000857929
0.000429219
0.000134964
2.65714e-05
8.29759e-05
3.56277e-05
8.53835e-05
0.000222756
0.000336332
0.000412041
0.00155033
0.00154379
0.00148106
0.00126208
0.000857965
0.000429273
0.000135029
2.65024e-05
8.2912e-05
3.55779e-05
8.54136e-05
0.000222769
0.000336342
0.00041207
0.00155033
0.00154379
0.00148106
0.00126209
0.000857983
0.000429299
0.000135062
2.64679e-05
8.288e-05
3.5553e-05
8.54286e-05
0.000222776
0.000336346
0.000412085
0.00155033
0.00154379
0.00148106
0.0012621
0.000857992
0.000429313
0.000135078
2.64507e-05
8.28641e-05
3.55406e-05
8.54361e-05
0.000222779
0.000336349
0.000412092
0.00155033
0.00154379
0.00148106
0.0012621
0.000857997
0.00042932
0.000135086
2.6442e-05
8.28561e-05
3.55344e-05
8.54398e-05
0.00022278
0.00033635
0.000412096
0.00155033
0.00154379
0.00148106
0.0012621
0.000857999
0.000429323
0.00013509
2.64377e-05
8.28521e-05
3.55312e-05
8.54417e-05
0.000222781
0.00033635
0.000412097
0.00155033
0.00154379
0.00148106
0.0012621
0.000858
0.000429325
0.000135092
2.64356e-05
8.28501e-05
3.55297e-05
8.54427e-05
0.000222782
0.000336351
0.000412098
0.00155033
0.00154379
0.00148106
0.0012621
0.000858001
0.000429325
0.000135094
2.64345e-05
8.28491e-05
3.55289e-05
8.54431e-05
0.000222782
0.000336351
0.000412099
0.00155033
0.00154379
0.00148106
0.0012621
0.000858001
0.000429326
0.000135094
2.64339e-05
8.28486e-05
3.55285e-05
8.54434e-05
0.000222782
0.000336351
0.000412099
0.00155033
0.00154379
0.00148106
0.0012621
0.000858001
0.000429326
0.000135094
2.64337e-05
8.28484e-05
3.55283e-05
8.54435e-05
0.000222782
0.000336351
0.000412099
0.00155033
0.00154379
0.00148106
0.0012621
0.000858001
0.000429326
0.000135094
2.64335e-05
8.28482e-05
3.55282e-05
8.54435e-05
0.000222782
0.000336351
0.000412099
0.00155033
0.00154379
0.00148106
0.0012621
0.000858001
0.000429326
0.000135094
2.64335e-05
8.28482e-05
3.55282e-05
8.54436e-05
0.000222782
0.000336351
0.000412099
0.00155033
0.00154379
0.00148106
0.0012621
0.000858001
0.000429326
0.000135095
2.64334e-05
8.28481e-05
3.55282e-05
8.54436e-05
0.000222782
0.000336351
0.000412099
0.00155033
0.00154379
0.00148106
0.0012621
0.000858001
0.000429326
0.000135095
2.64334e-05
8.28481e-05
3.55281e-05
8.54436e-05
0.000222782
0.000336351
0.000412099
0.00155033
0.00154379
0.00148106
0.0012621
0.000858001
0.000429326
0.000135095
2.64334e-05
8.28481e-05
3.55281e-05
8.54436e-05
0.000222782
0.000336351
0.000412099
0.00155033
0.00154379
0.00148106
0.0012621
0.000858001
0.000429326
0.000135095
2.64334e-05
8.28481e-05
3.55281e-05
8.54436e-05
0.000222782
0.000336351
0.000412099
0.00155033
0.00154379
0.00148106
0.0012621
0.000858001
0.000429326
0.000135095
2.64334e-05
8.28481e-05
3.55281e-05
8.54436e-05
0.000222782
0.000336351
0.000412099
0.00155033
0.00154379
0.00148106
0.0012621
0.000858001
0.000429326
0.000135095
2.64334e-05
8.28481e-05
3.55281e-05
8.54436e-05
0.000222782
0.000336351
0.000412099
0.00155033
0.00154379
0.00148106
0.0012621
0.000858001
0.000429326
0.000135095
2.64334e-05
8.28481e-05
3.55281e-05
8.54436e-05
0.000222782
0.000336351
0.000412099
0.00155033
0.00154379
0.00148106
0.0012621
0.000858001
0.000429326
0.000135095
2.64334e-05
8.28481e-05
3.55281e-05
8.54436e-05
0.000222782
0.000336351
0.000412099
0.00155033
0.00154379
0.00148106
0.0012621
0.000858001
0.000429326
0.000135095
2.64334e-05
8.28481e-05
3.55281e-05
8.54436e-05
0.000222782
0.000336351
0.000412099
0.00155033
0.00154379
0.00148106
0.0012621
0.000858001
0.000429326
0.000135095
2.64334e-05
8.28481e-05
3.55281e-05
8.54436e-05
0.000222782
0.000336351
0.000412099
0.00155033
0.00154379
0.00148106
0.0012621
0.000858001
0.000429326
0.000135095
2.64334e-05
8.28481e-05
3.55281e-05
8.54436e-05
0.000222782
0.000336351
0.000412099
0.00155033
0.00154379
0.00148106
0.0012621
0.000858001
0.000429326
0.000135095
2.64334e-05
8.28481e-05
3.55281e-05
8.54436e-05
0.000222782
0.000336351
0.000412099
0.00155033
0.00154379
0.00148106
0.0012621
0.000858001
0.000429326
0.000135095
2.64334e-05
8.28481e-05
3.55281e-05
8.54436e-05
0.000222782
0.000336351
0.000412099
0.00155033
0.00154379
0.00148106
0.0012621
0.000858001
0.000429326
0.000135095
2.64334e-05
8.28481e-05
3.55281e-05
8.54436e-05
0.000222782
0.000336351
0.000412099
0.00155033
0.00154379
0.00148106
0.0012621
0.000858001
0.000429326
0.000135095
2.64334e-05
8.28481e-05
3.55281e-05
8.54436e-05
0.000222782
0.000336351
0.000412099
0.00155033
0.00154379
0.00148106
0.0012621
0.000858001
0.000429326
0.000135095
2.64334e-05
8.28481e-05
3.55281e-05
8.54436e-05
0.000222782
0.000336351
0.000412099
0.00155033
0.00154379
0.00148106
0.0012621
0.000858001
0.000429326
0.000135095
2.64334e-05
8.28481e-05
3.55281e-05
8.54436e-05
0.000222782
0.000336351
0.000412099
0.00155033
0.00154379
0.00148106
0.0012621
0.000858001
0.000429326
0.000135095
2.64334e-05
8.28481e-05
3.55281e-05
8.54436e-05
0.000222782
0.000336351
0.000412099
0.00155033
0.00154379
0.00148106
0.0012621
0.000858001
0.000429326
0.000135095
2.64334e-05
8.28481e-05
3.55281e-05
8.54436e-05
0.000222782
0.000336351
0.000412099
0.00155033
0.00154379
0.00148106
0.0012621
0.000858001
0.000429326
0.000135095
2.64334e-05
8.28481e-05
3.55281e-05
8.54436e-05
0.000222782
0.000336351
0.000412099
0.00155033
0.00154379
0.00148106
0.0012621
0.000858001
0.000429326
0.000135095
2.64334e-05
8.28481e-05
3.55281e-05
8.54436e-05
0.000222782
0.000336351
0.000412099
0.00155033
0.00154379
0.00148106
0.0012621
0.000858001
0.000429326
0.000135095
2.64334e-05
8.28481e-05
3.55281e-05
8.54436e-05
0.000222782
0.000336351
0.000412099
0.00155033
0.00154379
0.00148106
0.0012621
0.000858001
0.000429326
0.000135095
2.64334e-05
8.28481e-05
3.55281e-05
8.54436e-05
0.000222782
0.000336351
0.000412099
0.00155033
0.00154379
0.00148106
0.0012621
0.000858001
0.000429326
0.000135095
2.64334e-05
8.28481e-05
3.55281e-05
8.54436e-05
0.000222782
0.000336351
0.000412099
0.00155033
0.00154379
0.00148106
0.0012621
0.000858001
0.000429326
0.000135095
2.64334e-05
8.28481e-05
3.55281e-05
8.54436e-05
0.000222782
0.000336351
0.000412099
0.00155033
0.00154379
0.00148106
0.0012621
0.000858001
0.000429326
0.000135095
2.64334e-05
8.28481e-05
3.55281e-05
8.54436e-05
0.000222782
0.000336351
0.000412099
0.00155033
0.00154379
0.00148106
0.0012621
0.000858001
0.000429326
0.000135095
2.64334e-05
8.28481e-05
3.55281e-05
8.54436e-05
0.000222782
0.000336351
0.000412099
0.00155033
0.00154379
0.00148106
0.0012621
0.000858001
0.000429326
0.000135095
2.64334e-05
8.28481e-05
3.55281e-05
8.54436e-05
0.000222782
0.000336351
0.000412099
0.00155033
0.00154379
0.00148106
0.0012621
0.000858001
0.000429326
0.000135095
2.64334e-05
8.28481e-05
3.55281e-05
8.54436e-05
0.000222782
0.000336351
0.000412099
0.00155033
0.00154379
0.00148106
0.0012621
0.000858001
0.000429326
0.000135095
2.64334e-05
8.28481e-05
3.55281e-05
8.54436e-05
0.000222782
0.000336351
0.000412099
0.00155033
0.00154379
0.00148106
0.0012621
0.000858001
0.000429326
0.000135095
2.64334e-05
8.28481e-05
3.55281e-05
8.54436e-05
0.000222782
0.000336351
0.000412099
0.00155033
0.00154379
0.00148106
0.0012621
0.000858001
0.000429326
0.000135095
2.64334e-05
8.28481e-05
3.55281e-05
8.54436e-05
0.000222782
0.000336351
0.000412099
0.00155033
0.00154379
0.00148106
0.0012621
0.000858001
0.000429326
0.000135095
2.64334e-05
8.28481e-05
3.55281e-05
8.54436e-05
0.000222782
0.000336351
0.000412099
0.00155033
0.00154379
0.00148106
0.0012621
0.000858001
0.000429326
0.000135095
2.64334e-05
8.28481e-05
3.55281e-05
8.54436e-05
0.000222782
0.000336351
0.000412099
0.00155033
0.00154379
0.00148106
0.0012621
0.000858001
0.000429326
0.000135095
2.64334e-05
8.28481e-05
3.55281e-05
8.54436e-05
0.000222782
0.000336351
0.000412099
0.00155033
0.00154379
0.00148106
0.0012621
0.000858001
0.000429326
0.000135095
2.64334e-05
8.28481e-05
3.55281e-05
8.54436e-05
0.000222782
0.000336351
0.000412099
0.00155033
0.00154379
0.00148106
0.0012621
0.000858001
0.000429326
0.000135095
2.64334e-05
8.28481e-05
3.55281e-05
8.54436e-05
0.000222782
0.000336351
0.000412099
0.00155033
0.00154379
0.00148106
0.0012621
0.000858001
0.000429326
0.000135095
2.64334e-05
8.28481e-05
3.55281e-05
8.54436e-05
0.000222782
0.000336351
0.000412099
0.00155033
0.00154379
0.00148106
0.0012621
0.000858001
0.000429326
0.000135095
2.64334e-05
8.28481e-05
3.55281e-05
8.54436e-05
0.000222782
0.000336351
0.000412099
0.00155033
0.00154379
0.00148106
0.0012621
0.000858001
0.000429326
0.000135095
2.64334e-05
8.28481e-05
3.55281e-05
8.54436e-05
0.000222782
0.000336351
0.000412099
0.00155033
0.00154379
0.00148106
0.0012621
0.000858001
0.000429326
0.000135095
2.64334e-05
8.28481e-05
3.55281e-05
8.54436e-05
0.000222782
0.000336351
0.000412099
0.00155033
0.00154379
0.00148106
0.0012621
0.000858001
0.000429326
0.000135095
2.64334e-05
8.28481e-05
3.55281e-05
8.54436e-05
0.000222782
0.000336351
0.000412099
0.00155033
0.00154379
0.00148106
0.0012621
0.000858001
0.000429326
0.000135095
2.64334e-05
8.28481e-05
3.55281e-05
8.54436e-05
0.000222782
0.000336351
0.000412099
0.00155033
0.00154379
0.00148106
0.0012621
0.000858001
0.000429326
0.000135095
2.64334e-05
8.28481e-05
3.55281e-05
8.54436e-05
0.000222782
0.000336351
0.000412099
0.00155033
0.00154379
0.00148106
0.0012621
0.000858001
0.000429326
0.000135095
2.64334e-05
8.28481e-05
3.55281e-05
8.54436e-05
0.000222782
0.000336351
0.000412099
0.00155033
0.00154379
0.00148106
0.0012621
0.000858001
0.000429326
0.000135095
2.64334e-05
8.28481e-05
3.55281e-05
8.54436e-05
0.000222782
0.000336351
0.000412099
0.00155033
0.00154379
0.00148106
0.0012621
0.000858001
0.000429326
0.000135095
2.64334e-05
8.28481e-05
3.55281e-05
8.54436e-05
0.000222782
0.000336351
0.000412099
0.00155033
0.00154379
0.00148106
0.0012621
0.000858001
0.000429326
0.000135095
2.64334e-05
8.28481e-05
3.55281e-05
8.54436e-05
0.000222782
0.000336351
0.000412099
0.00155033
0.00154379
0.00148106
0.0012621
0.000858001
0.000429326
0.000135095
2.64334e-05
8.28481e-05
3.55281e-05
8.54436e-05
0.000222782
0.000336351
0.000412099
0.00155033
0.00154379
0.00148106
0.0012621
0.000858001
0.000429326
0.000135095
2.64334e-05
8.28481e-05
3.55281e-05
8.54436e-05
0.000222782
0.000336351
0.000412099
0.00155033
0.00154379
0.00148106
0.0012621
0.000858001
0.000429326
0.000135095
2.64334e-05
8.28481e-05
3.55281e-05
8.54436e-05
0.000222782
0.000336351
0.000412099
0.00155033
0.00154379
0.00148106
0.0012621
0.000858001
0.000429326
0.000135095
2.64334e-05
8.28481e-05
3.55281e-05
8.54436e-05
0.000222782
0.000336351
0.000412099
0.00155033
0.00154379
0.00148106
0.0012621
0.000858001
0.000429326
0.000135095
2.64334e-05
8.28481e-05
3.55281e-05
8.54436e-05
0.000222782
0.000336351
0.000412099
0.00155033
0.00154379
0.00148106
0.0012621
0.000858001
0.000429326
0.000135095
2.64334e-05
8.28481e-05
3.55281e-05
8.54436e-05
0.000222782
0.000336351
0.000412099
0.00155033
0.00154379
0.00148106
0.0012621
0.000858001
0.000429326
0.000135095
2.64334e-05
8.28481e-05
3.55281e-05
8.54436e-05
0.000222782
0.000336351
0.000412099
0.00155033
0.00154379
0.00148106
0.0012621
0.000858001
0.000429326
0.000135095
2.64334e-05
8.28481e-05
3.55281e-05
8.54436e-05
0.000222782
0.000336351
0.000412099
0.00155033
0.00154379
0.00148106
0.0012621
0.000858001
0.000429326
0.000135095
2.64334e-05
8.28481e-05
3.55281e-05
8.54436e-05
0.000222782
0.000336351
0.000412099
0.00155033
0.00154379
0.00148106
0.0012621
0.000858001
0.000429326
0.000135095
2.64334e-05
8.28481e-05
3.55281e-05
8.54436e-05
0.000222782
0.000336351
0.000412099
0.00155033
0.00154379
0.00148106
0.0012621
0.000858001
0.000429326
0.000135095
2.64334e-05
8.28481e-05
3.55281e-05
8.54436e-05
0.000222782
0.000336351
0.000412099
0.00155033
0.00154379
0.00148106
0.0012621
0.000858001
0.000429326
0.000135095
2.64334e-05
8.28481e-05
3.55281e-05
8.54436e-05
0.000222782
0.000336351
0.000412099
0.00155033
0.00154379
0.00148106
0.0012621
0.000858001
0.000429326
0.000135095
2.64334e-05
8.28481e-05
3.55281e-05
8.54436e-05
0.000222782
0.000336351
0.000412099
0.00155033
0.00154379
0.00148106
0.0012621
0.000858001
0.000429326
0.000135095
2.64334e-05
8.28481e-05
3.55281e-05
8.54436e-05
0.000222782
0.000336351
0.000412099
0.00155033
0.00154379
0.00148106
0.0012621
0.000858001
0.000429326
0.000135095
2.64334e-05
8.28481e-05
3.55281e-05
8.54436e-05
0.000222782
0.000336351
0.000412099
0.00155033
0.00154379
0.00148106
0.0012621
0.000858001
0.000429326
0.000135095
2.64334e-05
8.28481e-05
3.55281e-05
8.54436e-05
0.000222782
0.000336351
0.000412099
0.00155033
0.00154379
0.00148106
0.0012621
0.000858001
0.000429326
0.000135095
2.64334e-05
8.28481e-05
3.55281e-05
8.54436e-05
0.000222782
0.000336351
0.000412099
0.00155033
0.00154379
0.00148106
0.0012621
0.000858001
0.000429326
0.000135095
2.64334e-05
8.28481e-05
3.55281e-05
8.54436e-05
0.000222782
0.000336351
0.000412099
0.00155033
0.00154379
0.00148106
0.0012621
0.000858001
0.000429326
0.000135095
2.64334e-05
8.28481e-05
3.55281e-05
8.54436e-05
0.000222782
0.000336351
0.000412099
0.00155033
0.00154379
0.00148106
0.0012621
0.000858001
0.000429326
0.000135095
2.64334e-05
8.28481e-05
3.55281e-05
8.54436e-05
0.000222782
0.000336351
0.000412099
0.00155033
0.00154379
0.00148106
0.0012621
0.000858001
0.000429326
0.000135095
2.64334e-05
8.28481e-05
3.55281e-05
8.54436e-05
0.000222782
0.000336351
0.000412099
0.00155033
0.00154379
0.00148106
0.0012621
0.000858001
0.000429326
0.000135095
2.64334e-05
8.28481e-05
3.55281e-05
8.54436e-05
0.000222782
0.000336351
0.000412099
0.00155033
0.00154379
0.00148106
0.0012621
0.000858001
0.000429326
0.000135095
2.64334e-05
8.28481e-05
3.55281e-05
8.54436e-05
0.000222782
0.000336351
0.000412099
0.00155033
0.00154379
0.00148106
0.0012621
0.000858001
0.000429326
0.000135095
2.64334e-05
8.28481e-05
3.55281e-05
8.54436e-05
0.000222782
0.000336351
0.000412099
0.00155033
0.00154379
0.00148106
0.0012621
0.000858001
0.000429326
0.000135095
2.64334e-05
8.28481e-05
3.55281e-05
8.54436e-05
0.000222782
0.000336351
0.000412099
0.00155033
0.00154379
0.00148106
0.0012621
0.000858001
0.000429326
0.000135095
2.64334e-05
8.28481e-05
3.55281e-05
8.54436e-05
0.000222782
0.000336351
0.000412099
0.00155033
0.00154379
0.00148106
0.0012621
0.000858001
0.000429326
0.000135095
2.64334e-05
8.28481e-05
3.55281e-05
8.54436e-05
0.000222782
0.000336351
0.000412099
0.00155033
0.00154379
0.00148106
0.0012621
0.000858001
0.000429326
0.000135095
2.64334e-05
8.28481e-05
3.55281e-05
8.54436e-05
0.000222782
0.000336351
0.000412099
0.00155033
0.00154379
0.00148106
0.0012621
0.000858001
0.000429326
0.000135095
2.64334e-05
8.28481e-05
3.55281e-05
8.54436e-05
0.000222782
0.000336351
0.000412099
0.00155033
0.00154379
0.00148106
0.0012621
0.000858001
0.000429326
0.000135095
2.64334e-05
8.28481e-05
3.55281e-05
8.54436e-05
0.000222782
0.000336351
0.000412099
0.00155033
0.00154379
0.00148106
0.0012621
0.000858001
0.000429326
0.000135095
2.64334e-05
8.28481e-05
3.55281e-05
8.54436e-05
0.000222782
0.000336351
0.000412099
0.00155033
0.00154379
0.00148106
0.0012621
0.000858001
0.000429326
0.000135095
2.64334e-05
8.28481e-05
3.55281e-05
8.54436e-05
0.000222782
0.000336351
0.000412099
0.00155033
0.00154379
0.00148106
0.0012621
0.000858001
0.000429326
0.000135095
2.64334e-05
8.28481e-05
3.55281e-05
8.54436e-05
0.000222782
0.000336351
0.000412099
0.00155033
0.00154379
0.00148106
0.0012621
0.000858001
0.000429326
0.000135095
2.64334e-05
8.28481e-05
3.55281e-05
8.54436e-05
0.000222782
0.000336351
0.000412099
0.00155033
0.00154379
0.00148106
0.0012621
0.000858001
0.000429326
0.000135095
2.64334e-05
8.28481e-05
3.55281e-05
8.54436e-05
0.000222782
0.000336351
0.000412099
0.00155033
0.00154379
0.00148106
0.0012621
0.000858001
0.000429326
0.000135095
2.64334e-05
8.28481e-05
3.55281e-05
8.54436e-05
0.000222782
0.000336351
0.000412099
0.00155033
0.00154379
0.00148106
0.0012621
0.000858001
0.000429326
0.000135095
2.64334e-05
8.28481e-05
3.55281e-05
8.54436e-05
0.000222782
0.000336351
0.000412099
0.00155033
0.00154379
0.00148106
0.0012621
0.000858001
0.000429326
0.000135095
2.64334e-05
8.28481e-05
3.55281e-05
8.54436e-05
0.000222782
0.000336351
0.000412099
0.00155033
0.00154379
0.00148106
0.0012621
0.000858001
0.000429326
0.000135095
2.64334e-05
8.28481e-05
3.55281e-05
8.54436e-05
0.000222782
0.000336351
0.000412099
0.00155033
0.00154379
0.00148106
0.0012621
0.000858001
0.000429326
0.000135095
2.64334e-05
8.28481e-05
3.55281e-05
8.54436e-05
0.000222782
0.000336351
0.000412099
0.00155033
0.00154379
0.00148106
0.0012621
0.000858001
0.000429326
0.000135095
2.64334e-05
8.28481e-05
3.55281e-05
8.54436e-05
0.000222782
0.000336351
0.000412099
0.00155033
0.00154379
0.00148106
0.0012621
0.000858001
0.000429326
0.000135095
2.64334e-05
8.28481e-05
3.55281e-05
8.54436e-05
0.000222782
0.000336351
0.000412099
0.00155033
0.00154379
0.00148106
0.0012621
0.000858001
0.000429326
0.000135095
2.64334e-05
8.28481e-05
3.55281e-05
8.54436e-05
0.000222782
0.000336351
0.000412099
0.00155033
0.00154379
0.00148106
0.0012621
0.000858001
0.000429326
0.000135095
2.64334e-05
8.28481e-05
3.55281e-05
8.54436e-05
0.000222782
0.000336351
0.000412099
0.00155033
0.00154379
0.00148106
0.0012621
0.000858001
0.000429326
0.000135095
2.64334e-05
8.28481e-05
3.55281e-05
8.54436e-05
0.000222782
0.000336351
0.000412099
0.00155033
0.00154379
0.00148106
0.0012621
0.000858001
0.000429326
0.000135095
2.64334e-05
8.28481e-05
3.55281e-05
8.54436e-05
0.000222782
0.000336351
0.000412099
0.00155033
0.00154379
0.00148106
0.0012621
0.000858001
0.000429326
0.000135095
2.64334e-05
8.28481e-05
3.55281e-05
8.54436e-05
0.000222782
0.000336351
0.000412099
0.00155033
0.00154379
0.00148106
0.0012621
0.000858001
0.000429326
0.000135095
2.64334e-05
8.28481e-05
3.55281e-05
8.54436e-05
0.000222782
0.000336351
0.000412099
0.00103355
0.00102919
0.000987372
0.000841399
0.000572001
0.000286227
9.00864e-05
1.75868e-05
5.5196e-05
2.36675e-05
5.69424e-05
0.000148453
0.000224122
0.000274595
0.00103355
0.00102739
0.000968578
0.000764131
0.000364381
0.00011444
0.000489592
0.000657417
0.000543952
0.000147051
0.000333686
0.000612273
0.000453681
0.000191234
0.00103355
0.00102691
0.000971642
0.000794261
0.000473727
0.000128521
0.000116425
0.000244735
0.000258073
0.000150275
3.65288e-05
0.00020824
0.000277389
0.000195287
0.00103355
0.0010279
0.00097886
0.000817065
0.00052378
0.000212572
2.63725e-06
0.000117977
0.000147504
9.02069e-05
2.76814e-05
0.000150723
0.000230086
0.000239662
0.00103355
0.00102853
0.000983026
0.000829155
0.000548121
0.000250352
4.56176e-05
6.53299e-05
9.94408e-05
5.70774e-05
3.921e-05
0.000144396
0.000222501
0.00025668
0.00103355
0.00102885
0.000985184
0.000835269
0.00056012
0.000268496
6.82554e-05
4.09294e-05
7.68874e-05
4.03579e-05
4.74576e-05
0.000145314
0.000222258
0.000265416
0.00103355
0.00102902
0.000986275
0.000838333
0.000566075
0.00027741
7.92641e-05
2.91352e-05
6.59395e-05
3.20044e-05
5.20622e-05
0.000146627
0.00022294
0.00026994
0.00103355
0.00102911
0.000986823
0.000839866
0.000569042
0.00028183
8.46977e-05
2.33314e-05
6.05429e-05
2.78334e-05
5.44698e-05
0.000147479
0.00022347
0.000272251
0.00103355
0.00102915
0.000987098
0.000840632
0.000570522
0.000284031
8.73975e-05
2.04519e-05
5.78633e-05
2.57497e-05
5.56982e-05
0.000147951
0.000223781
0.000273418
0.00103355
0.00102917
0.000987235
0.000841016
0.000571262
0.00028513
8.87433e-05
1.90176e-05
5.65281e-05
2.47084e-05
5.63184e-05
0.000148198
0.000223948
0.000274006
0.00103355
0.00102918
0.000987304
0.000841207
0.000571632
0.000285679
8.94152e-05
1.83018e-05
5.58617e-05
2.41879e-05
5.66299e-05
0.000148324
0.000224034
0.0002743
0.00103355
0.00102919
0.000987338
0.000841303
0.000571816
0.000285953
8.97509e-05
1.79442e-05
5.55287e-05
2.39277e-05
5.6786e-05
0.000148388
0.000224078
0.000274448
0.00103355
0.00102919
0.000987355
0.000841351
0.000571909
0.00028609
8.99187e-05
1.77655e-05
5.53623e-05
2.37976e-05
5.68642e-05
0.000148421
0.0002241
0.000274521
0.00103355
0.00102919
0.000987364
0.000841375
0.000571955
0.000286158
9.00026e-05
1.76762e-05
5.52791e-05
2.37325e-05
5.69033e-05
0.000148437
0.000224111
0.000274558
0.00103355
0.00102919
0.000987368
0.000841387
0.000571978
0.000286193
9.00445e-05
1.76315e-05
5.52375e-05
2.37e-05
5.69229e-05
0.000148445
0.000224117
0.000274577
0.00103355
0.00102919
0.00098737
0.000841393
0.00057199
0.00028621
9.00655e-05
1.76092e-05
5.52168e-05
2.36837e-05
5.69326e-05
0.000148449
0.000224119
0.000274586
0.00103355
0.00102919
0.000987371
0.000841396
0.000571995
0.000286218
9.00759e-05
1.7598e-05
5.52064e-05
2.36756e-05
5.69375e-05
0.000148451
0.000224121
0.00027459
0.00103355
0.00102919
0.000987372
0.000841397
0.000571998
0.000286223
9.00812e-05
1.75924e-05
5.52012e-05
2.36715e-05
5.694e-05
0.000148452
0.000224121
0.000274593
0.00103355
0.00102919
0.000987372
0.000841398
0.000572
0.000286225
9.00838e-05
1.75896e-05
5.51986e-05
2.36695e-05
5.69412e-05
0.000148452
0.000224122
0.000274594
0.00103355
0.00102919
0.000987372
0.000841399
0.000572
0.000286226
9.00851e-05
1.75882e-05
5.51973e-05
2.36685e-05
5.69418e-05
0.000148453
0.000224122
0.000274595
0.00103355
0.00102919
0.000987372
0.000841399
0.000572001
0.000286226
9.00858e-05
1.75875e-05
5.51966e-05
2.3668e-05
5.69421e-05
0.000148453
0.000224122
0.000274595
0.00103355
0.00102919
0.000987372
0.000841399
0.000572001
0.000286227
9.00861e-05
1.75872e-05
5.51963e-05
2.36677e-05
5.69423e-05
0.000148453
0.000224122
0.000274595
0.00103355
0.00102919
0.000987372
0.000841399
0.000572001
0.000286227
9.00863e-05
1.7587e-05
5.51961e-05
2.36676e-05
5.69423e-05
0.000148453
0.000224122
0.000274595
0.00103355
0.00102919
0.000987372
0.000841399
0.000572001
0.000286227
9.00863e-05
1.75869e-05
5.5196e-05
2.36675e-05
5.69424e-05
0.000148453
0.000224122
0.000274595
0.00103355
0.00102919
0.000987372
0.000841399
0.000572001
0.000286227
9.00864e-05
1.75869e-05
5.5196e-05
2.36675e-05
5.69424e-05
0.000148453
0.000224122
0.000274595
0.00103355
0.00102919
0.000987372
0.000841399
0.000572001
0.000286227
9.00864e-05
1.75869e-05
5.5196e-05
2.36675e-05
5.69424e-05
0.000148453
0.000224122
0.000274595
0.00103355
0.00102919
0.000987372
0.000841399
0.000572001
0.000286227
9.00864e-05
1.75869e-05
5.5196e-05
2.36675e-05
5.69424e-05
0.000148453
0.000224122
0.000274595
0.00103355
0.00102919
0.000987372
0.000841399
0.000572001
0.000286227
9.00864e-05
1.75869e-05
5.5196e-05
2.36675e-05
5.69424e-05
0.000148453
0.000224122
0.000274595
0.00103355
0.00102919
0.000987372
0.000841399
0.000572001
0.000286227
9.00864e-05
1.75868e-05
5.5196e-05
2.36675e-05
5.69424e-05
0.000148453
0.000224122
0.000274595
0.00103355
0.00102919
0.000987372
0.000841399
0.000572001
0.000286227
9.00864e-05
1.75868e-05
5.5196e-05
2.36675e-05
5.69424e-05
0.000148453
0.000224122
0.000274595
0.00103355
0.00102919
0.000987372
0.000841399
0.000572001
0.000286227
9.00864e-05
1.75868e-05
5.5196e-05
2.36675e-05
5.69424e-05
0.000148453
0.000224122
0.000274595
0.00103355
0.00102919
0.000987372
0.000841399
0.000572001
0.000286227
9.00864e-05
1.75868e-05
5.5196e-05
2.36675e-05
5.69424e-05
0.000148453
0.000224122
0.000274595
0.00103355
0.00102919
0.000987372
0.000841399
0.000572001
0.000286227
9.00864e-05
1.75868e-05
5.5196e-05
2.36675e-05
5.69424e-05
0.000148453
0.000224122
0.000274595
0.00103355
0.00102919
0.000987372
0.000841399
0.000572001
0.000286227
9.00864e-05
1.75868e-05
5.5196e-05
2.36675e-05
5.69424e-05
0.000148453
0.000224122
0.000274595
0.00103355
0.00102919
0.000987372
0.000841399
0.000572001
0.000286227
9.00864e-05
1.75868e-05
5.5196e-05
2.36675e-05
5.69424e-05
0.000148453
0.000224122
0.000274595
0.00103355
0.00102919
0.000987372
0.000841399
0.000572001
0.000286227
9.00864e-05
1.75868e-05
5.5196e-05
2.36675e-05
5.69424e-05
0.000148453
0.000224122
0.000274595
0.00103355
0.00102919
0.000987372
0.000841399
0.000572001
0.000286227
9.00864e-05
1.75868e-05
5.5196e-05
2.36675e-05
5.69424e-05
0.000148453
0.000224122
0.000274595
0.00103355
0.00102919
0.000987372
0.000841399
0.000572001
0.000286227
9.00864e-05
1.75868e-05
5.5196e-05
2.36675e-05
5.69424e-05
0.000148453
0.000224122
0.000274595
0.00103355
0.00102919
0.000987372
0.000841399
0.000572001
0.000286227
9.00864e-05
1.75868e-05
5.5196e-05
2.36675e-05
5.69424e-05
0.000148453
0.000224122
0.000274595
0.00103355
0.00102919
0.000987372
0.000841399
0.000572001
0.000286227
9.00864e-05
1.75868e-05
5.5196e-05
2.36675e-05
5.69424e-05
0.000148453
0.000224122
0.000274595
0.00103355
0.00102919
0.000987372
0.000841399
0.000572001
0.000286227
9.00864e-05
1.75868e-05
5.5196e-05
2.36675e-05
5.69424e-05
0.000148453
0.000224122
0.000274595
0.00103355
0.00102919
0.000987372
0.000841399
0.000572001
0.000286227
9.00864e-05
1.75868e-05
5.5196e-05
2.36675e-05
5.69424e-05
0.000148453
0.000224122
0.000274595
0.00103355
0.00102919
0.000987372
0.000841399
0.000572001
0.000286227
9.00864e-05
1.75868e-05
5.5196e-05
2.36675e-05
5.69424e-05
0.000148453
0.000224122
0.000274595
0.00103355
0.00102919
0.000987372
0.000841399
0.000572001
0.000286227
9.00864e-05
1.75868e-05
5.5196e-05
2.36675e-05
5.69424e-05
0.000148453
0.000224122
0.000274595
0.00103355
0.00102919
0.000987372
0.000841399
0.000572001
0.000286227
9.00864e-05
1.75868e-05
5.5196e-05
2.36675e-05
5.69424e-05
0.000148453
0.000224122
0.000274595
0.00103355
0.00102919
0.000987372
0.000841399
0.000572001
0.000286227
9.00864e-05
1.75868e-05
5.5196e-05
2.36675e-05
5.69424e-05
0.000148453
0.000224122
0.000274595
0.00103355
0.00102919
0.000987372
0.000841399
0.000572001
0.000286227
9.00864e-05
1.75868e-05
5.5196e-05
2.36675e-05
5.69424e-05
0.000148453
0.000224122
0.000274595
0.00103355
0.00102919
0.000987372
0.000841399
0.000572001
0.000286227
9.00864e-05
1.75868e-05
5.5196e-05
2.36675e-05
5.69424e-05
0.000148453
0.000224122
0.000274595
0.00103355
0.00102919
0.000987372
0.000841399
0.000572001
0.000286227
9.00864e-05
1.75868e-05
5.5196e-05
2.36675e-05
5.69424e-05
0.000148453
0.000224122
0.000274595
0.00103355
0.00102919
0.000987372
0.000841399
0.000572001
0.000286227
9.00864e-05
1.75868e-05
5.5196e-05
2.36675e-05
5.69424e-05
0.000148453
0.000224122
0.000274595
0.00103355
0.00102919
0.000987372
0.000841399
0.000572001
0.000286227
9.00864e-05
1.75868e-05
5.5196e-05
2.36675e-05
5.69424e-05
0.000148453
0.000224122
0.000274595
0.00103355
0.00102919
0.000987372
0.000841399
0.000572001
0.000286227
9.00864e-05
1.75868e-05
5.5196e-05
2.36675e-05
5.69424e-05
0.000148453
0.000224122
0.000274595
0.00103355
0.00102919
0.000987372
0.000841399
0.000572001
0.000286227
9.00864e-05
1.75868e-05
5.5196e-05
2.36675e-05
5.69424e-05
0.000148453
0.000224122
0.000274595
0.00103355
0.00102919
0.000987372
0.000841399
0.000572001
0.000286227
9.00864e-05
1.75868e-05
5.5196e-05
2.36675e-05
5.69424e-05
0.000148453
0.000224122
0.000274595
0.00103355
0.00102919
0.000987372
0.000841399
0.000572001
0.000286227
9.00864e-05
1.75868e-05
5.5196e-05
2.36675e-05
5.69424e-05
0.000148453
0.000224122
0.000274595
0.00103355
0.00102919
0.000987372
0.000841399
0.000572001
0.000286227
9.00864e-05
1.75868e-05
5.5196e-05
2.36675e-05
5.69424e-05
0.000148453
0.000224122
0.000274595
0.00103355
0.00102919
0.000987372
0.000841399
0.000572001
0.000286227
9.00864e-05
1.75868e-05
5.5196e-05
2.36675e-05
5.69424e-05
0.000148453
0.000224122
0.000274595
0.00103355
0.00102919
0.000987372
0.000841399
0.000572001
0.000286227
9.00864e-05
1.75868e-05
5.5196e-05
2.36675e-05
5.69424e-05
0.000148453
0.000224122
0.000274595
0.00103355
0.00102919
0.000987372
0.000841399
0.000572001
0.000286227
9.00864e-05
1.75868e-05
5.5196e-05
2.36675e-05
5.69424e-05
0.000148453
0.000224122
0.000274595
0.00103355
0.00102919
0.000987372
0.000841399
0.000572001
0.000286227
9.00864e-05
1.75868e-05
5.5196e-05
2.36675e-05
5.69424e-05
0.000148453
0.000224122
0.000274595
0.00103355
0.00102919
0.000987372
0.000841399
0.000572001
0.000286227
9.00864e-05
1.75868e-05
5.5196e-05
2.36675e-05
5.69424e-05
0.000148453
0.000224122
0.000274595
0.00103355
0.00102919
0.000987372
0.000841399
0.000572001
0.000286227
9.00864e-05
1.75868e-05
5.5196e-05
2.36675e-05
5.69424e-05
0.000148453
0.000224122
0.000274595
0.00103355
0.00102919
0.000987372
0.000841399
0.000572001
0.000286227
9.00864e-05
1.75868e-05
5.5196e-05
2.36675e-05
5.69424e-05
0.000148453
0.000224122
0.000274595
0.00103355
0.00102919
0.000987372
0.000841399
0.000572001
0.000286227
9.00864e-05
1.75868e-05
5.5196e-05
2.36675e-05
5.69424e-05
0.000148453
0.000224122
0.000274595
0.00103355
0.00102919
0.000987372
0.000841399
0.000572001
0.000286227
9.00864e-05
1.75868e-05
5.5196e-05
2.36675e-05
5.69424e-05
0.000148453
0.000224122
0.000274595
0.00103355
0.00102919
0.000987372
0.000841399
0.000572001
0.000286227
9.00864e-05
1.75868e-05
5.5196e-05
2.36675e-05
5.69424e-05
0.000148453
0.000224122
0.000274595
0.00103355
0.00102919
0.000987372
0.000841399
0.000572001
0.000286227
9.00864e-05
1.75868e-05
5.5196e-05
2.36675e-05
5.69424e-05
0.000148453
0.000224122
0.000274595
0.00103355
0.00102919
0.000987372
0.000841399
0.000572001
0.000286227
9.00864e-05
1.75868e-05
5.5196e-05
2.36675e-05
5.69424e-05
0.000148453
0.000224122
0.000274595
0.00103355
0.00102919
0.000987372
0.000841399
0.000572001
0.000286227
9.00864e-05
1.75868e-05
5.5196e-05
2.36675e-05
5.69424e-05
0.000148453
0.000224122
0.000274595
0.00103355
0.00102919
0.000987372
0.000841399
0.000572001
0.000286227
9.00864e-05
1.75868e-05
5.5196e-05
2.36675e-05
5.69424e-05
0.000148453
0.000224122
0.000274595
0.00103355
0.00102919
0.000987372
0.000841399
0.000572001
0.000286227
9.00864e-05
1.75868e-05
5.5196e-05
2.36675e-05
5.69424e-05
0.000148453
0.000224122
0.000274595
0.00103355
0.00102919
0.000987372
0.000841399
0.000572001
0.000286227
9.00864e-05
1.75868e-05
5.5196e-05
2.36675e-05
5.69424e-05
0.000148453
0.000224122
0.000274595
0.00103355
0.00102919
0.000987372
0.000841399
0.000572001
0.000286227
9.00864e-05
1.75868e-05
5.5196e-05
2.36675e-05
5.69424e-05
0.000148453
0.000224122
0.000274595
0.00103355
0.00102919
0.000987372
0.000841399
0.000572001
0.000286227
9.00864e-05
1.75868e-05
5.5196e-05
2.36675e-05
5.69424e-05
0.000148453
0.000224122
0.000274595
0.00103355
0.00102919
0.000987372
0.000841399
0.000572001
0.000286227
9.00864e-05
1.75868e-05
5.5196e-05
2.36675e-05
5.69424e-05
0.000148453
0.000224122
0.000274595
0.00103355
0.00102919
0.000987372
0.000841399
0.000572001
0.000286227
9.00864e-05
1.75868e-05
5.5196e-05
2.36675e-05
5.69424e-05
0.000148453
0.000224122
0.000274595
0.00103355
0.00102919
0.000987372
0.000841399
0.000572001
0.000286227
9.00864e-05
1.75868e-05
5.5196e-05
2.36675e-05
5.69424e-05
0.000148453
0.000224122
0.000274595
0.00103355
0.00102919
0.000987372
0.000841399
0.000572001
0.000286227
9.00864e-05
1.75868e-05
5.5196e-05
2.36675e-05
5.69424e-05
0.000148453
0.000224122
0.000274595
0.00103355
0.00102919
0.000987372
0.000841399
0.000572001
0.000286227
9.00864e-05
1.75868e-05
5.5196e-05
2.36675e-05
5.69424e-05
0.000148453
0.000224122
0.000274595
0.00103355
0.00102919
0.000987372
0.000841399
0.000572001
0.000286227
9.00864e-05
1.75868e-05
5.5196e-05
2.36675e-05
5.69424e-05
0.000148453
0.000224122
0.000274595
0.00103355
0.00102919
0.000987372
0.000841399
0.000572001
0.000286227
9.00864e-05
1.75868e-05
5.5196e-05
2.36675e-05
5.69424e-05
0.000148453
0.000224122
0.000274595
0.00103355
0.00102919
0.000987372
0.000841399
0.000572001
0.000286227
9.00864e-05
1.75868e-05
5.5196e-05
2.36675e-05
5.69424e-05
0.000148453
0.000224122
0.000274595
0.00103355
0.00102919
0.000987372
0.000841399
0.000572001
0.000286227
9.00864e-05
1.75868e-05
5.5196e-05
2.36675e-05
5.69424e-05
0.000148453
0.000224122
0.000274595
0.00103355
0.00102919
0.000987372
0.000841399
0.000572001
0.000286227
9.00864e-05
1.75868e-05
5.5196e-05
2.36675e-05
5.69424e-05
0.000148453
0.000224122
0.000274595
0.00103355
0.00102919
0.000987372
0.000841399
0.000572001
0.000286227
9.00864e-05
1.75868e-05
5.5196e-05
2.36675e-05
5.69424e-05
0.000148453
0.000224122
0.000274595
0.00103355
0.00102919
0.000987372
0.000841399
0.000572001
0.000286227
9.00864e-05
1.75868e-05
5.5196e-05
2.36675e-05
5.69424e-05
0.000148453
0.000224122
0.000274595
0.00103355
0.00102919
0.000987372
0.000841399
0.000572001
0.000286227
9.00864e-05
1.75868e-05
5.5196e-05
2.36675e-05
5.69424e-05
0.000148453
0.000224122
0.000274595
0.00103355
0.00102919
0.000987372
0.000841399
0.000572001
0.000286227
9.00864e-05
1.75868e-05
5.5196e-05
2.36675e-05
5.69424e-05
0.000148453
0.000224122
0.000274595
0.00103355
0.00102919
0.000987372
0.000841399
0.000572001
0.000286227
9.00864e-05
1.75868e-05
5.5196e-05
2.36675e-05
5.69424e-05
0.000148453
0.000224122
0.000274595
0.00103355
0.00102919
0.000987372
0.000841399
0.000572001
0.000286227
9.00864e-05
1.75868e-05
5.5196e-05
2.36675e-05
5.69424e-05
0.000148453
0.000224122
0.000274595
0.00103355
0.00102919
0.000987372
0.000841399
0.000572001
0.000286227
9.00864e-05
1.75868e-05
5.5196e-05
2.36675e-05
5.69424e-05
0.000148453
0.000224122
0.000274595
0.00103355
0.00102919
0.000987372
0.000841399
0.000572001
0.000286227
9.00864e-05
1.75868e-05
5.5196e-05
2.36675e-05
5.69424e-05
0.000148453
0.000224122
0.000274595
0.00103355
0.00102919
0.000987372
0.000841399
0.000572001
0.000286227
9.00864e-05
1.75868e-05
5.5196e-05
2.36675e-05
5.69424e-05
0.000148453
0.000224122
0.000274595
0.00103355
0.00102919
0.000987372
0.000841399
0.000572001
0.000286227
9.00864e-05
1.75868e-05
5.5196e-05
2.36675e-05
5.69424e-05
0.000148453
0.000224122
0.000274595
0.00103355
0.00102919
0.000987372
0.000841399
0.000572001
0.000286227
9.00864e-05
1.75868e-05
5.5196e-05
2.36675e-05
5.69424e-05
0.000148453
0.000224122
0.000274595
0.00103355
0.00102919
0.000987372
0.000841399
0.000572001
0.000286227
9.00864e-05
1.75868e-05
5.5196e-05
2.36675e-05
5.69424e-05
0.000148453
0.000224122
0.000274595
0.00103355
0.00102919
0.000987372
0.000841399
0.000572001
0.000286227
9.00864e-05
1.75868e-05
5.5196e-05
2.36675e-05
5.69424e-05
0.000148453
0.000224122
0.000274595
0.00103355
0.00102919
0.000987372
0.000841399
0.000572001
0.000286227
9.00864e-05
1.75868e-05
5.5196e-05
2.36675e-05
5.69424e-05
0.000148453
0.000224122
0.000274595
0.00103355
0.00102919
0.000987372
0.000841399
0.000572001
0.000286227
9.00864e-05
1.75868e-05
5.5196e-05
2.36675e-05
5.69424e-05
0.000148453
0.000224122
0.000274595
0.00103355
0.00102919
0.000987372
0.000841399
0.000572001
0.000286227
9.00864e-05
1.75868e-05
5.5196e-05
2.36675e-05
5.69424e-05
0.000148453
0.000224122
0.000274595
0.00103355
0.00102919
0.000987372
0.000841399
0.000572001
0.000286227
9.00864e-05
1.75868e-05
5.5196e-05
2.36675e-05
5.69424e-05
0.000148453
0.000224122
0.000274595
0.00103355
0.00102919
0.000987372
0.000841399
0.000572001
0.000286227
9.00864e-05
1.75868e-05
5.5196e-05
2.36675e-05
5.69424e-05
0.000148453
0.000224122
0.000274595
0.00103355
0.00102919
0.000987372
0.000841399
0.000572001
0.000286227
9.00864e-05
1.75868e-05
5.5196e-05
2.36675e-05
5.69424e-05
0.000148453
0.000224122
0.000274595
0.00103355
0.00102919
0.000987372
0.000841399
0.000572001
0.000286227
9.00864e-05
1.75868e-05
5.5196e-05
2.36675e-05
5.69424e-05
0.000148453
0.000224122
0.000274595
0.00103355
0.00102919
0.000987372
0.000841399
0.000572001
0.000286227
9.00864e-05
1.75868e-05
5.5196e-05
2.36675e-05
5.69424e-05
0.000148453
0.000224122
0.000274595
0.00103355
0.00102919
0.000987372
0.000841399
0.000572001
0.000286227
9.00864e-05
1.75868e-05
5.5196e-05
2.36675e-05
5.69424e-05
0.000148453
0.000224122
0.000274595
0.00103355
0.00102919
0.000987372
0.000841399
0.000572001
0.000286227
9.00864e-05
1.75868e-05
5.5196e-05
2.36675e-05
5.69424e-05
0.000148453
0.000224122
0.000274595
0.00103355
0.00102919
0.000987372
0.000841399
0.000572001
0.000286227
9.00864e-05
1.75868e-05
5.5196e-05
2.36675e-05
5.69424e-05
0.000148453
0.000224122
0.000274595
0.00103355
0.00102919
0.000987372
0.000841399
0.000572001
0.000286227
9.00864e-05
1.75868e-05
5.5196e-05
2.36675e-05
5.69424e-05
0.000148453
0.000224122
0.000274595
0.00103355
0.00102919
0.000987372
0.000841399
0.000572001
0.000286227
9.00864e-05
1.75868e-05
5.5196e-05
2.36675e-05
5.69424e-05
0.000148453
0.000224122
0.000274595
0.00103355
0.00102919
0.000987372
0.000841399
0.000572001
0.000286227
9.00864e-05
1.75868e-05
5.5196e-05
2.36675e-05
5.69424e-05
0.000148453
0.000224122
0.000274595
0.00103355
0.00102919
0.000987372
0.000841399
0.000572001
0.000286227
9.00864e-05
1.75868e-05
5.5196e-05
2.36675e-05
5.69424e-05
0.000148453
0.000224122
0.000274595
0.00103355
0.00102919
0.000987372
0.000841399
0.000572001
0.000286227
9.00864e-05
1.75868e-05
5.5196e-05
2.36675e-05
5.69424e-05
0.000148453
0.000224122
0.000274595
0.00103355
0.00102919
0.000987372
0.000841399
0.000572001
0.000286227
9.00864e-05
1.75868e-05
5.5196e-05
2.36675e-05
5.69424e-05
0.000148453
0.000224122
0.000274595
0.00103355
0.00102919
0.000987372
0.000841399
0.000572001
0.000286227
9.00864e-05
1.75868e-05
5.5196e-05
2.36675e-05
5.69424e-05
0.000148453
0.000224122
0.000274595
0.00103355
0.00102919
0.000987372
0.000841399
0.000572001
0.000286227
9.00864e-05
1.75868e-05
5.5196e-05
2.36675e-05
5.69424e-05
0.000148453
0.000224122
0.000274595
0.00103355
0.00102919
0.000987372
0.000841399
0.000572001
0.000286227
9.00864e-05
1.75868e-05
5.5196e-05
2.36675e-05
5.69424e-05
0.000148453
0.000224122
0.000274595
0.00103355
0.00102919
0.000987372
0.000841399
0.000572001
0.000286227
9.00864e-05
1.75868e-05
5.5196e-05
2.36675e-05
5.69424e-05
0.000148453
0.000224122
0.000274595
0.00103355
0.00102919
0.000987372
0.000841399
0.000572001
0.000286227
9.00864e-05
1.75868e-05
5.5196e-05
2.36675e-05
5.69424e-05
0.000148453
0.000224122
0.000274595
0.00103355
0.00102919
0.000987372
0.000841399
0.000572001
0.000286227
9.00864e-05
1.75868e-05
5.5196e-05
2.36675e-05
5.69424e-05
0.000148453
0.000224122
0.000274595
0.00103355
0.00102919
0.000987372
0.000841399
0.000572001
0.000286227
9.00864e-05
1.75868e-05
5.5196e-05
2.36675e-05
5.69424e-05
0.000148453
0.000224122
0.000274595
