0.000742321
0.000741336
0.00073784
0.000737848
0.00069062
0.00052071
0.000288941
0.000106113
2.26628e-05
2.90627e-05
8.67692e-05
0.000168681
0.000268786
0.000384117
0.000742321
0.000666506
7.9849e-05
0.00150208
0.00425025
0.00770724
0.0105691
0.0112618
0.00857751
0.0019821
0.00628448
0.00993429
0.00412869
0.00959351
0.000742321
0.000665636
0.000246908
0.00057154
0.00170008
0.0029778
0.00406358
0.00451418
0.00399921
0.002472
0.000342862
0.00133812
0.00117937
0.00166816
0.000742321
0.000699666
0.000475868
6.26623e-05
0.000496473
0.00114939
0.00172468
0.00201142
0.00187878
0.00133171
0.000535952
0.000165643
0.000305517
0.000498936
0.000742321
0.000719969
0.00060459
0.000397606
9.92468e-05
0.000299786
0.000687236
0.000914253
0.000902354
0.000664055
0.000292666
5.79074e-05
0.000192741
6.05699e-05
0.000742321
0.00073056
0.000670829
0.00056732
0.000395533
0.000113638
0.000192494
0.000395561
0.000433793
0.000319465
0.000116822
8.9863e-05
0.000208986
0.000158119
0.000742321
0.000735929
0.000704258
0.000652511
0.000543235
0.00031792
4.97758e-05
0.000142723
0.000204104
0.000145572
1.81563e-05
0.000123852
0.000233682
0.000269942
0.000742321
0.000738628
0.000721032
0.000695165
0.000616968
0.000419496
0.000169733
1.78201e-05
9.0362e-05
5.83335e-05
3.35633e-05
0.000144963
0.000249964
0.000326708
0.000742321
0.000739981
0.000729433
0.000716503
0.000653804
0.000470147
0.000229429
4.42658e-05
3.37608e-05
1.46536e-05
5.99852e-05
0.000156503
0.000259061
0.000355329
0.000742321
0.000740658
0.000733636
0.000727175
0.000672215
0.00049544
0.000259208
7.5219e-05
5.52688e-06
7.20024e-06
7.33325e-05
0.000162513
0.000263846
0.000369702
0.000742321
0.000740997
0.000735738
0.000732511
0.000681418
0.000508077
0.00027408
9.06734e-05
8.57348e-06
1.81304e-05
8.00398e-05
0.000165577
0.000266297
0.000376904
0.000742321
0.000741166
0.000736789
0.000735179
0.000686019
0.000514394
0.000281512
9.8395e-05
1.56195e-05
2.35963e-05
8.34017e-05
0.000167124
0.000267537
0.000380509
0.000742321
0.000741251
0.000737315
0.000736514
0.00068832
0.000517552
0.000285227
0.000102254
1.91415e-05
2.63295e-05
8.50848e-05
0.000167901
0.00026816
0.000382313
0.000742321
0.000741293
0.000737578
0.000737181
0.00068947
0.000519131
0.000287084
0.000104184
2.09023e-05
2.76961e-05
8.59268e-05
0.000168291
0.000268473
0.000383215
0.000742321
0.000741315
0.000737709
0.000737514
0.000690045
0.00051992
0.000288012
0.000105148
2.17826e-05
2.83794e-05
8.6348e-05
0.000168486
0.00026863
0.000383666
0.000742321
0.000741325
0.000737775
0.000737681
0.000690333
0.000520315
0.000288477
0.000105631
2.22227e-05
2.87211e-05
8.65586e-05
0.000168583
0.000268708
0.000383891
0.000742321
0.00074133
0.000737808
0.000737765
0.000690476
0.000520512
0.000288709
0.000105872
2.24428e-05
2.88919e-05
8.66639e-05
0.000168632
0.000268747
0.000384004
0.000742321
0.000741333
0.000737824
0.000737806
0.000690548
0.000520611
0.000288825
0.000105992
2.25528e-05
2.89773e-05
8.67165e-05
0.000168657
0.000268767
0.00038406
0.000742321
0.000741334
0.000737832
0.000737827
0.000690584
0.00052066
0.000288883
0.000106053
2.26078e-05
2.902e-05
8.67429e-05
0.000168669
0.000268777
0.000384089
0.000742321
0.000741335
0.000737836
0.000737838
0.000690602
0.000520685
0.000288912
0.000106083
2.26353e-05
2.90414e-05
8.6756e-05
0.000168675
0.000268781
0.000384103
0.000742321
0.000741335
0.000737838
0.000737843
0.000690611
0.000520697
0.000288926
0.000106098
2.26491e-05
2.90521e-05
8.67626e-05
0.000168678
0.000268784
0.00038411
0.000742321
0.000741336
0.000737839
0.000737845
0.000690616
0.000520703
0.000288934
0.000106105
2.2656e-05
2.90574e-05
8.67659e-05
0.00016868
0.000268785
0.000384113
0.000742321
0.000741336
0.00073784
0.000737847
0.000690618
0.000520707
0.000288937
0.000106109
2.26594e-05
2.90601e-05
8.67675e-05
0.00016868
0.000268786
0.000384115
0.000742321
0.000741336
0.00073784
0.000737847
0.000690619
0.000520708
0.000288939
0.000106111
2.26611e-05
2.90614e-05
8.67684e-05
0.000168681
0.000268786
0.000384116
0.000742321
0.000741336
0.00073784
0.000737848
0.00069062
0.000520709
0.00028894
0.000106112
2.2662e-05
2.90621e-05
8.67688e-05
0.000168681
0.000268786
0.000384116
0.000742321
0.000741336
0.00073784
0.000737848
0.00069062
0.000520709
0.00028894
0.000106112
2.26624e-05
2.90624e-05
8.6769e-05
0.000168681
0.000268786
0.000384117
0.000742321
0.000741336
0.00073784
0.000737848
0.00069062
0.000520709
0.000288941
0.000106113
2.26626e-05
2.90626e-05
8.67691e-05
0.000168681
0.000268786
0.000384117
0.000742321
0.000741336
0.00073784
0.000737848
0.00069062
0.000520709
0.000288941
0.000106113
2.26627e-05
2.90627e-05
8.67691e-05
0.000168681
0.000268786
0.000384117
0.000742321
0.000741336
0.00073784
0.000737848
0.00069062
0.00052071
0.000288941
0.000106113
2.26628e-05
2.90627e-05
8.67692e-05
0.000168681
0.000268786
0.000384117
0.000742321
0.000741336
0.00073784
0.000737848
0.00069062
0.00052071
0.000288941
0.000106113
2.26628e-05
2.90627e-05
8.67692e-05
0.000168681
0.000268786
0.000384117
0.000742321
0.000741336
0.00073784
0.000737848
0.00069062
0.00052071
0.000288941
0.000106113
2.26628e-05
2.90627e-05
8.67692e-05
0.000168681
0.000268786
0.000384117
0.000742321
0.000741336
0.00073784
0.000737848
0.00069062
0.00052071
0.000288941
0.000106113
2.26628e-05
2.90627e-05
8.67692e-05
0.000168681
0.000268786
0.000384117
0.000742321
0.000741336
0.00073784
0.000737848
0.00069062
0.00052071
0.000288941
0.000106113
2.26628e-05
2.90627e-05
8.67692e-05
0.000168681
0.000268786
0.000384117
0.000742321
0.000741336
0.00073784
0.000737848
0.00069062
0.00052071
0.000288941
0.000106113
2.26628e-05
2.90627e-05
8.67692e-05
0.000168681
0.000268786
0.000384117
0.000742321
0.000741336
0.00073784
0.000737848
0.00069062
0.00052071
0.000288941
0.000106113
2.26628e-05
2.90627e-05
8.67692e-05
0.000168681
0.000268786
0.000384117
0.000742321
0.000741336
0.00073784
0.000737848
0.00069062
0.00052071
0.000288941
0.000106113
2.26628e-05
2.90627e-05
8.67692e-05
0.000168681
0.000268786
0.000384117
0.000742321
0.000741336
0.00073784
0.000737848
0.00069062
0.00052071
0.000288941
0.000106113
2.26628e-05
2.90627e-05
8.67692e-05
0.000168681
0.000268786
0.000384117
0.000742321
0.000741336
0.00073784
0.000737848
0.00069062
0.00052071
0.000288941
0.000106113
2.26628e-05
2.90627e-05
8.67692e-05
0.000168681
0.000268786
0.000384117
0.000742321
0.000741336
0.00073784
0.000737848
0.00069062
0.00052071
0.000288941
0.000106113
2.26628e-05
2.90627e-05
8.67692e-05
0.000168681
0.000268786
0.000384117
0.000742321
0.000741336
0.00073784
0.000737848
0.00069062
0.00052071
0.000288941
0.000106113
2.26628e-05
2.90627e-05
8.67692e-05
0.000168681
0.000268786
0.000384117
0.000742321
0.000741336
0.00073784
0.000737848
0.00069062
0.00052071
0.000288941
0.000106113
2.26628e-05
2.90627e-05
8.67692e-05
0.000168681
0.000268786
0.000384117
0.000742321
0.000741336
0.00073784
0.000737848
0.00069062
0.00052071
0.000288941
0.000106113
2.26628e-05
2.90627e-05
8.67692e-05
0.000168681
0.000268786
0.000384117
0.000742321
0.000741336
0.00073784
0.000737848
0.00069062
0.00052071
0.000288941
0.000106113
2.26628e-05
2.90627e-05
8.67692e-05
0.000168681
0.000268786
0.000384117
0.000742321
0.000741336
0.00073784
0.000737848
0.00069062
0.00052071
0.000288941
0.000106113
2.26628e-05
2.90627e-05
8.67692e-05
0.000168681
0.000268786
0.000384117
0.000742321
0.000741336
0.00073784
0.000737848
0.00069062
0.00052071
0.000288941
0.000106113
2.26628e-05
2.90627e-05
8.67692e-05
0.000168681
0.000268786
0.000384117
0.000742321
0.000741336
0.00073784
0.000737848
0.00069062
0.00052071
0.000288941
0.000106113
2.26628e-05
2.90627e-05
8.67692e-05
0.000168681
0.000268786
0.000384117
0.000742321
0.000741336
0.00073784
0.000737848
0.00069062
0.00052071
0.000288941
0.000106113
2.26628e-05
2.90627e-05
8.67692e-05
0.000168681
0.000268786
0.000384117
0.000742321
0.000741336
0.00073784
0.000737848
0.00069062
0.00052071
0.000288941
0.000106113
2.26628e-05
2.90627e-05
8.67692e-05
0.000168681
0.000268786
0.000384117
0.000742321
0.000741336
0.00073784
0.000737848
0.00069062
0.00052071
0.000288941
0.000106113
2.26628e-05
2.90627e-05
8.67692e-05
0.000168681
0.000268786
0.000384117
0.000742321
0.000741336
0.00073784
0.000737848
0.00069062
0.00052071
0.000288941
0.000106113
2.26628e-05
2.90627e-05
8.67692e-05
0.000168681
0.000268786
0.000384117
0.000742321
0.000741336
0.00073784
0.000737848
0.00069062
0.00052071
0.000288941
0.000106113
2.26628e-05
2.90627e-05
8.67692e-05
0.000168681
0.000268786
0.000384117
0.000742321
0.000741336
0.00073784
0.000737848
0.00069062
0.00052071
0.000288941
0.000106113
2.26628e-05
2.90627e-05
8.67692e-05
0.000168681
0.000268786
0.000384117
0.000742321
0.000741336
0.00073784
0.000737848
0.00069062
0.00052071
0.000288941
0.000106113
2.26628e-05
2.90627e-05
8.67692e-05
0.000168681
0.000268786
0.000384117
0.000742321
0.000741336
0.00073784
0.000737848
0.00069062
0.00052071
0.000288941
0.000106113
2.26628e-05
2.90627e-05
8.67692e-05
0.000168681
0.000268786
0.000384117
0.000742321
0.000741336
0.00073784
0.000737848
0.00069062
0.00052071
0.000288941
0.000106113
2.26628e-05
2.90627e-05
8.67692e-05
0.000168681
0.000268786
0.000384117
0.000742321
0.000741336
0.00073784
0.000737848
0.00069062
0.00052071
0.000288941
0.000106113
2.26628e-05
2.90627e-05
8.67692e-05
0.000168681
0.000268786
0.000384117
0.000742321
0.000741336
0.00073784
0.000737848
0.00069062
0.00052071
0.000288941
0.000106113
2.26628e-05
2.90627e-05
8.67692e-05
0.000168681
0.000268786
0.000384117
0.000742321
0.000741336
0.00073784
0.000737848
0.00069062
0.00052071
0.000288941
0.000106113
2.26628e-05
2.90627e-05
8.67692e-05
0.000168681
0.000268786
0.000384117
0.000742321
0.000741336
0.00073784
0.000737848
0.00069062
0.00052071
0.000288941
0.000106113
2.26628e-05
2.90627e-05
8.67692e-05
0.000168681
0.000268786
0.000384117
0.000742321
0.000741336
0.00073784
0.000737848
0.00069062
0.00052071
0.000288941
0.000106113
2.26628e-05
2.90627e-05
8.67692e-05
0.000168681
0.000268786
0.000384117
0.000742321
0.000741336
0.00073784
0.000737848
0.00069062
0.00052071
0.000288941
0.000106113
2.26628e-05
2.90627e-05
8.67692e-05
0.000168681
0.000268786
0.000384117
0.000742321
0.000741336
0.00073784
0.000737848
0.00069062
0.00052071
0.000288941
0.000106113
2.26628e-05
2.90627e-05
8.67692e-05
0.000168681
0.000268786
0.000384117
0.000742321
0.000741336
0.00073784
0.000737848
0.00069062
0.00052071
0.000288941
0.000106113
2.26628e-05
2.90627e-05
8.67692e-05
0.000168681
0.000268786
0.000384117
0.000742321
0.000741336
0.00073784
0.000737848
0.00069062
0.00052071
0.000288941
0.000106113
2.26628e-05
2.90627e-05
8.67692e-05
0.000168681
0.000268786
0.000384117
0.000742321
0.000741336
0.00073784
0.000737848
0.00069062
0.00052071
0.000288941
0.000106113
2.26628e-05
2.90627e-05
8.67692e-05
0.000168681
0.000268786
0.000384117
0.000742321
0.000741336
0.00073784
0.000737848
0.00069062
0.00052071
0.000288941
0.000106113
2.26628e-05
2.90627e-05
8.67692e-05
0.000168681
0.000268786
0.000384117
0.000742321
0.000741336
0.00073784
0.000737848
0.00069062
0.00052071
0.000288941
0.000106113
2.26628e-05
2.90627e-05
8.67692e-05
0.000168681
0.000268786
0.000384117
0.000742321
0.000741336
0.00073784
0.000737848
0.00069062
0.00052071
0.000288941
0.000106113
2.26628e-05
2.90627e-05
8.67692e-05
0.000168681
0.000268786
0.000384117
0.000742321
0.000741336
0.00073784
0.000737848
0.00069062
0.00052071
0.000288941
0.000106113
2.26628e-05
2.90627e-05
8.67692e-05
0.000168681
0.000268786
0.000384117
0.000742321
0.000741336
0.00073784
0.000737848
0.00069062
0.00052071
0.000288941
0.000106113
2.26628e-05
2.90627e-05
8.67692e-05
0.000168681
0.000268786
0.000384117
0.000742321
0.000741336
0.00073784
0.000737848
0.00069062
0.00052071
0.000288941
0.000106113
2.26628e-05
2.90627e-05
8.67692e-05
0.000168681
0.000268786
0.000384117
0.000742321
0.000741336
0.00073784
0.000737848
0.00069062
0.00052071
0.000288941
0.000106113
2.26628e-05
2.90627e-05
8.67692e-05
0.000168681
0.000268786
0.000384117
0.000742321
0.000741336
0.00073784
0.000737848
0.00069062
0.00052071
0.000288941
0.000106113
2.26628e-05
2.90627e-05
8.67692e-05
0.000168681
0.000268786
0.000384117
0.000742321
0.000741336
0.00073784
0.000737848
0.00069062
0.00052071
0.000288941
0.000106113
2.26628e-05
2.90627e-05
8.67692e-05
0.000168681
0.000268786
0.000384117
0.000742321
0.000741336
0.00073784
0.000737848
0.00069062
0.00052071
0.000288941
0.000106113
2.26628e-05
2.90627e-05
8.67692e-05
0.000168681
0.000268786
0.000384117
0.000742321
0.000741336
0.00073784
0.000737848
0.00069062
0.00052071
0.000288941
0.000106113
2.26628e-05
2.90627e-05
8.67692e-05
0.000168681
0.000268786
0.000384117
0.000742321
0.000741336
0.00073784
0.000737848
0.00069062
0.00052071
0.000288941
0.000106113
2.26628e-05
2.90627e-05
8.67692e-05
0.000168681
0.000268786
0.000384117
0.000742321
0.000741336
0.00073784
0.000737848
0.00069062
0.00052071
0.000288941
0.000106113
2.26628e-05
2.90627e-05
8.67692e-05
0.000168681
0.000268786
0.000384117
0.000742321
0.000741336
0.00073784
0.000737848
0.00069062
0.00052071
0.000288941
0.000106113
2.26628e-05
2.90627e-05
8.67692e-05
0.000168681
0.000268786
0.000384117
0.000742321
0.000741336
0.00073784
0.000737848
0.00069062
0.00052071
0.000288941
0.000106113
2.26628e-05
2.90627e-05
8.67692e-05
0.000168681
0.000268786
0.000384117
0.000742321
0.000741336
0.00073784
0.000737848
0.00069062
0.00052071
0.000288941
0.000106113
2.26628e-05
2.90627e-05
8.67692e-05
0.000168681
0.000268786
0.000384117
0.000742321
0.000741336
0.00073784
0.000737848
0.00069062
0.00052071
0.000288941
0.000106113
2.26628e-05
2.90627e-05
8.67692e-05
0.000168681
0.000268786
0.000384117
0.000742321
0.000741336
0.00073784
0.000737848
0.00069062
0.00052071
0.000288941
0.000106113
2.26628e-05
2.90627e-05
8.67692e-05
0.000168681
0.000268786
0.000384117
0.000742321
0.000741336
0.00073784
0.000737848
0.00069062
0.00052071
0.000288941
0.000106113
2.26628e-05
2.90627e-05
8.67692e-05
0.000168681
0.000268786
0.000384117
0.000742321
0.000741336
0.00073784
0.000737848
0.00069062
0.00052071
0.000288941
0.000106113
2.26628e-05
2.90627e-05
8.67692e-05
0.000168681
0.000268786
0.000384117
0.000742321
0.000741336
0.00073784
0.000737848
0.00069062
0.00052071
0.000288941
0.000106113
2.26628e-05
2.90627e-05
8.67692e-05
0.000168681
0.000268786
0.000384117
0.000742321
0.000741336
0.00073784
0.000737848
0.00069062
0.00052071
0.000288941
0.000106113
2.26628e-05
2.90627e-05
8.67692e-05
0.000168681
0.000268786
0.000384117
0.000742321
0.000741336
0.00073784
0.000737848
0.00069062
0.00052071
0.000288941
0.000106113
2.26628e-05
2.90627e-05
8.67692e-05
0.000168681
0.000268786
0.000384117
0.000742321
0.000741336
0.00073784
0.000737848
0.00069062
0.00052071
0.000288941
0.000106113
2.26628e-05
2.90627e-05
8.67692e-05
0.000168681
0.000268786
0.000384117
0.000742321
0.000741336
0.00073784
0.000737848
0.00069062
0.00052071
0.000288941
0.000106113
2.26628e-05
2.90627e-05
8.67692e-05
0.000168681
0.000268786
0.000384117
0.000742321
0.000741336
0.00073784
0.000737848
0.00069062
0.00052071
0.000288941
0.000106113
2.26628e-05
2.90627e-05
8.67692e-05
0.000168681
0.000268786
0.000384117
0.000742321
0.000741336
0.00073784
0.000737848
0.00069062
0.00052071
0.000288941
0.000106113
2.26628e-05
2.90627e-05
8.67692e-05
0.000168681
0.000268786
0.000384117
0.000742321
0.000741336
0.00073784
0.000737848
0.00069062
0.00052071
0.000288941
0.000106113
2.26628e-05
2.90627e-05
8.67692e-05
0.000168681
0.000268786
0.000384117
0.000742321
0.000741336
0.00073784
0.000737848
0.00069062
0.00052071
0.000288941
0.000106113
2.26628e-05
2.90627e-05
8.67692e-05
0.000168681
0.000268786
0.000384117
0.000742321
0.000741336
0.00073784
0.000737848
0.00069062
0.00052071
0.000288941
0.000106113
2.26628e-05
2.90627e-05
8.67692e-05
0.000168681
0.000268786
0.000384117
0.000742321
0.000741336
0.00073784
0.000737848
0.00069062
0.00052071
0.000288941
0.000106113
2.26628e-05
2.90627e-05
8.67692e-05
0.000168681
0.000268786
0.000384117
0.000742321
0.000741336
0.00073784
0.000737848
0.00069062
0.00052071
0.000288941
0.000106113
2.26628e-05
2.90627e-05
8.67692e-05
0.000168681
0.000268786
0.000384117
0.000742321
0.000741336
0.00073784
0.000737848
0.00069062
0.00052071
0.000288941
0.000106113
2.26628e-05
2.90627e-05
8.67692e-05
0.000168681
0.000268786
0.000384117
0.000742321
0.000741336
0.00073784
0.000737848
0.00069062
0.00052071
0.000288941
0.000106113
2.26628e-05
2.90627e-05
8.67692e-05
0.000168681
0.000268786
0.000384117
0.000742321
0.000741336
0.00073784
0.000737848
0.00069062
0.00052071
0.000288941
0.000106113
2.26628e-05
2.90627e-05
8.67692e-05
0.000168681
0.000268786
0.000384117
0.000742321
0.000741336
0.00073784
0.000737848
0.00069062
0.00052071
0.000288941
0.000106113
2.26628e-05
2.90627e-05
8.67692e-05
0.000168681
0.000268786
0.000384117
0.000742321
0.000741336
0.00073784
0.000737848
0.00069062
0.00052071
0.000288941
0.000106113
2.26628e-05
2.90627e-05
8.67692e-05
0.000168681
0.000268786
0.000384117
0.000742321
0.000741336
0.00073784
0.000737848
0.00069062
0.00052071
0.000288941
0.000106113
2.26628e-05
2.90627e-05
8.67692e-05
0.000168681
0.000268786
0.000384117
0.000742321
0.000741336
0.00073784
0.000737848
0.00069062
0.00052071
0.000288941
0.000106113
2.26628e-05
2.90627e-05
8.67692e-05
0.000168681
0.000268786
0.000384117
0.000742321
0.000741336
0.00073784
0.000737848
0.00069062
0.00052071
0.000288941
0.000106113
2.26628e-05
2.90627e-05
8.67692e-05
0.000168681
0.000268786
0.000384117
0.000742321
0.000741336
0.00073784
0.000737848
0.00069062
0.00052071
0.000288941
0.000106113
2.26628e-05
2.90627e-05
8.67692e-05
0.000168681
0.000268786
0.000384117
0.000742321
0.000741336
0.00073784
0.000737848
0.00069062
0.00052071
0.000288941
0.000106113
2.26628e-05
2.90627e-05
8.67692e-05
0.000168681
0.000268786
0.000384117
0.000742321
0.000741336
0.00073784
0.000737848
0.00069062
0.00052071
0.000288941
0.000106113
2.26628e-05
2.90627e-05
8.67692e-05
0.000168681
0.000268786
0.000384117
0.000742321
0.000741336
0.00073784
0.000737848
0.00069062
0.00052071
0.000288941
0.000106113
2.26628e-05
2.90627e-05
8.67692e-05
0.000168681
0.000268786
0.000384117
0.000742321
0.000741336
0.00073784
0.000737848
0.00069062
0.00052071
0.000288941
0.000106113
2.26628e-05
2.90627e-05
8.67692e-05
0.000168681
0.000268786
0.000384117
0.000742321
0.000741336
0.00073784
0.000737848
0.00069062
0.00052071
0.000288941
0.000106113
2.26628e-05
2.90627e-05
8.67692e-05
0.000168681
0.000268786
0.000384117
0.000742321
0.000741336
0.00073784
0.000737848
0.00069062
0.00052071
0.000288941
0.000106113
2.26628e-05
2.90627e-05
8.67692e-05
0.000168681
0.000268786
0.000384117
0.000742321
0.000741336
0.00073784
0.000737848
0.00069062
0.00052071
0.000288941
0.000106113
2.26628e-05
2.90627e-05
8.67692e-05
0.000168681
0.000268786
0.000384117
0.000742321
0.000741336
0.00073784
0.000737848
0.00069062
0.00052071
0.000288941
0.000106113
2.26628e-05
2.90627e-05
8.67692e-05
0.000168681
0.000268786
0.000384117
0.000742321
0.000741336
0.00073784
0.000737848
0.00069062
0.00052071
0.000288941
0.000106113
2.26628e-05
2.90627e-05
8.67692e-05
0.000168681
0.000268786
0.000384117
0.000742321
0.000741336
0.00073784
0.000737848
0.00069062
0.00052071
0.000288941
0.000106113
2.26628e-05
2.90627e-05
8.67692e-05
0.000168681
0.000268786
0.000384117
0.000742321
0.000741336
0.00073784
0.000737848
0.00069062
0.00052071
0.000288941
0.000106113
2.26628e-05
2.90627e-05
8.67692e-05
0.000168681
0.000268786
0.000384117
0.000742321
0.000741336
0.00073784
0.000737848
0.00069062
0.00052071
0.000288941
0.000106113
2.26628e-05
2.90627e-05
8.67692e-05
0.000168681
0.000268786
0.000384117
0.000742321
0.000741336
0.00073784
0.000737848
0.00069062
0.00052071
0.000288941
0.000106113
2.26628e-05
2.90627e-05
8.67692e-05
0.000168681
0.000268786
0.000384117
0.000742321
0.000741336
0.00073784
0.000737848
0.00069062
0.00052071
0.000288941
0.000106113
2.26628e-05
2.90627e-05
8.67692e-05
0.000168681
0.000268786
0.000384117
0.000742321
0.000741336
0.00073784
0.000737848
0.00069062
0.00052071
0.000288941
0.000106113
2.26628e-05
2.90627e-05
8.67692e-05
0.000168681
0.000268786
0.000384117
0.00037116
0.00037248
0.000379705
0.000395158
0.000386104
0.000306469
0.000184845
8.0558e-05
2.57118e-05
2.05086e-05
4.70906e-05
9.16228e-05
0.000150545
0.000221096
0.00037116
0.000346355
0.000116203
0.000576759
0.00187413
0.00359616
0.00509183
0.005541
0.0043102
0.00109372
0.00309338
0.005134
0.0025314
0.00429339
0.00037116
0.000339006
0.000159658
0.00020096
0.000720778
0.00134143
0.00189875
0.00216145
0.00194665
0.00121444
0.000155595
0.000714929
0.000695794
0.000663815
0.00037116
0.00035359
0.000260122
8.42988e-05
0.000165915
0.000479025
0.000773845
0.000939092
0.00089798
0.000643017
0.000251121
0.000109129
0.000202712
0.000168365
0.00037116
0.000362715
0.000318495
0.000237851
0.000110595
7.92756e-05
0.000278898
0.000409143
0.000421829
0.000315926
0.000134653
4.60346e-05
0.000127937
2.17063e-05
0.00037116
0.000367538
0.000348839
0.000316171
0.00024851
0.000115116
4.36437e-05
0.000159839
0.000194715
0.000148323
5.0407e-05
5.7203e-05
0.000128083
0.000118957
0.00037116
0.000369996
0.000364217
0.000355596
0.000317352
0.000211148
7.13889e-05
3.85938e-05
8.36968e-05
6.40054e-05
3.14969e-06
7.17265e-05
0.000136655
0.0001693
0.00037116
0.000371235
0.000371949
0.000375362
0.00035174
0.000258895
0.000128307
2.12357e-05
2.87952e-05
2.17669e-05
2.16167e-05
8.10291e-05
0.000142952
0.000195005
0.00037116
0.000371857
0.000375824
0.000385256
0.000368925
0.000282703
0.000156623
5.09593e-05
1.49287e-06
6.33089e-07
3.42675e-05
8.61678e-05
0.000146588
0.000208001
0.00037116
0.000372168
0.000377764
0.000390206
0.000377515
0.000294592
0.000170746
6.57741e-05
1.21216e-05
9.93685e-06
4.06578e-05
8.88561e-05
0.000148527
0.000214536
0.00037116
0.000372324
0.000378734
0.000392682
0.00038181
0.000300532
0.000177798
7.31699e-05
1.89198e-05
1.52225e-05
4.38689e-05
9.02297e-05
0.000149526
0.000217813
0.00037116
0.000372402
0.000379219
0.00039392
0.000383957
0.000303501
0.000181322
7.68649e-05
2.23166e-05
1.78655e-05
4.54784e-05
9.09239e-05
0.000150033
0.000219453
0.00037116
0.000372441
0.000379462
0.000394539
0.000385031
0.000304985
0.000183084
7.87117e-05
2.40144e-05
1.9187e-05
4.62842e-05
9.12727e-05
0.000150288
0.000220274
0.00037116
0.00037246
0.000379583
0.000394848
0.000385567
0.000305727
0.000183964
7.96349e-05
2.48632e-05
1.98478e-05
4.66873e-05
9.14476e-05
0.000150416
0.000220685
0.00037116
0.00037247
0.000379644
0.000395003
0.000385836
0.000306098
0.000184405
8.00965e-05
2.52875e-05
2.01782e-05
4.68889e-05
9.15352e-05
0.000150481
0.00022089
0.00037116
0.000372475
0.000379675
0.000395081
0.00038597
0.000306284
0.000184625
8.03273e-05
2.54997e-05
2.03434e-05
4.69897e-05
9.1579e-05
0.000150513
0.000220993
0.00037116
0.000372477
0.00037969
0.000395119
0.000386037
0.000306377
0.000184735
8.04426e-05
2.56058e-05
2.0426e-05
4.70402e-05
9.16009e-05
0.000150529
0.000221044
0.00037116
0.000372479
0.000379697
0.000395139
0.000386071
0.000306423
0.00018479
8.05003e-05
2.56588e-05
2.04673e-05
4.70654e-05
9.16119e-05
0.000150537
0.00022107
0.00037116
0.000372479
0.000379701
0.000395148
0.000386087
0.000306446
0.000184817
8.05292e-05
2.56853e-05
2.04879e-05
4.7078e-05
9.16174e-05
0.000150541
0.000221083
0.00037116
0.00037248
0.000379703
0.000395153
0.000386096
0.000306458
0.000184831
8.05436e-05
2.56986e-05
2.04982e-05
4.70843e-05
9.16201e-05
0.000150543
0.000221089
0.00037116
0.00037248
0.000379704
0.000395155
0.0003861
0.000306464
0.000184838
8.05508e-05
2.57052e-05
2.05034e-05
4.70874e-05
9.16215e-05
0.000150544
0.000221093
0.00037116
0.00037248
0.000379704
0.000395157
0.000386102
0.000306466
0.000184842
8.05544e-05
2.57085e-05
2.0506e-05
4.7089e-05
9.16222e-05
0.000150544
0.000221094
0.00037116
0.00037248
0.000379705
0.000395157
0.000386103
0.000306468
0.000184843
8.05562e-05
2.57102e-05
2.05073e-05
4.70898e-05
9.16225e-05
0.000150545
0.000221095
0.00037116
0.00037248
0.000379705
0.000395158
0.000386104
0.000306469
0.000184844
8.05571e-05
2.5711e-05
2.05079e-05
4.70902e-05
9.16227e-05
0.000150545
0.000221095
0.00037116
0.00037248
0.000379705
0.000395158
0.000386104
0.000306469
0.000184845
8.05576e-05
2.57114e-05
2.05082e-05
4.70904e-05
9.16228e-05
0.000150545
0.000221096
0.00037116
0.00037248
0.000379705
0.000395158
0.000386104
0.000306469
0.000184845
8.05578e-05
2.57116e-05
2.05084e-05
4.70905e-05
9.16228e-05
0.000150545
0.000221096
0.00037116
0.00037248
0.000379705
0.000395158
0.000386104
0.000306469
0.000184845
8.05579e-05
2.57117e-05
2.05085e-05
4.70905e-05
9.16228e-05
0.000150545
0.000221096
0.00037116
0.00037248
0.000379705
0.000395158
0.000386104
0.000306469
0.000184845
8.0558e-05
2.57118e-05
2.05085e-05
4.70906e-05
9.16228e-05
0.000150545
0.000221096
0.00037116
0.00037248
0.000379705
0.000395158
0.000386104
0.000306469
0.000184845
8.0558e-05
2.57118e-05
2.05085e-05
4.70906e-05
9.16228e-05
0.000150545
0.000221096
0.00037116
0.00037248
0.000379705
0.000395158
0.000386104
0.000306469
0.000184845
8.0558e-05
2.57118e-05
2.05085e-05
4.70906e-05
9.16228e-05
0.000150545
0.000221096
0.00037116
0.00037248
0.000379705
0.000395158
0.000386104
0.000306469
0.000184845
8.0558e-05
2.57118e-05
2.05086e-05
4.70906e-05
9.16228e-05
0.000150545
0.000221096
0.00037116
0.00037248
0.000379705
0.000395158
0.000386104
0.000306469
0.000184845
8.0558e-05
2.57118e-05
2.05086e-05
4.70906e-05
9.16228e-05
0.000150545
0.000221096
0.00037116
0.00037248
0.000379705
0.000395158
0.000386104
0.000306469
0.000184845
8.0558e-05
2.57118e-05
2.05086e-05
4.70906e-05
9.16228e-05
0.000150545
0.000221096
0.00037116
0.00037248
0.000379705
0.000395158
0.000386104
0.000306469
0.000184845
8.0558e-05
2.57118e-05
2.05086e-05
4.70906e-05
9.16228e-05
0.000150545
0.000221096
0.00037116
0.00037248
0.000379705
0.000395158
0.000386104
0.000306469
0.000184845
8.0558e-05
2.57118e-05
2.05086e-05
4.70906e-05
9.16228e-05
0.000150545
0.000221096
0.00037116
0.00037248
0.000379705
0.000395158
0.000386104
0.000306469
0.000184845
8.0558e-05
2.57118e-05
2.05086e-05
4.70906e-05
9.16228e-05
0.000150545
0.000221096
0.00037116
0.00037248
0.000379705
0.000395158
0.000386104
0.000306469
0.000184845
8.0558e-05
2.57118e-05
2.05086e-05
4.70906e-05
9.16228e-05
0.000150545
0.000221096
0.00037116
0.00037248
0.000379705
0.000395158
0.000386104
0.000306469
0.000184845
8.0558e-05
2.57118e-05
2.05086e-05
4.70906e-05
9.16228e-05
0.000150545
0.000221096
0.00037116
0.00037248
0.000379705
0.000395158
0.000386104
0.000306469
0.000184845
8.0558e-05
2.57118e-05
2.05086e-05
4.70906e-05
9.16228e-05
0.000150545
0.000221096
0.00037116
0.00037248
0.000379705
0.000395158
0.000386104
0.000306469
0.000184845
8.0558e-05
2.57118e-05
2.05086e-05
4.70906e-05
9.16228e-05
0.000150545
0.000221096
0.00037116
0.00037248
0.000379705
0.000395158
0.000386104
0.000306469
0.000184845
8.0558e-05
2.57118e-05
2.05086e-05
4.70906e-05
9.16228e-05
0.000150545
0.000221096
0.00037116
0.00037248
0.000379705
0.000395158
0.000386104
0.000306469
0.000184845
8.0558e-05
2.57118e-05
2.05086e-05
4.70906e-05
9.16228e-05
0.000150545
0.000221096
0.00037116
0.00037248
0.000379705
0.000395158
0.000386104
0.000306469
0.000184845
8.0558e-05
2.57118e-05
2.05086e-05
4.70906e-05
9.16228e-05
0.000150545
0.000221096
0.00037116
0.00037248
0.000379705
0.000395158
0.000386104
0.000306469
0.000184845
8.0558e-05
2.57118e-05
2.05086e-05
4.70906e-05
9.16228e-05
0.000150545
0.000221096
0.00037116
0.00037248
0.000379705
0.000395158
0.000386104
0.000306469
0.000184845
8.0558e-05
2.57118e-05
2.05086e-05
4.70906e-05
9.16228e-05
0.000150545
0.000221096
0.00037116
0.00037248
0.000379705
0.000395158
0.000386104
0.000306469
0.000184845
8.0558e-05
2.57118e-05
2.05086e-05
4.70906e-05
9.16228e-05
0.000150545
0.000221096
0.00037116
0.00037248
0.000379705
0.000395158
0.000386104
0.000306469
0.000184845
8.0558e-05
2.57118e-05
2.05086e-05
4.70906e-05
9.16228e-05
0.000150545
0.000221096
0.00037116
0.00037248
0.000379705
0.000395158
0.000386104
0.000306469
0.000184845
8.0558e-05
2.57118e-05
2.05086e-05
4.70906e-05
9.16228e-05
0.000150545
0.000221096
0.00037116
0.00037248
0.000379705
0.000395158
0.000386104
0.000306469
0.000184845
8.0558e-05
2.57118e-05
2.05086e-05
4.70906e-05
9.16228e-05
0.000150545
0.000221096
0.00037116
0.00037248
0.000379705
0.000395158
0.000386104
0.000306469
0.000184845
8.0558e-05
2.57118e-05
2.05086e-05
4.70906e-05
9.16228e-05
0.000150545
0.000221096
0.00037116
0.00037248
0.000379705
0.000395158
0.000386104
0.000306469
0.000184845
8.0558e-05
2.57118e-05
2.05086e-05
4.70906e-05
9.16228e-05
0.000150545
0.000221096
0.00037116
0.00037248
0.000379705
0.000395158
0.000386104
0.000306469
0.000184845
8.0558e-05
2.57118e-05
2.05086e-05
4.70906e-05
9.16228e-05
0.000150545
0.000221096
0.00037116
0.00037248
0.000379705
0.000395158
0.000386104
0.000306469
0.000184845
8.0558e-05
2.57118e-05
2.05086e-05
4.70906e-05
9.16228e-05
0.000150545
0.000221096
0.00037116
0.00037248
0.000379705
0.000395158
0.000386104
0.000306469
0.000184845
8.0558e-05
2.57118e-05
2.05086e-05
4.70906e-05
9.16228e-05
0.000150545
0.000221096
0.00037116
0.00037248
0.000379705
0.000395158
0.000386104
0.000306469
0.000184845
8.0558e-05
2.57118e-05
2.05086e-05
4.70906e-05
9.16228e-05
0.000150545
0.000221096
0.00037116
0.00037248
0.000379705
0.000395158
0.000386104
0.000306469
0.000184845
8.0558e-05
2.57118e-05
2.05086e-05
4.70906e-05
9.16228e-05
0.000150545
0.000221096
0.00037116
0.00037248
0.000379705
0.000395158
0.000386104
0.000306469
0.000184845
8.0558e-05
2.57118e-05
2.05086e-05
4.70906e-05
9.16228e-05
0.000150545
0.000221096
0.00037116
0.00037248
0.000379705
0.000395158
0.000386104
0.000306469
0.000184845
8.0558e-05
2.57118e-05
2.05086e-05
4.70906e-05
9.16228e-05
0.000150545
0.000221096
0.00037116
0.00037248
0.000379705
0.000395158
0.000386104
0.000306469
0.000184845
8.0558e-05
2.57118e-05
2.05086e-05
4.70906e-05
9.16228e-05
0.000150545
0.000221096
0.00037116
0.00037248
0.000379705
0.000395158
0.000386104
0.000306469
0.000184845
8.0558e-05
2.57118e-05
2.05086e-05
4.70906e-05
9.16228e-05
0.000150545
0.000221096
0.00037116
0.00037248
0.000379705
0.000395158
0.000386104
0.000306469
0.000184845
8.0558e-05
2.57118e-05
2.05086e-05
4.70906e-05
9.16228e-05
0.000150545
0.000221096
0.00037116
0.00037248
0.000379705
0.000395158
0.000386104
0.000306469
0.000184845
8.0558e-05
2.57118e-05
2.05086e-05
4.70906e-05
9.16228e-05
0.000150545
0.000221096
0.00037116
0.00037248
0.000379705
0.000395158
0.000386104
0.000306469
0.000184845
8.0558e-05
2.57118e-05
2.05086e-05
4.70906e-05
9.16228e-05
0.000150545
0.000221096
0.00037116
0.00037248
0.000379705
0.000395158
0.000386104
0.000306469
0.000184845
8.0558e-05
2.57118e-05
2.05086e-05
4.70906e-05
9.16228e-05
0.000150545
0.000221096
0.00037116
0.00037248
0.000379705
0.000395158
0.000386104
0.000306469
0.000184845
8.0558e-05
2.57118e-05
2.05086e-05
4.70906e-05
9.16228e-05
0.000150545
0.000221096
0.00037116
0.00037248
0.000379705
0.000395158
0.000386104
0.000306469
0.000184845
8.0558e-05
2.57118e-05
2.05086e-05
4.70906e-05
9.16228e-05
0.000150545
0.000221096
0.00037116
0.00037248
0.000379705
0.000395158
0.000386104
0.000306469
0.000184845
8.0558e-05
2.57118e-05
2.05086e-05
4.70906e-05
9.16228e-05
0.000150545
0.000221096
0.00037116
0.00037248
0.000379705
0.000395158
0.000386104
0.000306469
0.000184845
8.0558e-05
2.57118e-05
2.05086e-05
4.70906e-05
9.16228e-05
0.000150545
0.000221096
0.00037116
0.00037248
0.000379705
0.000395158
0.000386104
0.000306469
0.000184845
8.0558e-05
2.57118e-05
2.05086e-05
4.70906e-05
9.16228e-05
0.000150545
0.000221096
0.00037116
0.00037248
0.000379705
0.000395158
0.000386104
0.000306469
0.000184845
8.0558e-05
2.57118e-05
2.05086e-05
4.70906e-05
9.16228e-05
0.000150545
0.000221096
0.00037116
0.00037248
0.000379705
0.000395158
0.000386104
0.000306469
0.000184845
8.0558e-05
2.57118e-05
2.05086e-05
4.70906e-05
9.16228e-05
0.000150545
0.000221096
0.00037116
0.00037248
0.000379705
0.000395158
0.000386104
0.000306469
0.000184845
8.0558e-05
2.57118e-05
2.05086e-05
4.70906e-05
9.16228e-05
0.000150545
0.000221096
0.00037116
0.00037248
0.000379705
0.000395158
0.000386104
0.000306469
0.000184845
8.0558e-05
2.57118e-05
2.05086e-05
4.70906e-05
9.16228e-05
0.000150545
0.000221096
0.00037116
0.00037248
0.000379705
0.000395158
0.000386104
0.000306469
0.000184845
8.0558e-05
2.57118e-05
2.05086e-05
4.70906e-05
9.16228e-05
0.000150545
0.000221096
0.00037116
0.00037248
0.000379705
0.000395158
0.000386104
0.000306469
0.000184845
8.0558e-05
2.57118e-05
2.05086e-05
4.70906e-05
9.16228e-05
0.000150545
0.000221096
0.00037116
0.00037248
0.000379705
0.000395158
0.000386104
0.000306469
0.000184845
8.0558e-05
2.57118e-05
2.05086e-05
4.70906e-05
9.16228e-05
0.000150545
0.000221096
0.00037116
0.00037248
0.000379705
0.000395158
0.000386104
0.000306469
0.000184845
8.0558e-05
2.57118e-05
2.05086e-05
4.70906e-05
9.16228e-05
0.000150545
0.000221096
0.00037116
0.00037248
0.000379705
0.000395158
0.000386104
0.000306469
0.000184845
8.0558e-05
2.57118e-05
2.05086e-05
4.70906e-05
9.16228e-05
0.000150545
0.000221096
0.00037116
0.00037248
0.000379705
0.000395158
0.000386104
0.000306469
0.000184845
8.0558e-05
2.57118e-05
2.05086e-05
4.70906e-05
9.16228e-05
0.000150545
0.000221096
0.00037116
0.00037248
0.000379705
0.000395158
0.000386104
0.000306469
0.000184845
8.0558e-05
2.57118e-05
2.05086e-05
4.70906e-05
9.16228e-05
0.000150545
0.000221096
0.00037116
0.00037248
0.000379705
0.000395158
0.000386104
0.000306469
0.000184845
8.0558e-05
2.57118e-05
2.05086e-05
4.70906e-05
9.16228e-05
0.000150545
0.000221096
0.00037116
0.00037248
0.000379705
0.000395158
0.000386104
0.000306469
0.000184845
8.0558e-05
2.57118e-05
2.05086e-05
4.70906e-05
9.16228e-05
0.000150545
0.000221096
0.00037116
0.00037248
0.000379705
0.000395158
0.000386104
0.000306469
0.000184845
8.0558e-05
2.57118e-05
2.05086e-05
4.70906e-05
9.16228e-05
0.000150545
0.000221096
0.00037116
0.00037248
0.000379705
0.000395158
0.000386104
0.000306469
0.000184845
8.0558e-05
2.57118e-05
2.05086e-05
4.70906e-05
9.16228e-05
0.000150545
0.000221096
0.00037116
0.00037248
0.000379705
0.000395158
0.000386104
0.000306469
0.000184845
8.0558e-05
2.57118e-05
2.05086e-05
4.70906e-05
9.16228e-05
0.000150545
0.000221096
0.00037116
0.00037248
0.000379705
0.000395158
0.000386104
0.000306469
0.000184845
8.0558e-05
2.57118e-05
2.05086e-05
4.70906e-05
9.16228e-05
0.000150545
0.000221096
0.00037116
0.00037248
0.000379705
0.000395158
0.000386104
0.000306469
0.000184845
8.0558e-05
2.57118e-05
2.05086e-05
4.70906e-05
9.16228e-05
0.000150545
0.000221096
0.00037116
0.00037248
0.000379705
0.000395158
0.000386104
0.000306469
0.000184845
8.0558e-05
2.57118e-05
2.05086e-05
4.70906e-05
9.16228e-05
0.000150545
0.000221096
0.00037116
0.00037248
0.000379705
0.000395158
0.000386104
0.000306469
0.000184845
8.0558e-05
2.57118e-05
2.05086e-05
4.70906e-05
9.16228e-05
0.000150545
0.000221096
0.00037116
0.00037248
0.000379705
0.000395158
0.000386104
0.000306469
0.000184845
8.0558e-05
2.57118e-05
2.05086e-05
4.70906e-05
9.16228e-05
0.000150545
0.000221096
0.00037116
0.00037248
0.000379705
0.000395158
0.000386104
0.000306469
0.000184845
8.0558e-05
2.57118e-05
2.05086e-05
4.70906e-05
9.16228e-05
0.000150545
0.000221096
0.00037116
0.00037248
0.000379705
0.000395158
0.000386104
0.000306469
0.000184845
8.0558e-05
2.57118e-05
2.05086e-05
4.70906e-05
9.16228e-05
0.000150545
0.000221096
0.00037116
0.00037248
0.000379705
0.000395158
0.000386104
0.000306469
0.000184845
8.0558e-05
2.57118e-05
2.05086e-05
4.70906e-05
9.16228e-05
0.000150545
0.000221096
0.00037116
0.00037248
0.000379705
0.000395158
0.000386104
0.000306469
0.000184845
8.0558e-05
2.57118e-05
2.05086e-05
4.70906e-05
9.16228e-05
0.000150545
0.000221096
0.00037116
0.00037248
0.000379705
0.000395158
0.000386104
0.000306469
0.000184845
8.0558e-05
2.57118e-05
2.05086e-05
4.70906e-05
9.16228e-05
0.000150545
0.000221096
0.00037116
0.00037248
0.000379705
0.000395158
0.000386104
0.000306469
0.000184845
8.0558e-05
2.57118e-05
2.05086e-05
4.70906e-05
9.16228e-05
0.000150545
0.000221096
0.00037116
0.00037248
0.000379705
0.000395158
0.000386104
0.000306469
0.000184845
8.0558e-05
2.57118e-05
2.05086e-05
4.70906e-05
9.16228e-05
0.000150545
0.000221096
0.00037116
0.00037248
0.000379705
0.000395158
0.000386104
0.000306469
0.000184845
8.0558e-05
2.57118e-05
2.05086e-05
4.70906e-05
9.16228e-05
0.000150545
0.000221096
0.00037116
0.00037248
0.000379705
0.000395158
0.000386104
0.000306469
0.000184845
8.0558e-05
2.57118e-05
2.05086e-05
4.70906e-05
9.16228e-05
0.000150545
0.000221096
0.00037116
0.00037248
0.000379705
0.000395158
0.000386104
0.000306469
0.000184845
8.0558e-05
2.57118e-05
2.05086e-05
4.70906e-05
9.16228e-05
0.000150545
0.000221096
0.00037116
0.00037248
0.000379705
0.000395158
0.000386104
0.000306469
0.000184845
8.0558e-05
2.57118e-05
2.05086e-05
4.70906e-05
9.16228e-05
0.000150545
0.000221096
0.00037116
0.00037248
0.000379705
0.000395158
0.000386104
0.000306469
0.000184845
8.0558e-05
2.57118e-05
2.05086e-05
4.70906e-05
9.16228e-05
0.000150545
0.000221096
0.00037116
0.00037248
0.000379705
0.000395158
0.000386104
0.000306469
0.000184845
8.0558e-05
2.57118e-05
2.05086e-05
4.70906e-05
9.16228e-05
0.000150545
0.000221096
0.00037116
0.00037248
0.000379705
0.000395158
0.000386104
0.000306469
0.000184845
8.0558e-05
2.57118e-05
2.05086e-05
4.70906e-05
9.16228e-05
0.000150545
0.000221096
0.00037116
0.00037248
0.000379705
0.000395158
0.000386104
0.000306469
0.000184845
8.0558e-05
2.57118e-05
2.05086e-05
4.70906e-05
9.16228e-05
0.000150545
0.000221096
0.00037116
0.00037248
0.000379705
0.000395158
0.000386104
0.000306469
0.000184845
8.0558e-05
2.57118e-05
2.05086e-05
4.70906e-05
9.16228e-05
0.000150545
0.000221096
0.00037116
0.00037248
0.000379705
0.000395158
0.000386104
0.000306469
0.000184845
8.0558e-05
2.57118e-05
2.05086e-05
4.70906e-05
9.16228e-05
0.000150545
0.000221096
0.00037116
0.00037248
0.000379705
0.000395158
0.000386104
0.000306469
0.000184845
8.0558e-05
2.57118e-05
2.05086e-05
4.70906e-05
9.16228e-05
0.000150545
0.000221096
0.00037116
0.00037248
0.000379705
0.000395158
0.000386104
0.000306469
0.000184845
8.0558e-05
2.57118e-05
2.05086e-05
4.70906e-05
9.16228e-05
0.000150545
0.000221096
0.00037116
0.00037248
0.000379705
0.000395158
0.000386104
0.000306469
0.000184845
8.0558e-05
2.57118e-05
2.05086e-05
4.70906e-05
9.16228e-05
0.000150545
0.000221096
0.00037116
0.00037248
0.000379705
0.000395158
0.000386104
0.000306469
0.000184845
8.0558e-05
2.57118e-05
2.05086e-05
4.70906e-05
9.16228e-05
0.000150545
0.000221096
0.00037116
0.00037248
0.000379705
0.000395158
0.000386104
0.000306469
0.000184845
8.0558e-05
2.57118e-05
2.05086e-05
4.70906e-05
9.16228e-05
0.000150545
0.000221096
0.00037116
0.00037248
0.000379705
0.000395158
0.000386104
0.000306469
0.000184845
8.0558e-05
2.57118e-05
2.05086e-05
4.70906e-05
9.16228e-05
0.000150545
0.000221096
0.00037116
0.00037248
0.000379705
0.000395158
0.000386104
0.000306469
0.000184845
8.0558e-05
2.57118e-05
2.05086e-05
4.70906e-05
9.16228e-05
0.000150545
0.000221096
0.00037116
0.00037248
0.000379705
0.000395158
0.000386104
0.000306469
0.000184845
8.0558e-05
2.57118e-05
2.05086e-05
4.70906e-05
9.16228e-05
0.000150545
0.000221096
0.00037116
0.00037248
0.000379705
0.000395158
0.000386104
0.000306469
0.000184845
8.0558e-05
2.57118e-05
2.05086e-05
4.70906e-05
9.16228e-05
0.000150545
0.000221096
0.00037116
0.00037248
0.000379705
0.000395158
0.000386104
0.000306469
0.000184845
8.0558e-05
2.57118e-05
2.05086e-05
4.70906e-05
9.16228e-05
0.000150545
0.000221096
0.00037116
0.00037248
0.000379705
0.000395158
0.000386104
0.000306469
0.000184845
8.0558e-05
2.57118e-05
2.05086e-05
4.70906e-05
9.16228e-05
0.000150545
0.000221096
0.00037116
0.00037248
0.000379705
0.000395158
0.000386104
0.000306469
0.000184845
8.0558e-05
2.57118e-05
2.05086e-05
4.70906e-05
9.16228e-05
0.000150545
0.000221096
0.00037116
0.00037248
0.000379705
0.000395158
0.000386104
0.000306469
0.000184845
8.0558e-05
2.57118e-05
2.05086e-05
4.70906e-05
9.16228e-05
0.000150545
0.000221096
0.00037116
0.00037248
0.000379705
0.000395158
0.000386104
0.000306469
0.000184845
8.0558e-05
2.57118e-05
2.05086e-05
4.70906e-05
9.16228e-05
0.000150545
0.000221096
0.00024744
0.000248319
0.000253133
0.000263432
0.000257396
0.000204313
0.000123241
5.37241e-05
1.71588e-05
1.36788e-05
3.13801e-05
6.10406e-05
0.000100289
0.00014729
0.00024744
0.000234321
9.74596e-05
0.000338605
0.0011826
0.00232789
0.00334207
0.00367011
0.00288185
0.000762473
0.00204321
0.00346681
0.00182119
0.00271135
0.00024744
0.000227343
0.000114273
0.000115706
0.000452562
0.000861843
0.00123576
0.00141855
0.00128493
0.000804438
0.000100114
0.000487829
0.000490506
0.000399534
0.00024744
0.000236325
0.000176944
6.45588e-05
9.75097e-05
0.000303619
0.000500516
0.000613473
0.000589941
0.000423296
0.000163345
7.845e-05
0.000145227
9.64594e-05
0.00024744
0.000242093
0.000214008
0.000162577
8.00879e-05
4.50977e-05
0.00017819
0.000266212
0.00027643
0.000207408
8.7301e-05
3.36346e-05
8.98821e-05
2.13838e-05
0.00024744
0.000245163
0.000233377
0.000212743
0.000168804
8.05926e-05
2.52114e-05
0.000103222
0.000127314
9.71616e-05
3.22807e-05
3.96202e-05
8.75735e-05
8.25229e-05
0.00024744
0.000246732
0.000243214
0.000238032
0.000213119
0.000142683
4.95419e-05
2.40393e-05
5.45196e-05
4.17808e-05
1.42178e-06
4.8548e-05
9.21432e-05
0.000114382
0.00024744
0.000247523
0.000248164
0.000250719
0.000235263
0.000173554
8.65187e-05
1.50144e-05
1.85437e-05
1.40569e-05
1.47489e-05
5.43661e-05
9.57803e-05
0.000130697
0.00024744
0.000247921
0.000250646
0.000257073
0.000246331
0.000188947
0.000104911
3.44116e-05
6.58622e-07
1.90098e-07
2.30084e-05
5.75984e-05
9.79271e-05
0.000138958
0.00024744
0.00024812
0.000251889
0.000260251
0.000251864
0.000196634
0.000114084
4.40783e-05
8.2585e-06
6.74416e-06
2.71805e-05
5.92935e-05
9.90813e-05
0.000143115
0.00024744
0.00024822
0.000252511
0.000261841
0.00025463
0.000200474
0.000118664
4.89038e-05
1.27107e-05
1.02115e-05
2.92769e-05
6.01606e-05
9.96784e-05
0.000145201
0.00024744
0.000248269
0.000252822
0.000262637
0.000256013
0.000202394
0.000120953
5.13146e-05
1.49353e-05
1.19451e-05
3.03276e-05
6.0599e-05
9.9982e-05
0.000146245
0.00024744
0.000248294
0.000252978
0.000263034
0.000256705
0.000203354
0.000122097
5.25195e-05
1.60472e-05
1.2812e-05
3.08537e-05
6.08194e-05
0.000100135
0.000146767
0.00024744
0.000248307
0.000253055
0.000263233
0.00025705
0.000203834
0.000122669
5.31218e-05
1.6603e-05
1.32454e-05
3.11168e-05
6.09299e-05
0.000100212
0.000147029
0.00024744
0.000248313
0.000253094
0.000263332
0.000257223
0.000204073
0.000122955
5.3423e-05
1.68809e-05
1.34621e-05
3.12485e-05
6.09852e-05
0.00010025
0.000147159
0.00024744
0.000248316
0.000253114
0.000263382
0.00025731
0.000204193
0.000123098
5.35735e-05
1.70199e-05
1.35705e-05
3.13143e-05
6.10129e-05
0.00010027
0.000147225
0.00024744
0.000248318
0.000253123
0.000263407
0.000257353
0.000204253
0.00012317
5.36488e-05
1.70893e-05
1.36247e-05
3.13472e-05
6.10267e-05
0.000100279
0.000147258
0.00024744
0.000248318
0.000253128
0.000263419
0.000257375
0.000204283
0.000123205
5.36865e-05
1.71241e-05
1.36517e-05
3.13637e-05
6.10337e-05
0.000100284
0.000147274
0.00024744
0.000248319
0.000253131
0.000263426
0.000257385
0.000204298
0.000123223
5.37053e-05
1.71414e-05
1.36653e-05
3.13719e-05
6.10371e-05
0.000100287
0.000147282
0.00024744
0.000248319
0.000253132
0.000263429
0.000257391
0.000204306
0.000123232
5.37147e-05
1.71501e-05
1.36721e-05
3.1376e-05
6.10389e-05
0.000100288
0.000147286
0.00024744
0.000248319
0.000253133
0.00026343
0.000257394
0.00020431
0.000123237
5.37194e-05
1.71544e-05
1.36754e-05
3.13781e-05
6.10397e-05
0.000100288
0.000147288
0.00024744
0.000248319
0.000253133
0.000263431
0.000257395
0.000204311
0.000123239
5.37217e-05
1.71566e-05
1.36771e-05
3.13791e-05
6.10402e-05
0.000100289
0.000147289
0.00024744
0.000248319
0.000253133
0.000263431
0.000257396
0.000204312
0.00012324
5.37229e-05
1.71577e-05
1.3678e-05
3.13796e-05
6.10404e-05
0.000100289
0.00014729
0.00024744
0.000248319
0.000253133
0.000263432
0.000257396
0.000204313
0.000123241
5.37235e-05
1.71582e-05
1.36784e-05
3.13799e-05
6.10405e-05
0.000100289
0.00014729
0.00024744
0.000248319
0.000253133
0.000263432
0.000257396
0.000204313
0.000123241
5.37238e-05
1.71585e-05
1.36786e-05
3.138e-05
6.10405e-05
0.000100289
0.00014729
0.00024744
0.000248319
0.000253133
0.000263432
0.000257396
0.000204313
0.000123241
5.3724e-05
1.71587e-05
1.36787e-05
3.13801e-05
6.10406e-05
0.000100289
0.00014729
0.00024744
0.000248319
0.000253133
0.000263432
0.000257396
0.000204313
0.000123241
5.3724e-05
1.71587e-05
1.36788e-05
3.13801e-05
6.10406e-05
0.000100289
0.00014729
0.00024744
0.000248319
0.000253133
0.000263432
0.000257396
0.000204313
0.000123241
5.37241e-05
1.71588e-05
1.36788e-05
3.13801e-05
6.10406e-05
0.000100289
0.00014729
0.00024744
0.000248319
0.000253133
0.000263432
0.000257396
0.000204313
0.000123241
5.37241e-05
1.71588e-05
1.36788e-05
3.13801e-05
6.10406e-05
0.000100289
0.00014729
0.00024744
0.000248319
0.000253133
0.000263432
0.000257396
0.000204313
0.000123241
5.37241e-05
1.71588e-05
1.36788e-05
3.13801e-05
6.10406e-05
0.000100289
0.00014729
0.00024744
0.000248319
0.000253133
0.000263432
0.000257396
0.000204313
0.000123241
5.37241e-05
1.71588e-05
1.36788e-05
3.13801e-05
6.10406e-05
0.000100289
0.00014729
0.00024744
0.000248319
0.000253133
0.000263432
0.000257396
0.000204313
0.000123241
5.37241e-05
1.71588e-05
1.36788e-05
3.13801e-05
6.10406e-05
0.000100289
0.00014729
0.00024744
0.000248319
0.000253133
0.000263432
0.000257396
0.000204313
0.000123241
5.37241e-05
1.71588e-05
1.36788e-05
3.13801e-05
6.10406e-05
0.000100289
0.00014729
0.00024744
0.000248319
0.000253133
0.000263432
0.000257396
0.000204313
0.000123241
5.37241e-05
1.71588e-05
1.36788e-05
3.13801e-05
6.10406e-05
0.000100289
0.00014729
0.00024744
0.000248319
0.000253133
0.000263432
0.000257396
0.000204313
0.000123241
5.37241e-05
1.71588e-05
1.36788e-05
3.13801e-05
6.10406e-05
0.000100289
0.00014729
0.00024744
0.000248319
0.000253133
0.000263432
0.000257396
0.000204313
0.000123241
5.37241e-05
1.71588e-05
1.36788e-05
3.13801e-05
6.10406e-05
0.000100289
0.00014729
0.00024744
0.000248319
0.000253133
0.000263432
0.000257396
0.000204313
0.000123241
5.37241e-05
1.71588e-05
1.36788e-05
3.13801e-05
6.10406e-05
0.000100289
0.00014729
0.00024744
0.000248319
0.000253133
0.000263432
0.000257396
0.000204313
0.000123241
5.37241e-05
1.71588e-05
1.36788e-05
3.13801e-05
6.10406e-05
0.000100289
0.00014729
0.00024744
0.000248319
0.000253133
0.000263432
0.000257396
0.000204313
0.000123241
5.37241e-05
1.71588e-05
1.36788e-05
3.13801e-05
6.10406e-05
0.000100289
0.00014729
0.00024744
0.000248319
0.000253133
0.000263432
0.000257396
0.000204313
0.000123241
5.37241e-05
1.71588e-05
1.36788e-05
3.13801e-05
6.10406e-05
0.000100289
0.00014729
0.00024744
0.000248319
0.000253133
0.000263432
0.000257396
0.000204313
0.000123241
5.37241e-05
1.71588e-05
1.36788e-05
3.13801e-05
6.10406e-05
0.000100289
0.00014729
0.00024744
0.000248319
0.000253133
0.000263432
0.000257396
0.000204313
0.000123241
5.37241e-05
1.71588e-05
1.36788e-05
3.13801e-05
6.10406e-05
0.000100289
0.00014729
0.00024744
0.000248319
0.000253133
0.000263432
0.000257396
0.000204313
0.000123241
5.37241e-05
1.71588e-05
1.36788e-05
3.13801e-05
6.10406e-05
0.000100289
0.00014729
0.00024744
0.000248319
0.000253133
0.000263432
0.000257396
0.000204313
0.000123241
5.37241e-05
1.71588e-05
1.36788e-05
3.13801e-05
6.10406e-05
0.000100289
0.00014729
0.00024744
0.000248319
0.000253133
0.000263432
0.000257396
0.000204313
0.000123241
5.37241e-05
1.71588e-05
1.36788e-05
3.13801e-05
6.10406e-05
0.000100289
0.00014729
0.00024744
0.000248319
0.000253133
0.000263432
0.000257396
0.000204313
0.000123241
5.37241e-05
1.71588e-05
1.36788e-05
3.13801e-05
6.10406e-05
0.000100289
0.00014729
0.00024744
0.000248319
0.000253133
0.000263432
0.000257396
0.000204313
0.000123241
5.37241e-05
1.71588e-05
1.36788e-05
3.13801e-05
6.10406e-05
0.000100289
0.00014729
0.00024744
0.000248319
0.000253133
0.000263432
0.000257396
0.000204313
0.000123241
5.37241e-05
1.71588e-05
1.36788e-05
3.13801e-05
6.10406e-05
0.000100289
0.00014729
0.00024744
0.000248319
0.000253133
0.000263432
0.000257396
0.000204313
0.000123241
5.37241e-05
1.71588e-05
1.36788e-05
3.13801e-05
6.10406e-05
0.000100289
0.00014729
0.00024744
0.000248319
0.000253133
0.000263432
0.000257396
0.000204313
0.000123241
5.37241e-05
1.71588e-05
1.36788e-05
3.13801e-05
6.10406e-05
0.000100289
0.00014729
0.00024744
0.000248319
0.000253133
0.000263432
0.000257396
0.000204313
0.000123241
5.37241e-05
1.71588e-05
1.36788e-05
3.13801e-05
6.10406e-05
0.000100289
0.00014729
0.00024744
0.000248319
0.000253133
0.000263432
0.000257396
0.000204313
0.000123241
5.37241e-05
1.71588e-05
1.36788e-05
3.13801e-05
6.10406e-05
0.000100289
0.00014729
0.00024744
0.000248319
0.000253133
0.000263432
0.000257396
0.000204313
0.000123241
5.37241e-05
1.71588e-05
1.36788e-05
3.13801e-05
6.10406e-05
0.000100289
0.00014729
0.00024744
0.000248319
0.000253133
0.000263432
0.000257396
0.000204313
0.000123241
5.37241e-05
1.71588e-05
1.36788e-05
3.13801e-05
6.10406e-05
0.000100289
0.00014729
0.00024744
0.000248319
0.000253133
0.000263432
0.000257396
0.000204313
0.000123241
5.37241e-05
1.71588e-05
1.36788e-05
3.13801e-05
6.10406e-05
0.000100289
0.00014729
0.00024744
0.000248319
0.000253133
0.000263432
0.000257396
0.000204313
0.000123241
5.37241e-05
1.71588e-05
1.36788e-05
3.13801e-05
6.10406e-05
0.000100289
0.00014729
0.00024744
0.000248319
0.000253133
0.000263432
0.000257396
0.000204313
0.000123241
5.37241e-05
1.71588e-05
1.36788e-05
3.13801e-05
6.10406e-05
0.000100289
0.00014729
0.00024744
0.000248319
0.000253133
0.000263432
0.000257396
0.000204313
0.000123241
5.37241e-05
1.71588e-05
1.36788e-05
3.13801e-05
6.10406e-05
0.000100289
0.00014729
0.00024744
0.000248319
0.000253133
0.000263432
0.000257396
0.000204313
0.000123241
5.37241e-05
1.71588e-05
1.36788e-05
3.13801e-05
6.10406e-05
0.000100289
0.00014729
0.00024744
0.000248319
0.000253133
0.000263432
0.000257396
0.000204313
0.000123241
5.37241e-05
1.71588e-05
1.36788e-05
3.13801e-05
6.10406e-05
0.000100289
0.00014729
0.00024744
0.000248319
0.000253133
0.000263432
0.000257396
0.000204313
0.000123241
5.37241e-05
1.71588e-05
1.36788e-05
3.13801e-05
6.10406e-05
0.000100289
0.00014729
0.00024744
0.000248319
0.000253133
0.000263432
0.000257396
0.000204313
0.000123241
5.37241e-05
1.71588e-05
1.36788e-05
3.13801e-05
6.10406e-05
0.000100289
0.00014729
0.00024744
0.000248319
0.000253133
0.000263432
0.000257396
0.000204313
0.000123241
5.37241e-05
1.71588e-05
1.36788e-05
3.13801e-05
6.10406e-05
0.000100289
0.00014729
0.00024744
0.000248319
0.000253133
0.000263432
0.000257396
0.000204313
0.000123241
5.37241e-05
1.71588e-05
1.36788e-05
3.13801e-05
6.10406e-05
0.000100289
0.00014729
0.00024744
0.000248319
0.000253133
0.000263432
0.000257396
0.000204313
0.000123241
5.37241e-05
1.71588e-05
1.36788e-05
3.13801e-05
6.10406e-05
0.000100289
0.00014729
0.00024744
0.000248319
0.000253133
0.000263432
0.000257396
0.000204313
0.000123241
5.37241e-05
1.71588e-05
1.36788e-05
3.13801e-05
6.10406e-05
0.000100289
0.00014729
0.00024744
0.000248319
0.000253133
0.000263432
0.000257396
0.000204313
0.000123241
5.37241e-05
1.71588e-05
1.36788e-05
3.13801e-05
6.10406e-05
0.000100289
0.00014729
0.00024744
0.000248319
0.000253133
0.000263432
0.000257396
0.000204313
0.000123241
5.37241e-05
1.71588e-05
1.36788e-05
3.13801e-05
6.10406e-05
0.000100289
0.00014729
0.00024744
0.000248319
0.000253133
0.000263432
0.000257396
0.000204313
0.000123241
5.37241e-05
1.71588e-05
1.36788e-05
3.13801e-05
6.10406e-05
0.000100289
0.00014729
0.00024744
0.000248319
0.000253133
0.000263432
0.000257396
0.000204313
0.000123241
5.37241e-05
1.71588e-05
1.36788e-05
3.13801e-05
6.10406e-05
0.000100289
0.00014729
0.00024744
0.000248319
0.000253133
0.000263432
0.000257396
0.000204313
0.000123241
5.37241e-05
1.71588e-05
1.36788e-05
3.13801e-05
6.10406e-05
0.000100289
0.00014729
0.00024744
0.000248319
0.000253133
0.000263432
0.000257396
0.000204313
0.000123241
5.37241e-05
1.71588e-05
1.36788e-05
3.13801e-05
6.10406e-05
0.000100289
0.00014729
0.00024744
0.000248319
0.000253133
0.000263432
0.000257396
0.000204313
0.000123241
5.37241e-05
1.71588e-05
1.36788e-05
3.13801e-05
6.10406e-05
0.000100289
0.00014729
0.00024744
0.000248319
0.000253133
0.000263432
0.000257396
0.000204313
0.000123241
5.37241e-05
1.71588e-05
1.36788e-05
3.13801e-05
6.10406e-05
0.000100289
0.00014729
0.00024744
0.000248319
0.000253133
0.000263432
0.000257396
0.000204313
0.000123241
5.37241e-05
1.71588e-05
1.36788e-05
3.13801e-05
6.10406e-05
0.000100289
0.00014729
0.00024744
0.000248319
0.000253133
0.000263432
0.000257396
0.000204313
0.000123241
5.37241e-05
1.71588e-05
1.36788e-05
3.13801e-05
6.10406e-05
0.000100289
0.00014729
0.00024744
0.000248319
0.000253133
0.000263432
0.000257396
0.000204313
0.000123241
5.37241e-05
1.71588e-05
1.36788e-05
3.13801e-05
6.10406e-05
0.000100289
0.00014729
0.00024744
0.000248319
0.000253133
0.000263432
0.000257396
0.000204313
0.000123241
5.37241e-05
1.71588e-05
1.36788e-05
3.13801e-05
6.10406e-05
0.000100289
0.00014729
0.00024744
0.000248319
0.000253133
0.000263432
0.000257396
0.000204313
0.000123241
5.37241e-05
1.71588e-05
1.36788e-05
3.13801e-05
6.10406e-05
0.000100289
0.00014729
0.00024744
0.000248319
0.000253133
0.000263432
0.000257396
0.000204313
0.000123241
5.37241e-05
1.71588e-05
1.36788e-05
3.13801e-05
6.10406e-05
0.000100289
0.00014729
0.00024744
0.000248319
0.000253133
0.000263432
0.000257396
0.000204313
0.000123241
5.37241e-05
1.71588e-05
1.36788e-05
3.13801e-05
6.10406e-05
0.000100289
0.00014729
0.00024744
0.000248319
0.000253133
0.000263432
0.000257396
0.000204313
0.000123241
5.37241e-05
1.71588e-05
1.36788e-05
3.13801e-05
6.10406e-05
0.000100289
0.00014729
0.00024744
0.000248319
0.000253133
0.000263432
0.000257396
0.000204313
0.000123241
5.37241e-05
1.71588e-05
1.36788e-05
3.13801e-05
6.10406e-05
0.000100289
0.00014729
0.00024744
0.000248319
0.000253133
0.000263432
0.000257396
0.000204313
0.000123241
5.37241e-05
1.71588e-05
1.36788e-05
3.13801e-05
6.10406e-05
0.000100289
0.00014729
0.00024744
0.000248319
0.000253133
0.000263432
0.000257396
0.000204313
0.000123241
5.37241e-05
1.71588e-05
1.36788e-05
3.13801e-05
6.10406e-05
0.000100289
0.00014729
0.00024744
0.000248319
0.000253133
0.000263432
0.000257396
0.000204313
0.000123241
5.37241e-05
1.71588e-05
1.36788e-05
3.13801e-05
6.10406e-05
0.000100289
0.00014729
0.00024744
0.000248319
0.000253133
0.000263432
0.000257396
0.000204313
0.000123241
5.37241e-05
1.71588e-05
1.36788e-05
3.13801e-05
6.10406e-05
0.000100289
0.00014729
0.00024744
0.000248319
0.000253133
0.000263432
0.000257396
0.000204313
0.000123241
5.37241e-05
1.71588e-05
1.36788e-05
3.13801e-05
6.10406e-05
0.000100289
0.00014729
0.00024744
0.000248319
0.000253133
0.000263432
0.000257396
0.000204313
0.000123241
5.37241e-05
1.71588e-05
1.36788e-05
3.13801e-05
6.10406e-05
0.000100289
0.00014729
0.00024744
0.000248319
0.000253133
0.000263432
0.000257396
0.000204313
0.000123241
5.37241e-05
1.71588e-05
1.36788e-05
3.13801e-05
6.10406e-05
0.000100289
0.00014729
0.00024744
0.000248319
0.000253133
0.000263432
0.000257396
0.000204313
0.000123241
5.37241e-05
1.71588e-05
1.36788e-05
3.13801e-05
6.10406e-05
0.000100289
0.00014729
0.00024744
0.000248319
0.000253133
0.000263432
0.000257396
0.000204313
0.000123241
5.37241e-05
1.71588e-05
1.36788e-05
3.13801e-05
6.10406e-05
0.000100289
0.00014729
0.00024744
0.000248319
0.000253133
0.000263432
0.000257396
0.000204313
0.000123241
5.37241e-05
1.71588e-05
1.36788e-05
3.13801e-05
6.10406e-05
0.000100289
0.00014729
0.00024744
0.000248319
0.000253133
0.000263432
0.000257396
0.000204313
0.000123241
5.37241e-05
1.71588e-05
1.36788e-05
3.13801e-05
6.10406e-05
0.000100289
0.00014729
0.00024744
0.000248319
0.000253133
0.000263432
0.000257396
0.000204313
0.000123241
5.37241e-05
1.71588e-05
1.36788e-05
3.13801e-05
6.10406e-05
0.000100289
0.00014729
0.00024744
0.000248319
0.000253133
0.000263432
0.000257396
0.000204313
0.000123241
5.37241e-05
1.71588e-05
1.36788e-05
3.13801e-05
6.10406e-05
0.000100289
0.00014729
0.00024744
0.000248319
0.000253133
0.000263432
0.000257396
0.000204313
0.000123241
5.37241e-05
1.71588e-05
1.36788e-05
3.13801e-05
6.10406e-05
0.000100289
0.00014729
0.00024744
0.000248319
0.000253133
0.000263432
0.000257396
0.000204313
0.000123241
5.37241e-05
1.71588e-05
1.36788e-05
3.13801e-05
6.10406e-05
0.000100289
0.00014729
0.00024744
0.000248319
0.000253133
0.000263432
0.000257396
0.000204313
0.000123241
5.37241e-05
1.71588e-05
1.36788e-05
3.13801e-05
6.10406e-05
0.000100289
0.00014729
0.00024744
0.000248319
0.000253133
0.000263432
0.000257396
0.000204313
0.000123241
5.37241e-05
1.71588e-05
1.36788e-05
3.13801e-05
6.10406e-05
0.000100289
0.00014729
0.00024744
0.000248319
0.000253133
0.000263432
0.000257396
0.000204313
0.000123241
5.37241e-05
1.71588e-05
1.36788e-05
3.13801e-05
6.10406e-05
0.000100289
0.00014729
0.00024744
0.000248319
0.000253133
0.000263432
0.000257396
0.000204313
0.000123241
5.37241e-05
1.71588e-05
1.36788e-05
3.13801e-05
6.10406e-05
0.000100289
0.00014729
0.00024744
0.000248319
0.000253133
0.000263432
0.000257396
0.000204313
0.000123241
5.37241e-05
1.71588e-05
1.36788e-05
3.13801e-05
6.10406e-05
0.000100289
0.00014729
0.00024744
0.000248319
0.000253133
0.000263432
0.000257396
0.000204313
0.000123241
5.37241e-05
1.71588e-05
1.36788e-05
3.13801e-05
6.10406e-05
0.000100289
0.00014729
0.00024744
0.000248319
0.000253133
0.000263432
0.000257396
0.000204313
0.000123241
5.37241e-05
1.71588e-05
1.36788e-05
3.13801e-05
6.10406e-05
0.000100289
0.00014729
0.00024744
0.000248319
0.000253133
0.000263432
0.000257396
0.000204313
0.000123241
5.37241e-05
1.71588e-05
1.36788e-05
3.13801e-05
6.10406e-05
0.000100289
0.00014729
0.00024744
0.000248319
0.000253133
0.000263432
0.000257396
0.000204313
0.000123241
5.37241e-05
1.71588e-05
1.36788e-05
3.13801e-05
6.10406e-05
0.000100289
0.00014729
0.00024744
0.000248319
0.000253133
0.000263432
0.000257396
0.000204313
0.000123241
5.37241e-05
1.71588e-05
1.36788e-05
3.13801e-05
6.10406e-05
0.000100289
0.00014729
0.00024744
0.000248319
0.000253133
0.000263432
0.000257396
0.000204313
0.000123241
5.37241e-05
1.71588e-05
1.36788e-05
3.13801e-05
6.10406e-05
0.000100289
0.00014729
0.00024744
0.000248319
0.000253133
0.000263432
0.000257396
0.000204313
0.000123241
5.37241e-05
1.71588e-05
1.36788e-05
3.13801e-05
6.10406e-05
0.000100289
0.00014729
0.00024744
0.000248319
0.000253133
0.000263432
0.000257396
0.000204313
0.000123241
5.37241e-05
1.71588e-05
1.36788e-05
3.13801e-05
6.10406e-05
0.000100289
0.00014729
0.00024744
0.000248319
0.000253133
0.000263432
0.000257396
0.000204313
0.000123241
5.37241e-05
1.71588e-05
1.36788e-05
3.13801e-05
6.10406e-05
0.000100289
0.00014729
0.00024744
0.000248319
0.000253133
0.000263432
0.000257396
0.000204313
0.000123241
5.37241e-05
1.71588e-05
1.36788e-05
3.13801e-05
6.10406e-05
0.000100289
0.00014729
0.00024744
0.000248319
0.000253133
0.000263432
0.000257396
0.000204313
0.000123241
5.37241e-05
1.71588e-05
1.36788e-05
3.13801e-05
6.10406e-05
0.000100289
0.00014729
0.00024744
0.000248319
0.000253133
0.000263432
0.000257396
0.000204313
0.000123241
5.37241e-05
1.71588e-05
1.36788e-05
3.13801e-05
6.10406e-05
0.000100289
0.00014729
0.00024744
0.000248319
0.000253133
0.000263432
0.000257396
0.000204313
0.000123241
5.37241e-05
1.71588e-05
1.36788e-05
3.13801e-05
6.10406e-05
0.000100289
0.00014729
0.00024744
0.000248319
0.000253133
0.000263432
0.000257396
0.000204313
0.000123241
5.37241e-05
1.71588e-05
1.36788e-05
3.13801e-05
6.10406e-05
0.000100289
0.00014729
0.00024744
0.000248319
0.000253133
0.000263432
0.000257396
0.000204313
0.000123241
5.37241e-05
1.71588e-05
1.36788e-05
3.13801e-05
6.10406e-05
0.000100289
0.00014729
0.00024744
0.000248319
0.000253133
0.000263432
0.000257396
0.000204313
0.000123241
5.37241e-05
1.71588e-05
1.36788e-05
3.13801e-05
6.10406e-05
0.000100289
0.00014729
0.00024744
0.000248319
0.000253133
0.000263432
0.000257396
0.000204313
0.000123241
5.37241e-05
1.71588e-05
1.36788e-05
3.13801e-05
6.10406e-05
0.000100289
0.00014729
0.00024744
0.000248319
0.000253133
0.000263432
0.000257396
0.000204313
0.000123241
5.37241e-05
1.71588e-05
1.36788e-05
3.13801e-05
6.10406e-05
0.000100289
0.00014729
