0.00158594
0.00155913
0.00142449
0.00122315
0.00105517
0.00092547
0.000767044
0.000552579
0.000332782
0.000187344
0.000160545
0.000242994
0.000406691
0.000625253
0.00158594
0.00152546
0.00120505
0.000692414
0.00037587
0.000553014
0.00092369
0.000789201
3.95316e-05
2.47759e-07
0.000949915
0.00128523
0.000370948
0.00143662
0.00158594
0.0015398
0.00130652
0.000943077
0.000634711
0.000443183
0.000287929
0.000109762
5.62846e-05
9.46092e-05
7.42539e-05
0.000321717
0.000406144
0.000299829
0.00158594
0.00154946
0.00136565
0.00108196
0.000835993
0.000659208
0.000484138
0.000279909
9.64658e-05
1.26216e-05
6.6089e-05
0.00021454
0.000370717
0.000474307
0.00158594
0.00155434
0.00139529
0.00115261
0.000944298
0.000788695
0.000619646
0.000408925
0.000207292
9.25232e-05
0.000103301
0.000216008
0.000379539
0.000550155
0.00158594
0.00155675
0.00140996
0.00118793
0.00099952
0.000856415
0.000692264
0.000479383
0.000268528
0.000138226
0.00012964
0.000226647
0.000390863
0.000587444
0.00158594
0.00155794
0.00141725
0.00120556
0.0010273
0.000890802
0.000729425
0.000515687
0.000300314
0.000162379
0.000144546
0.000234141
0.00039822
0.000606245
0.00158594
0.00155854
0.00142088
0.00121436
0.00104123
0.000908104
0.000748182
0.000534064
0.000316467
0.000174762
0.000152412
0.000238401
0.000402317
0.000615719
0.00158594
0.00155884
0.00142269
0.00121875
0.0010482
0.00091678
0.000757601
0.000543305
0.000324605
0.000181029
0.000156445
0.000240657
0.00040447
0.000620478
0.00158594
0.00155898
0.00142359
0.00122095
0.00105168
0.000921123
0.000762319
0.000547938
0.000328689
0.00018418
0.000158487
0.000241815
0.000405572
0.000622864
0.00158594
0.00155906
0.00142404
0.00122205
0.00105343
0.000923296
0.000764681
0.000550257
0.000330734
0.000185761
0.000159514
0.000242402
0.000406129
0.000624058
0.00158594
0.00155909
0.00142427
0.0012226
0.0010543
0.000924383
0.000765862
0.000551418
0.000331758
0.000186552
0.000160029
0.000242697
0.000406409
0.000624655
0.00158594
0.00155911
0.00142438
0.00122287
0.00105474
0.000924927
0.000766453
0.000551998
0.00033227
0.000186948
0.000160287
0.000242845
0.00040655
0.000624954
0.00158594
0.00155912
0.00142444
0.00122301
0.00105495
0.000925198
0.000766748
0.000552288
0.000332526
0.000187146
0.000160416
0.000242919
0.00040662
0.000625104
0.00158594
0.00155913
0.00142446
0.00122308
0.00105506
0.000925334
0.000766896
0.000552434
0.000332654
0.000187245
0.00016048
0.000242957
0.000406656
0.000625179
0.00158594
0.00155913
0.00142448
0.00122311
0.00105512
0.000925402
0.00076697
0.000552506
0.000332718
0.000187295
0.000160513
0.000242975
0.000406673
0.000625216
0.00158594
0.00155913
0.00142449
0.00122313
0.00105514
0.000925436
0.000767007
0.000552542
0.00033275
0.000187319
0.000160529
0.000242984
0.000406682
0.000625235
0.00158594
0.00155913
0.00142449
0.00122314
0.00105516
0.000925453
0.000767025
0.000552561
0.000332766
0.000187332
0.000160537
0.000242989
0.000406686
0.000625244
0.00158594
0.00155913
0.00142449
0.00122314
0.00105517
0.000925462
0.000767034
0.00055257
0.000332774
0.000187338
0.000160541
0.000242991
0.000406689
0.000625249
0.00158594
0.00155913
0.00142449
0.00122315
0.00105517
0.000925466
0.000767039
0.000552574
0.000332778
0.000187341
0.000160543
0.000242993
0.00040669
0.000625251
0.00158594
0.00155913
0.00142449
0.00122315
0.00105517
0.000925468
0.000767041
0.000552577
0.00033278
0.000187343
0.000160544
0.000242993
0.00040669
0.000625252
0.00158594
0.00155913
0.00142449
0.00122315
0.00105517
0.000925469
0.000767043
0.000552578
0.000332781
0.000187343
0.000160544
0.000242993
0.00040669
0.000625253
0.00158594
0.00155913
0.00142449
0.00122315
0.00105517
0.00092547
0.000767043
0.000552578
0.000332782
0.000187344
0.000160545
0.000242994
0.000406691
0.000625253
0.00158594
0.00155913
0.00142449
0.00122315
0.00105517
0.00092547
0.000767043
0.000552578
0.000332782
0.000187344
0.000160545
0.000242994
0.000406691
0.000625253
0.00158594
0.00155913
0.00142449
0.00122315
0.00105517
0.00092547
0.000767044
0.000552579
0.000332782
0.000187344
0.000160545
0.000242994
0.000406691
0.000625253
0.00158594
0.00155913
0.00142449
0.00122315
0.00105517
0.00092547
0.000767044
0.000552579
0.000332782
0.000187344
0.000160545
0.000242994
0.000406691
0.000625253
0.00158594
0.00155913
0.00142449
0.00122315
0.00105517
0.00092547
0.000767044
0.000552579
0.000332782
0.000187344
0.000160545
0.000242994
0.000406691
0.000625253
0.00158594
0.00155913
0.00142449
0.00122315
0.00105517
0.00092547
0.000767044
0.000552579
0.000332782
0.000187344
0.000160545
0.000242994
0.000406691
0.000625253
0.00158594
0.00155913
0.00142449
0.00122315
0.00105517
0.00092547
0.000767044
0.000552579
0.000332782
0.000187344
0.000160545
0.000242994
0.000406691
0.000625253
0.00158594
0.00155913
0.00142449
0.00122315
0.00105517
0.00092547
0.000767044
0.000552579
0.000332782
0.000187344
0.000160545
0.000242994
0.000406691
0.000625253
0.00158594
0.00155913
0.00142449
0.00122315
0.00105517
0.00092547
0.000767044
0.000552579
0.000332782
0.000187344
0.000160545
0.000242994
0.000406691
0.000625253
0.00158594
0.00155913
0.00142449
0.00122315
0.00105517
0.00092547
0.000767044
0.000552579
0.000332782
0.000187344
0.000160545
0.000242994
0.000406691
0.000625253
0.00158594
0.00155913
0.00142449
0.00122315
0.00105517
0.00092547
0.000767044
0.000552579
0.000332782
0.000187344
0.000160545
0.000242994
0.000406691
0.000625253
0.00158594
0.00155913
0.00142449
0.00122315
0.00105517
0.00092547
0.000767044
0.000552579
0.000332782
0.000187344
0.000160545
0.000242994
0.000406691
0.000625253
0.00158594
0.00155913
0.00142449
0.00122315
0.00105517
0.00092547
0.000767044
0.000552579
0.000332782
0.000187344
0.000160545
0.000242994
0.000406691
0.000625253
0.00158594
0.00155913
0.00142449
0.00122315
0.00105517
0.00092547
0.000767044
0.000552579
0.000332782
0.000187344
0.000160545
0.000242994
0.000406691
0.000625253
0.00158594
0.00155913
0.00142449
0.00122315
0.00105517
0.00092547
0.000767044
0.000552579
0.000332782
0.000187344
0.000160545
0.000242994
0.000406691
0.000625253
0.00158594
0.00155913
0.00142449
0.00122315
0.00105517
0.00092547
0.000767044
0.000552579
0.000332782
0.000187344
0.000160545
0.000242994
0.000406691
0.000625253
0.00158594
0.00155913
0.00142449
0.00122315
0.00105517
0.00092547
0.000767044
0.000552579
0.000332782
0.000187344
0.000160545
0.000242994
0.000406691
0.000625253
0.00158594
0.00155913
0.00142449
0.00122315
0.00105517
0.00092547
0.000767044
0.000552579
0.000332782
0.000187344
0.000160545
0.000242994
0.000406691
0.000625253
0.00158594
0.00155913
0.00142449
0.00122315
0.00105517
0.00092547
0.000767044
0.000552579
0.000332782
0.000187344
0.000160545
0.000242994
0.000406691
0.000625253
0.00158594
0.00155913
0.00142449
0.00122315
0.00105517
0.00092547
0.000767044
0.000552579
0.000332782
0.000187344
0.000160545
0.000242994
0.000406691
0.000625253
0.00158594
0.00155913
0.00142449
0.00122315
0.00105517
0.00092547
0.000767044
0.000552579
0.000332782
0.000187344
0.000160545
0.000242994
0.000406691
0.000625253
0.00158594
0.00155913
0.00142449
0.00122315
0.00105517
0.00092547
0.000767044
0.000552579
0.000332782
0.000187344
0.000160545
0.000242994
0.000406691
0.000625253
0.00158594
0.00155913
0.00142449
0.00122315
0.00105517
0.00092547
0.000767044
0.000552579
0.000332782
0.000187344
0.000160545
0.000242994
0.000406691
0.000625253
0.00158594
0.00155913
0.00142449
0.00122315
0.00105517
0.00092547
0.000767044
0.000552579
0.000332782
0.000187344
0.000160545
0.000242994
0.000406691
0.000625253
0.00158594
0.00155913
0.00142449
0.00122315
0.00105517
0.00092547
0.000767044
0.000552579
0.000332782
0.000187344
0.000160545
0.000242994
0.000406691
0.000625253
0.00158594
0.00155913
0.00142449
0.00122315
0.00105517
0.00092547
0.000767044
0.000552579
0.000332782
0.000187344
0.000160545
0.000242994
0.000406691
0.000625253
0.00158594
0.00155913
0.00142449
0.00122315
0.00105517
0.00092547
0.000767044
0.000552579
0.000332782
0.000187344
0.000160545
0.000242994
0.000406691
0.000625253
0.00158594
0.00155913
0.00142449
0.00122315
0.00105517
0.00092547
0.000767044
0.000552579
0.000332782
0.000187344
0.000160545
0.000242994
0.000406691
0.000625253
0.00158594
0.00155913
0.00142449
0.00122315
0.00105517
0.00092547
0.000767044
0.000552579
0.000332782
0.000187344
0.000160545
0.000242994
0.000406691
0.000625253
0.00158594
0.00155913
0.00142449
0.00122315
0.00105517
0.00092547
0.000767044
0.000552579
0.000332782
0.000187344
0.000160545
0.000242994
0.000406691
0.000625253
0.00158594
0.00155913
0.00142449
0.00122315
0.00105517
0.00092547
0.000767044
0.000552579
0.000332782
0.000187344
0.000160545
0.000242994
0.000406691
0.000625253
0.00158594
0.00155913
0.00142449
0.00122315
0.00105517
0.00092547
0.000767044
0.000552579
0.000332782
0.000187344
0.000160545
0.000242994
0.000406691
0.000625253
0.00158594
0.00155913
0.00142449
0.00122315
0.00105517
0.00092547
0.000767044
0.000552579
0.000332782
0.000187344
0.000160545
0.000242994
0.000406691
0.000625253
0.00158594
0.00155913
0.00142449
0.00122315
0.00105517
0.00092547
0.000767044
0.000552579
0.000332782
0.000187344
0.000160545
0.000242994
0.000406691
0.000625253
0.00158594
0.00155913
0.00142449
0.00122315
0.00105517
0.00092547
0.000767044
0.000552579
0.000332782
0.000187344
0.000160545
0.000242994
0.000406691
0.000625253
0.00158594
0.00155913
0.00142449
0.00122315
0.00105517
0.00092547
0.000767044
0.000552579
0.000332782
0.000187344
0.000160545
0.000242994
0.000406691
0.000625253
0.00158594
0.00155913
0.00142449
0.00122315
0.00105517
0.00092547
0.000767044
0.000552579
0.000332782
0.000187344
0.000160545
0.000242994
0.000406691
0.000625253
0.00158594
0.00155913
0.00142449
0.00122315
0.00105517
0.00092547
0.000767044
0.000552579
0.000332782
0.000187344
0.000160545
0.000242994
0.000406691
0.000625253
0.00158594
0.00155913
0.00142449
0.00122315
0.00105517
0.00092547
0.000767044
0.000552579
0.000332782
0.000187344
0.000160545
0.000242994
0.000406691
0.000625253
0.00158594
0.00155913
0.00142449
0.00122315
0.00105517
0.00092547
0.000767044
0.000552579
0.000332782
0.000187344
0.000160545
0.000242994
0.000406691
0.000625253
0.00158594
0.00155913
0.00142449
0.00122315
0.00105517
0.00092547
0.000767044
0.000552579
0.000332782
0.000187344
0.000160545
0.000242994
0.000406691
0.000625253
0.00158594
0.00155913
0.00142449
0.00122315
0.00105517
0.00092547
0.000767044
0.000552579
0.000332782
0.000187344
0.000160545
0.000242994
0.000406691
0.000625253
0.00158594
0.00155913
0.00142449
0.00122315
0.00105517
0.00092547
0.000767044
0.000552579
0.000332782
0.000187344
0.000160545
0.000242994
0.000406691
0.000625253
0.00158594
0.00155913
0.00142449
0.00122315
0.00105517
0.00092547
0.000767044
0.000552579
0.000332782
0.000187344
0.000160545
0.000242994
0.000406691
0.000625253
0.00158594
0.00155913
0.00142449
0.00122315
0.00105517
0.00092547
0.000767044
0.000552579
0.000332782
0.000187344
0.000160545
0.000242994
0.000406691
0.000625253
0.00158594
0.00155913
0.00142449
0.00122315
0.00105517
0.00092547
0.000767044
0.000552579
0.000332782
0.000187344
0.000160545
0.000242994
0.000406691
0.000625253
0.00158594
0.00155913
0.00142449
0.00122315
0.00105517
0.00092547
0.000767044
0.000552579
0.000332782
0.000187344
0.000160545
0.000242994
0.000406691
0.000625253
0.00158594
0.00155913
0.00142449
0.00122315
0.00105517
0.00092547
0.000767044
0.000552579
0.000332782
0.000187344
0.000160545
0.000242994
0.000406691
0.000625253
0.00158594
0.00155913
0.00142449
0.00122315
0.00105517
0.00092547
0.000767044
0.000552579
0.000332782
0.000187344
0.000160545
0.000242994
0.000406691
0.000625253
0.00158594
0.00155913
0.00142449
0.00122315
0.00105517
0.00092547
0.000767044
0.000552579
0.000332782
0.000187344
0.000160545
0.000242994
0.000406691
0.000625253
0.00158594
0.00155913
0.00142449
0.00122315
0.00105517
0.00092547
0.000767044
0.000552579
0.000332782
0.000187344
0.000160545
0.000242994
0.000406691
0.000625253
0.00158594
0.00155913
0.00142449
0.00122315
0.00105517
0.00092547
0.000767044
0.000552579
0.000332782
0.000187344
0.000160545
0.000242994
0.000406691
0.000625253
0.00158594
0.00155913
0.00142449
0.00122315
0.00105517
0.00092547
0.000767044
0.000552579
0.000332782
0.000187344
0.000160545
0.000242994
0.000406691
0.000625253
0.00158594
0.00155913
0.00142449
0.00122315
0.00105517
0.00092547
0.000767044
0.000552579
0.000332782
0.000187344
0.000160545
0.000242994
0.000406691
0.000625253
0.00158594
0.00155913
0.00142449
0.00122315
0.00105517
0.00092547
0.000767044
0.000552579
0.000332782
0.000187344
0.000160545
0.000242994
0.000406691
0.000625253
0.00158594
0.00155913
0.00142449
0.00122315
0.00105517
0.00092547
0.000767044
0.000552579
0.000332782
0.000187344
0.000160545
0.000242994
0.000406691
0.000625253
0.00158594
0.00155913
0.00142449
0.00122315
0.00105517
0.00092547
0.000767044
0.000552579
0.000332782
0.000187344
0.000160545
0.000242994
0.000406691
0.000625253
0.00158594
0.00155913
0.00142449
0.00122315
0.00105517
0.00092547
0.000767044
0.000552579
0.000332782
0.000187344
0.000160545
0.000242994
0.000406691
0.000625253
0.00158594
0.00155913
0.00142449
0.00122315
0.00105517
0.00092547
0.000767044
0.000552579
0.000332782
0.000187344
0.000160545
0.000242994
0.000406691
0.000625253
0.00158594
0.00155913
0.00142449
0.00122315
0.00105517
0.00092547
0.000767044
0.000552579
0.000332782
0.000187344
0.000160545
0.000242994
0.000406691
0.000625253
0.00158594
0.00155913
0.00142449
0.00122315
0.00105517
0.00092547
0.000767044
0.000552579
0.000332782
0.000187344
0.000160545
0.000242994
0.000406691
0.000625253
0.00158594
0.00155913
0.00142449
0.00122315
0.00105517
0.00092547
0.000767044
0.000552579
0.000332782
0.000187344
0.000160545
0.000242994
0.000406691
0.000625253
0.00158594
0.00155913
0.00142449
0.00122315
0.00105517
0.00092547
0.000767044
0.000552579
0.000332782
0.000187344
0.000160545
0.000242994
0.000406691
0.000625253
0.00158594
0.00155913
0.00142449
0.00122315
0.00105517
0.00092547
0.000767044
0.000552579
0.000332782
0.000187344
0.000160545
0.000242994
0.000406691
0.000625253
0.00158594
0.00155913
0.00142449
0.00122315
0.00105517
0.00092547
0.000767044
0.000552579
0.000332782
0.000187344
0.000160545
0.000242994
0.000406691
0.000625253
0.00158594
0.00155913
0.00142449
0.00122315
0.00105517
0.00092547
0.000767044
0.000552579
0.000332782
0.000187344
0.000160545
0.000242994
0.000406691
0.000625253
0.00158594
0.00155913
0.00142449
0.00122315
0.00105517
0.00092547
0.000767044
0.000552579
0.000332782
0.000187344
0.000160545
0.000242994
0.000406691
0.000625253
0.00158594
0.00155913
0.00142449
0.00122315
0.00105517
0.00092547
0.000767044
0.000552579
0.000332782
0.000187344
0.000160545
0.000242994
0.000406691
0.000625253
0.00158594
0.00155913
0.00142449
0.00122315
0.00105517
0.00092547
0.000767044
0.000552579
0.000332782
0.000187344
0.000160545
0.000242994
0.000406691
0.000625253
0.00158594
0.00155913
0.00142449
0.00122315
0.00105517
0.00092547
0.000767044
0.000552579
0.000332782
0.000187344
0.000160545
0.000242994
0.000406691
0.000625253
0.00158594
0.00155913
0.00142449
0.00122315
0.00105517
0.00092547
0.000767044
0.000552579
0.000332782
0.000187344
0.000160545
0.000242994
0.000406691
0.000625253
0.00158594
0.00155913
0.00142449
0.00122315
0.00105517
0.00092547
0.000767044
0.000552579
0.000332782
0.000187344
0.000160545
0.000242994
0.000406691
0.000625253
0.00158594
0.00155913
0.00142449
0.00122315
0.00105517
0.00092547
0.000767044
0.000552579
0.000332782
0.000187344
0.000160545
0.000242994
0.000406691
0.000625253
0.00158594
0.00155913
0.00142449
0.00122315
0.00105517
0.00092547
0.000767044
0.000552579
0.000332782
0.000187344
0.000160545
0.000242994
0.000406691
0.000625253
0.00158594
0.00155913
0.00142449
0.00122315
0.00105517
0.00092547
0.000767044
0.000552579
0.000332782
0.000187344
0.000160545
0.000242994
0.000406691
0.000625253
0.00158594
0.00155913
0.00142449
0.00122315
0.00105517
0.00092547
0.000767044
0.000552579
0.000332782
0.000187344
0.000160545
0.000242994
0.000406691
0.000625253
0.00158594
0.00155913
0.00142449
0.00122315
0.00105517
0.00092547
0.000767044
0.000552579
0.000332782
0.000187344
0.000160545
0.000242994
0.000406691
0.000625253
0.00158594
0.00155913
0.00142449
0.00122315
0.00105517
0.00092547
0.000767044
0.000552579
0.000332782
0.000187344
0.000160545
0.000242994
0.000406691
0.000625253
0.00158594
0.00155913
0.00142449
0.00122315
0.00105517
0.00092547
0.000767044
0.000552579
0.000332782
0.000187344
0.000160545
0.000242994
0.000406691
0.000625253
0.00158594
0.00155913
0.00142449
0.00122315
0.00105517
0.00092547
0.000767044
0.000552579
0.000332782
0.000187344
0.000160545
0.000242994
0.000406691
0.000625253
0.00158594
0.00155913
0.00142449
0.00122315
0.00105517
0.00092547
0.000767044
0.000552579
0.000332782
0.000187344
0.000160545
0.000242994
0.000406691
0.000625253
0.00158594
0.00155913
0.00142449
0.00122315
0.00105517
0.00092547
0.000767044
0.000552579
0.000332782
0.000187344
0.000160545
0.000242994
0.000406691
0.000625253
0.00158594
0.00155913
0.00142449
0.00122315
0.00105517
0.00092547
0.000767044
0.000552579
0.000332782
0.000187344
0.000160545
0.000242994
0.000406691
0.000625253
0.00158594
0.00155913
0.00142449
0.00122315
0.00105517
0.00092547
0.000767044
0.000552579
0.000332782
0.000187344
0.000160545
0.000242994
0.000406691
0.000625253
0.00158594
0.00155913
0.00142449
0.00122315
0.00105517
0.00092547
0.000767044
0.000552579
0.000332782
0.000187344
0.000160545
0.000242994
0.000406691
0.000625253
0.00158594
0.00155913
0.00142449
0.00122315
0.00105517
0.00092547
0.000767044
0.000552579
0.000332782
0.000187344
0.000160545
0.000242994
0.000406691
0.000625253
0.00158594
0.00155913
0.00142449
0.00122315
0.00105517
0.00092547
0.000767044
0.000552579
0.000332782
0.000187344
0.000160545
0.000242994
0.000406691
0.000625253
0.00158594
0.00155913
0.00142449
0.00122315
0.00105517
0.00092547
0.000767044
0.000552579
0.000332782
0.000187344
0.000160545
0.000242994
0.000406691
0.000625253
0.00158594
0.00155913
0.00142449
0.00122315
0.00105517
0.00092547
0.000767044
0.000552579
0.000332782
0.000187344
0.000160545
0.000242994
0.000406691
0.000625253
0.00158594
0.00155913
0.00142449
0.00122315
0.00105517
0.00092547
0.000767044
0.000552579
0.000332782
0.000187344
0.000160545
0.000242994
0.000406691
0.000625253
0.00158594
0.00155913
0.00142449
0.00122315
0.00105517
0.00092547
0.000767044
0.000552579
0.000332782
0.000187344
0.000160545
0.000242994
0.000406691
0.000625253
0.00158594
0.00155913
0.00142449
0.00122315
0.00105517
0.00092547
0.000767044
0.000552579
0.000332782
0.000187344
0.000160545
0.000242994
0.000406691
0.000625253
0.00158594
0.00155913
0.00142449
0.00122315
0.00105517
0.00092547
0.000767044
0.000552579
0.000332782
0.000187344
0.000160545
0.000242994
0.000406691
0.000625253
0.00158594
0.00155913
0.00142449
0.00122315
0.00105517
0.00092547
0.000767044
0.000552579
0.000332782
0.000187344
0.000160545
0.000242994
0.000406691
0.000625253
0.00158594
0.00155913
0.00142449
0.00122315
0.00105517
0.00092547
0.000767044
0.000552579
0.000332782
0.000187344
0.000160545
0.000242994
0.000406691
0.000625253
0.00158594
0.00155913
0.00142449
0.00122315
0.00105517
0.00092547
0.000767044
0.000552579
0.000332782
0.000187344
0.000160545
0.000242994
0.000406691
0.000625253
0.00158594
0.00155913
0.00142449
0.00122315
0.00105517
0.00092547
0.000767044
0.000552579
0.000332782
0.000187344
0.000160545
0.000242994
0.000406691
0.000625253
0.00158594
0.00155913
0.00142449
0.00122315
0.00105517
0.00092547
0.000767044
0.000552579
0.000332782
0.000187344
0.000160545
0.000242994
0.000406691
0.000625253
0.00158594
0.00155913
0.00142449
0.00122315
0.00105517
0.00092547
0.000767044
0.000552579
0.000332782
0.000187344
0.000160545
0.000242994
0.000406691
0.000625253
0.000792968
0.00078234
0.000729167
0.000653882
0.000594728
0.000539376
0.000451295
0.000323721
0.000192133
0.000104646
8.70975e-05
0.000134764
0.000232245
0.000363133
0.000792968
0.000772568
0.000658269
0.000460314
0.000301816
0.000314211
0.000448932
0.000414612
7.35103e-05
1.66008e-06
0.000483299
0.000738129
0.000393037
0.000408447
0.000792968
0.000775306
0.000685222
0.000546243
0.000426364
0.000336518
0.00024028
0.00012324
1.4264e-05
2.45762e-05
5.34918e-05
0.000192944
0.000267771
0.000234952
0.000792968
0.000778654
0.000706465
0.000598627
0.00050742
0.000430773
0.000332529
0.000206003
8.78769e-05
2.68699e-05
4.69758e-05
0.00012883
0.000227101
0.000304662
0.000792968
0.000780481
0.000717745
0.000626054
0.000550541
0.000484008
0.000390251
0.000262691
0.000137637
6.30234e-05
6.26824e-05
0.000125497
0.000224495
0.000333572
0.000792968
0.000781409
0.00072345
0.000639936
0.000572532
0.000511491
0.000420483
0.00029283
0.000164428
8.32278e-05
7.39208e-05
0.000128754
0.000227153
0.000348102
0.000792968
0.000781874
0.000726308
0.000646904
0.000583608
0.00052539
0.000435829
0.000308198
0.00017818
9.37946e-05
8.02799e-05
0.000131435
0.000229404
0.000355538
0.000792968
0.000782107
0.000727738
0.000650392
0.000589163
0.000532373
0.000443549
0.000315942
0.000185133
9.91859e-05
8.36329e-05
0.000133021
0.000230751
0.000359313
0.000792968
0.000782223
0.000728453
0.000652137
0.000591945
0.000535872
0.000447418
0.000319827
0.000188627
0.000101907
8.53514e-05
0.000133873
0.00023148
0.000361217
0.000792968
0.000782281
0.00072881
0.00065301
0.000593336
0.000537623
0.000449356
0.000321773
0.000190379
0.000103275
8.62211e-05
0.000134314
0.000231858
0.000362174
0.000792968
0.00078231
0.000728989
0.000653446
0.000594032
0.000538499
0.000450325
0.000322747
0.000191256
0.00010396
8.66584e-05
0.000134538
0.00023205
0.000362653
0.000792968
0.000782325
0.000729078
0.000653664
0.00059438
0.000538937
0.00045081
0.000323234
0.000191694
0.000104303
8.68777e-05
0.000134651
0.000232147
0.000362893
0.000792968
0.000782332
0.000729123
0.000653773
0.000594554
0.000539157
0.000451052
0.000323477
0.000191914
0.000104474
8.69876e-05
0.000134707
0.000232196
0.000363013
0.000792968
0.000782336
0.000729145
0.000653828
0.000594641
0.000539266
0.000451174
0.000323599
0.000192023
0.00010456
8.70425e-05
0.000134736
0.00023222
0.000363073
0.000792968
0.000782338
0.000729156
0.000653855
0.000594685
0.000539321
0.000451234
0.00032366
0.000192078
0.000104603
8.707e-05
0.00013475
0.000232232
0.000363103
0.000792968
0.000782339
0.000729162
0.000653869
0.000594707
0.000539348
0.000451264
0.00032369
0.000192106
0.000104624
8.70837e-05
0.000134757
0.000232238
0.000363118
0.000792968
0.000782339
0.000729165
0.000653876
0.000594718
0.000539362
0.00045128
0.000323706
0.000192119
0.000104635
8.70906e-05
0.000134761
0.000232241
0.000363125
0.000792968
0.000782339
0.000729166
0.000653879
0.000594723
0.000539369
0.000451287
0.000323713
0.000192126
0.000104641
8.70941e-05
0.000134762
0.000232243
0.000363129
0.000792968
0.000782339
0.000729167
0.000653881
0.000594726
0.000539372
0.000451291
0.000323717
0.00019213
0.000104643
8.70958e-05
0.000134763
0.000232244
0.000363131
0.000792968
0.000782339
0.000729167
0.000653882
0.000594727
0.000539374
0.000451293
0.000323719
0.000192131
0.000104645
8.70966e-05
0.000134764
0.000232244
0.000363132
0.000792968
0.000782339
0.000729167
0.000653882
0.000594728
0.000539375
0.000451294
0.00032372
0.000192132
0.000104645
8.70971e-05
0.000134764
0.000232244
0.000363132
0.000792968
0.000782339
0.000729167
0.000653882
0.000594728
0.000539375
0.000451294
0.00032372
0.000192133
0.000104646
8.70973e-05
0.000134764
0.000232244
0.000363132
0.000792968
0.00078234
0.000729167
0.000653882
0.000594728
0.000539375
0.000451295
0.000323721
0.000192133
0.000104646
8.70974e-05
0.000134764
0.000232244
0.000363133
0.000792968
0.00078234
0.000729167
0.000653882
0.000594728
0.000539376
0.000451295
0.000323721
0.000192133
0.000104646
8.70974e-05
0.000134764
0.000232244
0.000363133
0.000792968
0.00078234
0.000729167
0.000653882
0.000594728
0.000539376
0.000451295
0.000323721
0.000192133
0.000104646
8.70975e-05
0.000134764
0.000232245
0.000363133
0.000792968
0.00078234
0.000729167
0.000653882
0.000594728
0.000539376
0.000451295
0.000323721
0.000192133
0.000104646
8.70975e-05
0.000134764
0.000232245
0.000363133
0.000792968
0.00078234
0.000729167
0.000653882
0.000594728
0.000539376
0.000451295
0.000323721
0.000192133
0.000104646
8.70975e-05
0.000134764
0.000232245
0.000363133
0.000792968
0.00078234
0.000729167
0.000653882
0.000594728
0.000539376
0.000451295
0.000323721
0.000192133
0.000104646
8.70975e-05
0.000134764
0.000232245
0.000363133
0.000792968
0.00078234
0.000729167
0.000653882
0.000594728
0.000539376
0.000451295
0.000323721
0.000192133
0.000104646
8.70975e-05
0.000134764
0.000232245
0.000363133
0.000792968
0.00078234
0.000729167
0.000653882
0.000594728
0.000539376
0.000451295
0.000323721
0.000192133
0.000104646
8.70975e-05
0.000134764
0.000232245
0.000363133
0.000792968
0.00078234
0.000729167
0.000653882
0.000594728
0.000539376
0.000451295
0.000323721
0.000192133
0.000104646
8.70975e-05
0.000134764
0.000232245
0.000363133
0.000792968
0.00078234
0.000729167
0.000653882
0.000594728
0.000539376
0.000451295
0.000323721
0.000192133
0.000104646
8.70975e-05
0.000134764
0.000232245
0.000363133
0.000792968
0.00078234
0.000729167
0.000653882
0.000594728
0.000539376
0.000451295
0.000323721
0.000192133
0.000104646
8.70975e-05
0.000134764
0.000232245
0.000363133
0.000792968
0.00078234
0.000729167
0.000653882
0.000594728
0.000539376
0.000451295
0.000323721
0.000192133
0.000104646
8.70975e-05
0.000134764
0.000232245
0.000363133
0.000792968
0.00078234
0.000729167
0.000653882
0.000594728
0.000539376
0.000451295
0.000323721
0.000192133
0.000104646
8.70975e-05
0.000134764
0.000232245
0.000363133
0.000792968
0.00078234
0.000729167
0.000653882
0.000594728
0.000539376
0.000451295
0.000323721
0.000192133
0.000104646
8.70975e-05
0.000134764
0.000232245
0.000363133
0.000792968
0.00078234
0.000729167
0.000653882
0.000594728
0.000539376
0.000451295
0.000323721
0.000192133
0.000104646
8.70975e-05
0.000134764
0.000232245
0.000363133
0.000792968
0.00078234
0.000729167
0.000653882
0.000594728
0.000539376
0.000451295
0.000323721
0.000192133
0.000104646
8.70975e-05
0.000134764
0.000232245
0.000363133
0.000792968
0.00078234
0.000729167
0.000653882
0.000594728
0.000539376
0.000451295
0.000323721
0.000192133
0.000104646
8.70975e-05
0.000134764
0.000232245
0.000363133
0.000792968
0.00078234
0.000729167
0.000653882
0.000594728
0.000539376
0.000451295
0.000323721
0.000192133
0.000104646
8.70975e-05
0.000134764
0.000232245
0.000363133
0.000792968
0.00078234
0.000729167
0.000653882
0.000594728
0.000539376
0.000451295
0.000323721
0.000192133
0.000104646
8.70975e-05
0.000134764
0.000232245
0.000363133
0.000792968
0.00078234
0.000729167
0.000653882
0.000594728
0.000539376
0.000451295
0.000323721
0.000192133
0.000104646
8.70975e-05
0.000134764
0.000232245
0.000363133
0.000792968
0.00078234
0.000729167
0.000653882
0.000594728
0.000539376
0.000451295
0.000323721
0.000192133
0.000104646
8.70975e-05
0.000134764
0.000232245
0.000363133
0.000792968
0.00078234
0.000729167
0.000653882
0.000594728
0.000539376
0.000451295
0.000323721
0.000192133
0.000104646
8.70975e-05
0.000134764
0.000232245
0.000363133
0.000792968
0.00078234
0.000729167
0.000653882
0.000594728
0.000539376
0.000451295
0.000323721
0.000192133
0.000104646
8.70975e-05
0.000134764
0.000232245
0.000363133
0.000792968
0.00078234
0.000729167
0.000653882
0.000594728
0.000539376
0.000451295
0.000323721
0.000192133
0.000104646
8.70975e-05
0.000134764
0.000232245
0.000363133
0.000792968
0.00078234
0.000729167
0.000653882
0.000594728
0.000539376
0.000451295
0.000323721
0.000192133
0.000104646
8.70975e-05
0.000134764
0.000232245
0.000363133
0.000792968
0.00078234
0.000729167
0.000653882
0.000594728
0.000539376
0.000451295
0.000323721
0.000192133
0.000104646
8.70975e-05
0.000134764
0.000232245
0.000363133
0.000792968
0.00078234
0.000729167
0.000653882
0.000594728
0.000539376
0.000451295
0.000323721
0.000192133
0.000104646
8.70975e-05
0.000134764
0.000232245
0.000363133
0.000792968
0.00078234
0.000729167
0.000653882
0.000594728
0.000539376
0.000451295
0.000323721
0.000192133
0.000104646
8.70975e-05
0.000134764
0.000232245
0.000363133
0.000792968
0.00078234
0.000729167
0.000653882
0.000594728
0.000539376
0.000451295
0.000323721
0.000192133
0.000104646
8.70975e-05
0.000134764
0.000232245
0.000363133
0.000792968
0.00078234
0.000729167
0.000653882
0.000594728
0.000539376
0.000451295
0.000323721
0.000192133
0.000104646
8.70975e-05
0.000134764
0.000232245
0.000363133
0.000792968
0.00078234
0.000729167
0.000653882
0.000594728
0.000539376
0.000451295
0.000323721
0.000192133
0.000104646
8.70975e-05
0.000134764
0.000232245
0.000363133
0.000792968
0.00078234
0.000729167
0.000653882
0.000594728
0.000539376
0.000451295
0.000323721
0.000192133
0.000104646
8.70975e-05
0.000134764
0.000232245
0.000363133
0.000792968
0.00078234
0.000729167
0.000653882
0.000594728
0.000539376
0.000451295
0.000323721
0.000192133
0.000104646
8.70975e-05
0.000134764
0.000232245
0.000363133
0.000792968
0.00078234
0.000729167
0.000653882
0.000594728
0.000539376
0.000451295
0.000323721
0.000192133
0.000104646
8.70975e-05
0.000134764
0.000232245
0.000363133
0.000792968
0.00078234
0.000729167
0.000653882
0.000594728
0.000539376
0.000451295
0.000323721
0.000192133
0.000104646
8.70975e-05
0.000134764
0.000232245
0.000363133
0.000792968
0.00078234
0.000729167
0.000653882
0.000594728
0.000539376
0.000451295
0.000323721
0.000192133
0.000104646
8.70975e-05
0.000134764
0.000232245
0.000363133
0.000792968
0.00078234
0.000729167
0.000653882
0.000594728
0.000539376
0.000451295
0.000323721
0.000192133
0.000104646
8.70975e-05
0.000134764
0.000232245
0.000363133
0.000792968
0.00078234
0.000729167
0.000653882
0.000594728
0.000539376
0.000451295
0.000323721
0.000192133
0.000104646
8.70975e-05
0.000134764
0.000232245
0.000363133
0.000792968
0.00078234
0.000729167
0.000653882
0.000594728
0.000539376
0.000451295
0.000323721
0.000192133
0.000104646
8.70975e-05
0.000134764
0.000232245
0.000363133
0.000792968
0.00078234
0.000729167
0.000653882
0.000594728
0.000539376
0.000451295
0.000323721
0.000192133
0.000104646
8.70975e-05
0.000134764
0.000232245
0.000363133
0.000792968
0.00078234
0.000729167
0.000653882
0.000594728
0.000539376
0.000451295
0.000323721
0.000192133
0.000104646
8.70975e-05
0.000134764
0.000232245
0.000363133
0.000792968
0.00078234
0.000729167
0.000653882
0.000594728
0.000539376
0.000451295
0.000323721
0.000192133
0.000104646
8.70975e-05
0.000134764
0.000232245
0.000363133
0.000792968
0.00078234
0.000729167
0.000653882
0.000594728
0.000539376
0.000451295
0.000323721
0.000192133
0.000104646
8.70975e-05
0.000134764
0.000232245
0.000363133
0.000792968
0.00078234
0.000729167
0.000653882
0.000594728
0.000539376
0.000451295
0.000323721
0.000192133
0.000104646
8.70975e-05
0.000134764
0.000232245
0.000363133
0.000792968
0.00078234
0.000729167
0.000653882
0.000594728
0.000539376
0.000451295
0.000323721
0.000192133
0.000104646
8.70975e-05
0.000134764
0.000232245
0.000363133
0.000792968
0.00078234
0.000729167
0.000653882
0.000594728
0.000539376
0.000451295
0.000323721
0.000192133
0.000104646
8.70975e-05
0.000134764
0.000232245
0.000363133
0.000792968
0.00078234
0.000729167
0.000653882
0.000594728
0.000539376
0.000451295
0.000323721
0.000192133
0.000104646
8.70975e-05
0.000134764
0.000232245
0.000363133
0.000792968
0.00078234
0.000729167
0.000653882
0.000594728
0.000539376
0.000451295
0.000323721
0.000192133
0.000104646
8.70975e-05
0.000134764
0.000232245
0.000363133
0.000792968
0.00078234
0.000729167
0.000653882
0.000594728
0.000539376
0.000451295
0.000323721
0.000192133
0.000104646
8.70975e-05
0.000134764
0.000232245
0.000363133
0.000792968
0.00078234
0.000729167
0.000653882
0.000594728
0.000539376
0.000451295
0.000323721
0.000192133
0.000104646
8.70975e-05
0.000134764
0.000232245
0.000363133
0.000792968
0.00078234
0.000729167
0.000653882
0.000594728
0.000539376
0.000451295
0.000323721
0.000192133
0.000104646
8.70975e-05
0.000134764
0.000232245
0.000363133
0.000792968
0.00078234
0.000729167
0.000653882
0.000594728
0.000539376
0.000451295
0.000323721
0.000192133
0.000104646
8.70975e-05
0.000134764
0.000232245
0.000363133
0.000792968
0.00078234
0.000729167
0.000653882
0.000594728
0.000539376
0.000451295
0.000323721
0.000192133
0.000104646
8.70975e-05
0.000134764
0.000232245
0.000363133
0.000792968
0.00078234
0.000729167
0.000653882
0.000594728
0.000539376
0.000451295
0.000323721
0.000192133
0.000104646
8.70975e-05
0.000134764
0.000232245
0.000363133
0.000792968
0.00078234
0.000729167
0.000653882
0.000594728
0.000539376
0.000451295
0.000323721
0.000192133
0.000104646
8.70975e-05
0.000134764
0.000232245
0.000363133
0.000792968
0.00078234
0.000729167
0.000653882
0.000594728
0.000539376
0.000451295
0.000323721
0.000192133
0.000104646
8.70975e-05
0.000134764
0.000232245
0.000363133
0.000792968
0.00078234
0.000729167
0.000653882
0.000594728
0.000539376
0.000451295
0.000323721
0.000192133
0.000104646
8.70975e-05
0.000134764
0.000232245
0.000363133
0.000792968
0.00078234
0.000729167
0.000653882
0.000594728
0.000539376
0.000451295
0.000323721
0.000192133
0.000104646
8.70975e-05
0.000134764
0.000232245
0.000363133
0.000792968
0.00078234
0.000729167
0.000653882
0.000594728
0.000539376
0.000451295
0.000323721
0.000192133
0.000104646
8.70975e-05
0.000134764
0.000232245
0.000363133
0.000792968
0.00078234
0.000729167
0.000653882
0.000594728
0.000539376
0.000451295
0.000323721
0.000192133
0.000104646
8.70975e-05
0.000134764
0.000232245
0.000363133
0.000792968
0.00078234
0.000729167
0.000653882
0.000594728
0.000539376
0.000451295
0.000323721
0.000192133
0.000104646
8.70975e-05
0.000134764
0.000232245
0.000363133
0.000792968
0.00078234
0.000729167
0.000653882
0.000594728
0.000539376
0.000451295
0.000323721
0.000192133
0.000104646
8.70975e-05
0.000134764
0.000232245
0.000363133
0.000792968
0.00078234
0.000729167
0.000653882
0.000594728
0.000539376
0.000451295
0.000323721
0.000192133
0.000104646
8.70975e-05
0.000134764
0.000232245
0.000363133
0.000792968
0.00078234
0.000729167
0.000653882
0.000594728
0.000539376
0.000451295
0.000323721
0.000192133
0.000104646
8.70975e-05
0.000134764
0.000232245
0.000363133
0.000792968
0.00078234
0.000729167
0.000653882
0.000594728
0.000539376
0.000451295
0.000323721
0.000192133
0.000104646
8.70975e-05
0.000134764
0.000232245
0.000363133
0.000792968
0.00078234
0.000729167
0.000653882
0.000594728
0.000539376
0.000451295
0.000323721
0.000192133
0.000104646
8.70975e-05
0.000134764
0.000232245
0.000363133
0.000792968
0.00078234
0.000729167
0.000653882
0.000594728
0.000539376
0.000451295
0.000323721
0.000192133
0.000104646
8.70975e-05
0.000134764
0.000232245
0.000363133
0.000792968
0.00078234
0.000729167
0.000653882
0.000594728
0.000539376
0.000451295
0.000323721
0.000192133
0.000104646
8.70975e-05
0.000134764
0.000232245
0.000363133
0.000792968
0.00078234
0.000729167
0.000653882
0.000594728
0.000539376
0.000451295
0.000323721
0.000192133
0.000104646
8.70975e-05
0.000134764
0.000232245
0.000363133
0.000792968
0.00078234
0.000729167
0.000653882
0.000594728
0.000539376
0.000451295
0.000323721
0.000192133
0.000104646
8.70975e-05
0.000134764
0.000232245
0.000363133
0.000792968
0.00078234
0.000729167
0.000653882
0.000594728
0.000539376
0.000451295
0.000323721
0.000192133
0.000104646
8.70975e-05
0.000134764
0.000232245
0.000363133
0.000792968
0.00078234
0.000729167
0.000653882
0.000594728
0.000539376
0.000451295
0.000323721
0.000192133
0.000104646
8.70975e-05
0.000134764
0.000232245
0.000363133
0.000792968
0.00078234
0.000729167
0.000653882
0.000594728
0.000539376
0.000451295
0.000323721
0.000192133
0.000104646
8.70975e-05
0.000134764
0.000232245
0.000363133
0.000792968
0.00078234
0.000729167
0.000653882
0.000594728
0.000539376
0.000451295
0.000323721
0.000192133
0.000104646
8.70975e-05
0.000134764
0.000232245
0.000363133
0.000792968
0.00078234
0.000729167
0.000653882
0.000594728
0.000539376
0.000451295
0.000323721
0.000192133
0.000104646
8.70975e-05
0.000134764
0.000232245
0.000363133
0.000792968
0.00078234
0.000729167
0.000653882
0.000594728
0.000539376
0.000451295
0.000323721
0.000192133
0.000104646
8.70975e-05
0.000134764
0.000232245
0.000363133
0.000792968
0.00078234
0.000729167
0.000653882
0.000594728
0.000539376
0.000451295
0.000323721
0.000192133
0.000104646
8.70975e-05
0.000134764
0.000232245
0.000363133
0.000792968
0.00078234
0.000729167
0.000653882
0.000594728
0.000539376
0.000451295
0.000323721
0.000192133
0.000104646
8.70975e-05
0.000134764
0.000232245
0.000363133
0.000792968
0.00078234
0.000729167
0.000653882
0.000594728
0.000539376
0.000451295
0.000323721
0.000192133
0.000104646
8.70975e-05
0.000134764
0.000232245
0.000363133
0.000792968
0.00078234
0.000729167
0.000653882
0.000594728
0.000539376
0.000451295
0.000323721
0.000192133
0.000104646
8.70975e-05
0.000134764
0.000232245
0.000363133
0.000792968
0.00078234
0.000729167
0.000653882
0.000594728
0.000539376
0.000451295
0.000323721
0.000192133
0.000104646
8.70975e-05
0.000134764
0.000232245
0.000363133
0.000792968
0.00078234
0.000729167
0.000653882
0.000594728
0.000539376
0.000451295
0.000323721
0.000192133
0.000104646
8.70975e-05
0.000134764
0.000232245
0.000363133
0.000792968
0.00078234
0.000729167
0.000653882
0.000594728
0.000539376
0.000451295
0.000323721
0.000192133
0.000104646
8.70975e-05
0.000134764
0.000232245
0.000363133
0.000792968
0.00078234
0.000729167
0.000653882
0.000594728
0.000539376
0.000451295
0.000323721
0.000192133
0.000104646
8.70975e-05
0.000134764
0.000232245
0.000363133
0.000792968
0.00078234
0.000729167
0.000653882
0.000594728
0.000539376
0.000451295
0.000323721
0.000192133
0.000104646
8.70975e-05
0.000134764
0.000232245
0.000363133
0.000792968
0.00078234
0.000729167
0.000653882
0.000594728
0.000539376
0.000451295
0.000323721
0.000192133
0.000104646
8.70975e-05
0.000134764
0.000232245
0.000363133
0.000792968
0.00078234
0.000729167
0.000653882
0.000594728
0.000539376
0.000451295
0.000323721
0.000192133
0.000104646
8.70975e-05
0.000134764
0.000232245
0.000363133
0.000792968
0.00078234
0.000729167
0.000653882
0.000594728
0.000539376
0.000451295
0.000323721
0.000192133
0.000104646
8.70975e-05
0.000134764
0.000232245
0.000363133
0.000792968
0.00078234
0.000729167
0.000653882
0.000594728
0.000539376
0.000451295
0.000323721
0.000192133
0.000104646
8.70975e-05
0.000134764
0.000232245
0.000363133
0.000792968
0.00078234
0.000729167
0.000653882
0.000594728
0.000539376
0.000451295
0.000323721
0.000192133
0.000104646
8.70975e-05
0.000134764
0.000232245
0.000363133
0.000792968
0.00078234
0.000729167
0.000653882
0.000594728
0.000539376
0.000451295
0.000323721
0.000192133
0.000104646
8.70975e-05
0.000134764
0.000232245
0.000363133
0.000792968
0.00078234
0.000729167
0.000653882
0.000594728
0.000539376
0.000451295
0.000323721
0.000192133
0.000104646
8.70975e-05
0.000134764
0.000232245
0.000363133
0.000792968
0.00078234
0.000729167
0.000653882
0.000594728
0.000539376
0.000451295
0.000323721
0.000192133
0.000104646
8.70975e-05
0.000134764
0.000232245
0.000363133
0.000792968
0.00078234
0.000729167
0.000653882
0.000594728
0.000539376
0.000451295
0.000323721
0.000192133
0.000104646
8.70975e-05
0.000134764
0.000232245
0.000363133
0.000792968
0.00078234
0.000729167
0.000653882
0.000594728
0.000539376
0.000451295
0.000323721
0.000192133
0.000104646
8.70975e-05
0.000134764
0.000232245
0.000363133
0.000792968
0.00078234
0.000729167
0.000653882
0.000594728
0.000539376
0.000451295
0.000323721
0.000192133
0.000104646
8.70975e-05
0.000134764
0.000232245
0.000363133
0.000792968
0.00078234
0.000729167
0.000653882
0.000594728
0.000539376
0.000451295
0.000323721
0.000192133
0.000104646
8.70975e-05
0.000134764
0.000232245
0.000363133
0.000792968
0.00078234
0.000729167
0.000653882
0.000594728
0.000539376
0.000451295
0.000323721
0.000192133
0.000104646
8.70975e-05
0.000134764
0.000232245
0.000363133
0.000792968
0.00078234
0.000729167
0.000653882
0.000594728
0.000539376
0.000451295
0.000323721
0.000192133
0.000104646
8.70975e-05
0.000134764
0.000232245
0.000363133
0.000528645
0.000521559
0.000486107
0.000435913
0.000396479
0.00035959
0.000300888
0.000215853
0.000128126
6.97801e-05
5.80419e-05
8.97672e-05
0.000154695
0.000241901
0.000528645
0.000516934
0.000449496
0.00032816
0.000220567
0.000209902
0.000286622
0.000273492
5.88629e-05
3.57489e-06
0.000320819
0.000511969
0.000313905
0.000203978
0.000528645
0.000517596
0.000461003
0.000373395
0.000296742
0.00023673
0.000170333
8.9844e-05
1.5258e-05
1.25335e-05
3.85402e-05
0.000133787
0.000188473
0.000167681
0.000528645
0.000519423
0.000472864
0.000403428
0.00034467
0.000294384
0.000228554
0.000143104
6.29143e-05
2.08721e-05
3.34471e-05
8.82226e-05
0.000154932
0.000207893
0.000528645
0.000520471
0.000479393
0.000419471
0.000370215
0.000326407
0.00026388
0.00017837
9.42657e-05
4.37681e-05
4.30237e-05
8.4826e-05
0.000151201
0.000224493
0.000528645
0.000521012
0.000482734
0.000427655
0.000383273
0.000342886
0.000282241
0.00019693
0.000110965
5.64343e-05
4.99334e-05
8.63943e-05
0.000152112
0.00023299
0.000528645
0.000521285
0.000484418
0.000431776
0.00038986
0.000351214
0.000291536
0.000206355
0.000119496
6.30283e-05
5.38466e-05
8.78695e-05
0.000153203
0.000237383
0.000528645
0.000521422
0.000485262
0.000433843
0.000393166
0.000355396
0.000296206
0.000211096
0.0001238
6.63852e-05
5.591e-05
8.87672e-05
0.0001539
0.000239626
0.000528645
0.00052149
0.000485684
0.000434878
0.000394822
0.000357492
0.000298545
0.000213473
0.00012596
6.8078e-05
5.69675e-05
8.92546e-05
0.000154285
0.000240759
0.000528645
0.000521525
0.000485896
0.000435395
0.00039565
0.000358541
0.000299717
0.000214662
0.000127042
6.89279e-05
5.75026e-05
8.95078e-05
0.000154487
0.000241329
0.000528645
0.000521542
0.000486002
0.000435654
0.000396065
0.000359066
0.000300302
0.000215257
0.000127584
6.93537e-05
5.77717e-05
8.96367e-05
0.00015459
0.000241615
0.000528645
0.00052155
0.000486054
0.000435784
0.000396272
0.000359328
0.000300595
0.000215555
0.000127855
6.95668e-05
5.79067e-05
8.97018e-05
0.000154643
0.000241758
0.000528645
0.000521555
0.000486081
0.000435849
0.000396376
0.000359459
0.000300742
0.000215704
0.000127991
6.96734e-05
5.79743e-05
8.97345e-05
0.000154669
0.000241829
0.000528645
0.000521557
0.000486094
0.000435881
0.000396428
0.000359525
0.000300815
0.000215778
0.000128058
6.97267e-05
5.80081e-05
8.97508e-05
0.000154682
0.000241865
0.000528645
0.000521558
0.000486101
0.000435897
0.000396454
0.000359558
0.000300852
0.000215816
0.000128092
6.97534e-05
5.8025e-05
8.9759e-05
0.000154689
0.000241883
0.000528645
0.000521558
0.000486104
0.000435905
0.000396467
0.000359574
0.00030087
0.000215834
0.000128109
6.97667e-05
5.80334e-05
8.97631e-05
0.000154692
0.000241892
0.000528645
0.000521559
0.000486106
0.000435909
0.000396473
0.000359582
0.000300879
0.000215843
0.000128118
6.97734e-05
5.80377e-05
8.97652e-05
0.000154694
0.000241896
0.000528645
0.000521559
0.000486106
0.000435911
0.000396476
0.000359586
0.000300884
0.000215848
0.000128122
6.97767e-05
5.80398e-05
8.97662e-05
0.000154694
0.000241899
0.000528645
0.000521559
0.000486107
0.000435912
0.000396478
0.000359588
0.000300886
0.00021585
0.000128124
6.97784e-05
5.80408e-05
8.97667e-05
0.000154695
0.0002419
0.000528645
0.000521559
0.000486107
0.000435913
0.000396479
0.000359589
0.000300887
0.000215852
0.000128125
6.97792e-05
5.80414e-05
8.9767e-05
0.000154695
0.0002419
0.000528645
0.000521559
0.000486107
0.000435913
0.000396479
0.00035959
0.000300888
0.000215852
0.000128126
6.97797e-05
5.80416e-05
8.97671e-05
0.000154695
0.000241901
0.000528645
0.000521559
0.000486107
0.000435913
0.000396479
0.00035959
0.000300888
0.000215853
0.000128126
6.97799e-05
5.80418e-05
8.97672e-05
0.000154695
0.000241901
0.000528645
0.000521559
0.000486107
0.000435913
0.000396479
0.00035959
0.000300888
0.000215853
0.000128126
6.978e-05
5.80418e-05
8.97672e-05
0.000154695
0.000241901
0.000528645
0.000521559
0.000486107
0.000435913
0.000396479
0.00035959
0.000300888
0.000215853
0.000128126
6.978e-05
5.80419e-05
8.97672e-05
0.000154695
0.000241901
0.000528645
0.000521559
0.000486107
0.000435913
0.000396479
0.00035959
0.000300888
0.000215853
0.000128126
6.978e-05
5.80419e-05
8.97672e-05
0.000154695
0.000241901
0.000528645
0.000521559
0.000486107
0.000435913
0.000396479
0.00035959
0.000300888
0.000215853
0.000128126
6.97801e-05
5.80419e-05
8.97672e-05
0.000154695
0.000241901
0.000528645
0.000521559
0.000486107
0.000435913
0.000396479
0.00035959
0.000300888
0.000215853
0.000128126
6.97801e-05
5.80419e-05
8.97672e-05
0.000154695
0.000241901
0.000528645
0.000521559
0.000486107
0.000435913
0.000396479
0.00035959
0.000300888
0.000215853
0.000128126
6.97801e-05
5.80419e-05
8.97672e-05
0.000154695
0.000241901
0.000528645
0.000521559
0.000486107
0.000435913
0.000396479
0.00035959
0.000300888
0.000215853
0.000128126
6.97801e-05
5.80419e-05
8.97672e-05
0.000154695
0.000241901
0.000528645
0.000521559
0.000486107
0.000435913
0.000396479
0.00035959
0.000300888
0.000215853
0.000128126
6.97801e-05
5.80419e-05
8.97672e-05
0.000154695
0.000241901
0.000528645
0.000521559
0.000486107
0.000435913
0.000396479
0.00035959
0.000300888
0.000215853
0.000128126
6.97801e-05
5.80419e-05
8.97672e-05
0.000154695
0.000241901
0.000528645
0.000521559
0.000486107
0.000435913
0.000396479
0.00035959
0.000300888
0.000215853
0.000128126
6.97801e-05
5.80419e-05
8.97672e-05
0.000154695
0.000241901
0.000528645
0.000521559
0.000486107
0.000435913
0.000396479
0.00035959
0.000300888
0.000215853
0.000128126
6.97801e-05
5.80419e-05
8.97672e-05
0.000154695
0.000241901
0.000528645
0.000521559
0.000486107
0.000435913
0.000396479
0.00035959
0.000300888
0.000215853
0.000128126
6.97801e-05
5.80419e-05
8.97672e-05
0.000154695
0.000241901
0.000528645
0.000521559
0.000486107
0.000435913
0.000396479
0.00035959
0.000300888
0.000215853
0.000128126
6.97801e-05
5.80419e-05
8.97672e-05
0.000154695
0.000241901
0.000528645
0.000521559
0.000486107
0.000435913
0.000396479
0.00035959
0.000300888
0.000215853
0.000128126
6.97801e-05
5.80419e-05
8.97672e-05
0.000154695
0.000241901
0.000528645
0.000521559
0.000486107
0.000435913
0.000396479
0.00035959
0.000300888
0.000215853
0.000128126
6.97801e-05
5.80419e-05
8.97672e-05
0.000154695
0.000241901
0.000528645
0.000521559
0.000486107
0.000435913
0.000396479
0.00035959
0.000300888
0.000215853
0.000128126
6.97801e-05
5.80419e-05
8.97672e-05
0.000154695
0.000241901
0.000528645
0.000521559
0.000486107
0.000435913
0.000396479
0.00035959
0.000300888
0.000215853
0.000128126
6.97801e-05
5.80419e-05
8.97672e-05
0.000154695
0.000241901
0.000528645
0.000521559
0.000486107
0.000435913
0.000396479
0.00035959
0.000300888
0.000215853
0.000128126
6.97801e-05
5.80419e-05
8.97672e-05
0.000154695
0.000241901
0.000528645
0.000521559
0.000486107
0.000435913
0.000396479
0.00035959
0.000300888
0.000215853
0.000128126
6.97801e-05
5.80419e-05
8.97672e-05
0.000154695
0.000241901
0.000528645
0.000521559
0.000486107
0.000435913
0.000396479
0.00035959
0.000300888
0.000215853
0.000128126
6.97801e-05
5.80419e-05
8.97672e-05
0.000154695
0.000241901
0.000528645
0.000521559
0.000486107
0.000435913
0.000396479
0.00035959
0.000300888
0.000215853
0.000128126
6.97801e-05
5.80419e-05
8.97672e-05
0.000154695
0.000241901
0.000528645
0.000521559
0.000486107
0.000435913
0.000396479
0.00035959
0.000300888
0.000215853
0.000128126
6.97801e-05
5.80419e-05
8.97672e-05
0.000154695
0.000241901
0.000528645
0.000521559
0.000486107
0.000435913
0.000396479
0.00035959
0.000300888
0.000215853
0.000128126
6.97801e-05
5.80419e-05
8.97672e-05
0.000154695
0.000241901
0.000528645
0.000521559
0.000486107
0.000435913
0.000396479
0.00035959
0.000300888
0.000215853
0.000128126
6.97801e-05
5.80419e-05
8.97672e-05
0.000154695
0.000241901
0.000528645
0.000521559
0.000486107
0.000435913
0.000396479
0.00035959
0.000300888
0.000215853
0.000128126
6.97801e-05
5.80419e-05
8.97672e-05
0.000154695
0.000241901
0.000528645
0.000521559
0.000486107
0.000435913
0.000396479
0.00035959
0.000300888
0.000215853
0.000128126
6.97801e-05
5.80419e-05
8.97672e-05
0.000154695
0.000241901
0.000528645
0.000521559
0.000486107
0.000435913
0.000396479
0.00035959
0.000300888
0.000215853
0.000128126
6.97801e-05
5.80419e-05
8.97672e-05
0.000154695
0.000241901
0.000528645
0.000521559
0.000486107
0.000435913
0.000396479
0.00035959
0.000300888
0.000215853
0.000128126
6.97801e-05
5.80419e-05
8.97672e-05
0.000154695
0.000241901
0.000528645
0.000521559
0.000486107
0.000435913
0.000396479
0.00035959
0.000300888
0.000215853
0.000128126
6.97801e-05
5.80419e-05
8.97672e-05
0.000154695
0.000241901
0.000528645
0.000521559
0.000486107
0.000435913
0.000396479
0.00035959
0.000300888
0.000215853
0.000128126
6.97801e-05
5.80419e-05
8.97672e-05
0.000154695
0.000241901
0.000528645
0.000521559
0.000486107
0.000435913
0.000396479
0.00035959
0.000300888
0.000215853
0.000128126
6.97801e-05
5.80419e-05
8.97672e-05
0.000154695
0.000241901
0.000528645
0.000521559
0.000486107
0.000435913
0.000396479
0.00035959
0.000300888
0.000215853
0.000128126
6.97801e-05
5.80419e-05
8.97672e-05
0.000154695
0.000241901
0.000528645
0.000521559
0.000486107
0.000435913
0.000396479
0.00035959
0.000300888
0.000215853
0.000128126
6.97801e-05
5.80419e-05
8.97672e-05
0.000154695
0.000241901
0.000528645
0.000521559
0.000486107
0.000435913
0.000396479
0.00035959
0.000300888
0.000215853
0.000128126
6.97801e-05
5.80419e-05
8.97672e-05
0.000154695
0.000241901
0.000528645
0.000521559
0.000486107
0.000435913
0.000396479
0.00035959
0.000300888
0.000215853
0.000128126
6.97801e-05
5.80419e-05
8.97672e-05
0.000154695
0.000241901
0.000528645
0.000521559
0.000486107
0.000435913
0.000396479
0.00035959
0.000300888
0.000215853
0.000128126
6.97801e-05
5.80419e-05
8.97672e-05
0.000154695
0.000241901
0.000528645
0.000521559
0.000486107
0.000435913
0.000396479
0.00035959
0.000300888
0.000215853
0.000128126
6.97801e-05
5.80419e-05
8.97672e-05
0.000154695
0.000241901
0.000528645
0.000521559
0.000486107
0.000435913
0.000396479
0.00035959
0.000300888
0.000215853
0.000128126
6.97801e-05
5.80419e-05
8.97672e-05
0.000154695
0.000241901
0.000528645
0.000521559
0.000486107
0.000435913
0.000396479
0.00035959
0.000300888
0.000215853
0.000128126
6.97801e-05
5.80419e-05
8.97672e-05
0.000154695
0.000241901
0.000528645
0.000521559
0.000486107
0.000435913
0.000396479
0.00035959
0.000300888
0.000215853
0.000128126
6.97801e-05
5.80419e-05
8.97672e-05
0.000154695
0.000241901
0.000528645
0.000521559
0.000486107
0.000435913
0.000396479
0.00035959
0.000300888
0.000215853
0.000128126
6.97801e-05
5.80419e-05
8.97672e-05
0.000154695
0.000241901
0.000528645
0.000521559
0.000486107
0.000435913
0.000396479
0.00035959
0.000300888
0.000215853
0.000128126
6.97801e-05
5.80419e-05
8.97672e-05
0.000154695
0.000241901
0.000528645
0.000521559
0.000486107
0.000435913
0.000396479
0.00035959
0.000300888
0.000215853
0.000128126
6.97801e-05
5.80419e-05
8.97672e-05
0.000154695
0.000241901
0.000528645
0.000521559
0.000486107
0.000435913
0.000396479
0.00035959
0.000300888
0.000215853
0.000128126
6.97801e-05
5.80419e-05
8.97672e-05
0.000154695
0.000241901
0.000528645
0.000521559
0.000486107
0.000435913
0.000396479
0.00035959
0.000300888
0.000215853
0.000128126
6.97801e-05
5.80419e-05
8.97672e-05
0.000154695
0.000241901
0.000528645
0.000521559
0.000486107
0.000435913
0.000396479
0.00035959
0.000300888
0.000215853
0.000128126
6.97801e-05
5.80419e-05
8.97672e-05
0.000154695
0.000241901
0.000528645
0.000521559
0.000486107
0.000435913
0.000396479
0.00035959
0.000300888
0.000215853
0.000128126
6.97801e-05
5.80419e-05
8.97672e-05
0.000154695
0.000241901
0.000528645
0.000521559
0.000486107
0.000435913
0.000396479
0.00035959
0.000300888
0.000215853
0.000128126
6.97801e-05
5.80419e-05
8.97672e-05
0.000154695
0.000241901
0.000528645
0.000521559
0.000486107
0.000435913
0.000396479
0.00035959
0.000300888
0.000215853
0.000128126
6.97801e-05
5.80419e-05
8.97672e-05
0.000154695
0.000241901
0.000528645
0.000521559
0.000486107
0.000435913
0.000396479
0.00035959
0.000300888
0.000215853
0.000128126
6.97801e-05
5.80419e-05
8.97672e-05
0.000154695
0.000241901
0.000528645
0.000521559
0.000486107
0.000435913
0.000396479
0.00035959
0.000300888
0.000215853
0.000128126
6.97801e-05
5.80419e-05
8.97672e-05
0.000154695
0.000241901
0.000528645
0.000521559
0.000486107
0.000435913
0.000396479
0.00035959
0.000300888
0.000215853
0.000128126
6.97801e-05
5.80419e-05
8.97672e-05
0.000154695
0.000241901
0.000528645
0.000521559
0.000486107
0.000435913
0.000396479
0.00035959
0.000300888
0.000215853
0.000128126
6.97801e-05
5.80419e-05
8.97672e-05
0.000154695
0.000241901
0.000528645
0.000521559
0.000486107
0.000435913
0.000396479
0.00035959
0.000300888
0.000215853
0.000128126
6.97801e-05
5.80419e-05
8.97672e-05
0.000154695
0.000241901
0.000528645
0.000521559
0.000486107
0.000435913
0.000396479
0.00035959
0.000300888
0.000215853
0.000128126
6.97801e-05
5.80419e-05
8.97672e-05
0.000154695
0.000241901
0.000528645
0.000521559
0.000486107
0.000435913
0.000396479
0.00035959
0.000300888
0.000215853
0.000128126
6.97801e-05
5.80419e-05
8.97672e-05
0.000154695
0.000241901
0.000528645
0.000521559
0.000486107
0.000435913
0.000396479
0.00035959
0.000300888
0.000215853
0.000128126
6.97801e-05
5.80419e-05
8.97672e-05
0.000154695
0.000241901
0.000528645
0.000521559
0.000486107
0.000435913
0.000396479
0.00035959
0.000300888
0.000215853
0.000128126
6.97801e-05
5.80419e-05
8.97672e-05
0.000154695
0.000241901
0.000528645
0.000521559
0.000486107
0.000435913
0.000396479
0.00035959
0.000300888
0.000215853
0.000128126
6.97801e-05
5.80419e-05
8.97672e-05
0.000154695
0.000241901
0.000528645
0.000521559
0.000486107
0.000435913
0.000396479
0.00035959
0.000300888
0.000215853
0.000128126
6.97801e-05
5.80419e-05
8.97672e-05
0.000154695
0.000241901
0.000528645
0.000521559
0.000486107
0.000435913
0.000396479
0.00035959
0.000300888
0.000215853
0.000128126
6.97801e-05
5.80419e-05
8.97672e-05
0.000154695
0.000241901
0.000528645
0.000521559
0.000486107
0.000435913
0.000396479
0.00035959
0.000300888
0.000215853
0.000128126
6.97801e-05
5.80419e-05
8.97672e-05
0.000154695
0.000241901
0.000528645
0.000521559
0.000486107
0.000435913
0.000396479
0.00035959
0.000300888
0.000215853
0.000128126
6.97801e-05
5.80419e-05
8.97672e-05
0.000154695
0.000241901
0.000528645
0.000521559
0.000486107
0.000435913
0.000396479
0.00035959
0.000300888
0.000215853
0.000128126
6.97801e-05
5.80419e-05
8.97672e-05
0.000154695
0.000241901
0.000528645
0.000521559
0.000486107
0.000435913
0.000396479
0.00035959
0.000300888
0.000215853
0.000128126
6.97801e-05
5.80419e-05
8.97672e-05
0.000154695
0.000241901
0.000528645
0.000521559
0.000486107
0.000435913
0.000396479
0.00035959
0.000300888
0.000215853
0.000128126
6.97801e-05
5.80419e-05
8.97672e-05
0.000154695
0.000241901
0.000528645
0.000521559
0.000486107
0.000435913
0.000396479
0.00035959
0.000300888
0.000215853
0.000128126
6.97801e-05
5.80419e-05
8.97672e-05
0.000154695
0.000241901
0.000528645
0.000521559
0.000486107
0.000435913
0.000396479
0.00035959
0.000300888
0.000215853
0.000128126
6.97801e-05
5.80419e-05
8.97672e-05
0.000154695
0.000241901
0.000528645
0.000521559
0.000486107
0.000435913
0.000396479
0.00035959
0.000300888
0.000215853
0.000128126
6.97801e-05
5.80419e-05
8.97672e-05
0.000154695
0.000241901
0.000528645
0.000521559
0.000486107
0.000435913
0.000396479
0.00035959
0.000300888
0.000215853
0.000128126
6.97801e-05
5.80419e-05
8.97672e-05
0.000154695
0.000241901
0.000528645
0.000521559
0.000486107
0.000435913
0.000396479
0.00035959
0.000300888
0.000215853
0.000128126
6.97801e-05
5.80419e-05
8.97672e-05
0.000154695
0.000241901
0.000528645
0.000521559
0.000486107
0.000435913
0.000396479
0.00035959
0.000300888
0.000215853
0.000128126
6.97801e-05
5.80419e-05
8.97672e-05
0.000154695
0.000241901
0.000528645
0.000521559
0.000486107
0.000435913
0.000396479
0.00035959
0.000300888
0.000215853
0.000128126
6.97801e-05
5.80419e-05
8.97672e-05
0.000154695
0.000241901
0.000528645
0.000521559
0.000486107
0.000435913
0.000396479
0.00035959
0.000300888
0.000215853
0.000128126
6.97801e-05
5.80419e-05
8.97672e-05
0.000154695
0.000241901
0.000528645
0.000521559
0.000486107
0.000435913
0.000396479
0.00035959
0.000300888
0.000215853
0.000128126
6.97801e-05
5.80419e-05
8.97672e-05
0.000154695
0.000241901
0.000528645
0.000521559
0.000486107
0.000435913
0.000396479
0.00035959
0.000300888
0.000215853
0.000128126
6.97801e-05
5.80419e-05
8.97672e-05
0.000154695
0.000241901
0.000528645
0.000521559
0.000486107
0.000435913
0.000396479
0.00035959
0.000300888
0.000215853
0.000128126
6.97801e-05
5.80419e-05
8.97672e-05
0.000154695
0.000241901
0.000528645
0.000521559
0.000486107
0.000435913
0.000396479
0.00035959
0.000300888
0.000215853
0.000128126
6.97801e-05
5.80419e-05
8.97672e-05
0.000154695
0.000241901
0.000528645
0.000521559
0.000486107
0.000435913
0.000396479
0.00035959
0.000300888
0.000215853
0.000128126
6.97801e-05
5.80419e-05
8.97672e-05
0.000154695
0.000241901
0.000528645
0.000521559
0.000486107
0.000435913
0.000396479
0.00035959
0.000300888
0.000215853
0.000128126
6.97801e-05
5.80419e-05
8.97672e-05
0.000154695
0.000241901
0.000528645
0.000521559
0.000486107
0.000435913
0.000396479
0.00035959
0.000300888
0.000215853
0.000128126
6.97801e-05
5.80419e-05
8.97672e-05
0.000154695
0.000241901
0.000528645
0.000521559
0.000486107
0.000435913
0.000396479
0.00035959
0.000300888
0.000215853
0.000128126
6.97801e-05
5.80419e-05
8.97672e-05
0.000154695
0.000241901
0.000528645
0.000521559
0.000486107
0.000435913
0.000396479
0.00035959
0.000300888
0.000215853
0.000128126
6.97801e-05
5.80419e-05
8.97672e-05
0.000154695
0.000241901
0.000528645
0.000521559
0.000486107
0.000435913
0.000396479
0.00035959
0.000300888
0.000215853
0.000128126
6.97801e-05
5.80419e-05
8.97672e-05
0.000154695
0.000241901
0.000528645
0.000521559
0.000486107
0.000435913
0.000396479
0.00035959
0.000300888
0.000215853
0.000128126
6.97801e-05
5.80419e-05
8.97672e-05
0.000154695
0.000241901
0.000528645
0.000521559
0.000486107
0.000435913
0.000396479
0.00035959
0.000300888
0.000215853
0.000128126
6.97801e-05
5.80419e-05
8.97672e-05
0.000154695
0.000241901
0.000528645
0.000521559
0.000486107
0.000435913
0.000396479
0.00035959
0.000300888
0.000215853
0.000128126
6.97801e-05
5.80419e-05
8.97672e-05
0.000154695
0.000241901
0.000528645
0.000521559
0.000486107
0.000435913
0.000396479
0.00035959
0.000300888
0.000215853
0.000128126
6.97801e-05
5.80419e-05
8.97672e-05
0.000154695
0.000241901
0.000528645
0.000521559
0.000486107
0.000435913
0.000396479
0.00035959
0.000300888
0.000215853
0.000128126
6.97801e-05
5.80419e-05
8.97672e-05
0.000154695
0.000241901
0.000528645
0.000521559
0.000486107
0.000435913
0.000396479
0.00035959
0.000300888
0.000215853
0.000128126
6.97801e-05
5.80419e-05
8.97672e-05
0.000154695
0.000241901
0.000528645
0.000521559
0.000486107
0.000435913
0.000396479
0.00035959
0.000300888
0.000215853
0.000128126
6.97801e-05
5.80419e-05
8.97672e-05
0.000154695
0.000241901
0.000528645
0.000521559
0.000486107
0.000435913
0.000396479
0.00035959
0.000300888
0.000215853
0.000128126
6.97801e-05
5.80419e-05
8.97672e-05
0.000154695
0.000241901
0.000528645
0.000521559
0.000486107
0.000435913
0.000396479
0.00035959
0.000300888
0.000215853
0.000128126
6.97801e-05
5.80419e-05
8.97672e-05
0.000154695
0.000241901
0.000528645
0.000521559
0.000486107
0.000435913
0.000396479
0.00035959
0.000300888
0.000215853
0.000128126
6.97801e-05
5.80419e-05
8.97672e-05
0.000154695
0.000241901
0.000528645
0.000521559
0.000486107
0.000435913
0.000396479
0.00035959
0.000300888
0.000215853
0.000128126
6.97801e-05
5.80419e-05
8.97672e-05
0.000154695
0.000241901
0.000528645
0.000521559
0.000486107
0.000435913
0.000396479
0.00035959
0.000300888
0.000215853
0.000128126
6.97801e-05
5.80419e-05
8.97672e-05
0.000154695
0.000241901
0.000528645
0.000521559
0.000486107
0.000435913
0.000396479
0.00035959
0.000300888
0.000215853
0.000128126
6.97801e-05
5.80419e-05
8.97672e-05
0.000154695
0.000241901
0.000528645
0.000521559
0.000486107
0.000435913
0.000396479
0.00035959
0.000300888
0.000215853
0.000128126
6.97801e-05
5.80419e-05
8.97672e-05
0.000154695
0.000241901
0.000528645
0.000521559
0.000486107
0.000435913
0.000396479
0.00035959
0.000300888
0.000215853
0.000128126
6.97801e-05
5.80419e-05
8.97672e-05
0.000154695
0.000241901
