0.00245399
0.00243159
0.00228865
0.00194715
0.00143355
0.000906916
0.000509501
0.000244364
9.4551e-05
7.69727e-05
0.000183206
0.000362555
0.000564331
0.00075391
0.00245399
0.00222186
0.000685216
0.0031558
0.00940184
0.0164028
0.0213083
0.021674
0.0152812
0.00224777
0.00871008
0.011432
0.00273975
0.0234924
0.00245399
0.00228117
0.00131454
0.000662811
0.00327336
0.00576357
0.00753132
0.00810428
0.00701217
0.00419742
0.000605467
0.00183948
0.00123369
0.00384311
0.00245399
0.002353
0.00179298
0.000664647
0.000788698
0.00211711
0.00302429
0.00341064
0.0031684
0.00225668
0.000925064
0.000200229
0.000345101
0.0010689
0.00245399
0.00239202
0.00204122
0.00131469
0.00035324
0.000541051
0.00116072
0.00147732
0.00146697
0.00110394
0.000487287
0.000106254
0.000319516
0.000122665
0.00245399
0.00241179
0.00216528
0.00163341
0.00090094
0.000197676
0.000303916
0.000592654
0.000669522
0.000514187
0.000174983
0.000196827
0.000410325
0.000318373
0.00245399
0.00242169
0.00222708
0.00179094
0.00116911
0.000555845
0.000107943
0.00016849
0.000283427
0.000218504
9.5283e-07
0.000271035
0.000479769
0.000536291
0.00245399
0.00242664
0.0022579
0.00186921
0.0013018
0.000732252
0.000309977
3.93145e-05
9.34384e-05
7.07094e-05
8.99388e-05
0.000314721
0.000520205
0.000645082
0.00245399
0.00242912
0.00227328
0.00190822
0.00136779
0.0008198
0.000410049
0.000142179
8.04375e-07
3.1494e-06
0.000136285
0.00033813
0.000541813
0.000699485
0.00245399
0.00243036
0.00228097
0.00192769
0.0014007
0.000863412
0.000459852
0.000193356
4.77395e-05
4.00659e-05
0.000159675
0.000350217
0.000552959
0.000726694
0.00245399
0.00243097
0.00228481
0.00193742
0.00141713
0.000885177
0.000484695
0.000218881
7.11607e-05
5.85206e-05
0.000171423
0.000356355
0.000558616
0.000740301
0.00245399
0.00243128
0.00228673
0.00194228
0.00142534
0.00089605
0.000497103
0.000231627
8.28597e-05
6.7747e-05
0.00017731
0.000359447
0.000561466
0.000747105
0.00245399
0.00243144
0.00228769
0.00194471
0.00142944
0.000901484
0.000503303
0.000237997
8.87063e-05
7.23599e-05
0.000180257
0.000360999
0.000562897
0.000750507
0.00245399
0.00243152
0.00228817
0.00194593
0.0014315
0.0009042
0.000506402
0.000241181
9.16289e-05
7.46663e-05
0.000181731
0.000361776
0.000563613
0.000752208
0.00245399
0.00243155
0.00228841
0.00194654
0.00143252
0.000905558
0.000507951
0.000242772
9.309e-05
7.58195e-05
0.000182469
0.000362166
0.000563972
0.000753059
0.00245399
0.00243157
0.00228853
0.00194684
0.00143303
0.000906237
0.000508726
0.000243568
9.38205e-05
7.63961e-05
0.000182837
0.00036236
0.000564151
0.000753484
0.00245399
0.00243158
0.00228859
0.00194699
0.00143329
0.000906576
0.000509113
0.000243966
9.41858e-05
7.66844e-05
0.000183022
0.000362458
0.000564241
0.000753697
0.00245399
0.00243159
0.00228862
0.00194707
0.00143342
0.000906746
0.000509307
0.000244165
9.43684e-05
7.68286e-05
0.000183114
0.000362506
0.000564286
0.000753803
0.00245399
0.00243159
0.00228864
0.00194711
0.00143348
0.000906831
0.000509404
0.000244264
9.44597e-05
7.69006e-05
0.00018316
0.000362531
0.000564308
0.000753856
0.00245399
0.00243159
0.00228865
0.00194713
0.00143352
0.000906873
0.000509452
0.000244314
9.45054e-05
7.69367e-05
0.000183183
0.000362543
0.000564319
0.000753883
0.00245399
0.00243159
0.00228865
0.00194714
0.00143353
0.000906895
0.000509476
0.000244339
9.45282e-05
7.69547e-05
0.000183194
0.000362549
0.000564325
0.000753896
0.00245399
0.00243159
0.00228865
0.00194714
0.00143354
0.000906905
0.000509488
0.000244351
9.45396e-05
7.69637e-05
0.0001832
0.000362552
0.000564328
0.000753903
0.00245399
0.00243159
0.00228865
0.00194714
0.00143354
0.00090691
0.000509495
0.000244357
9.45453e-05
7.69682e-05
0.000183203
0.000362553
0.000564329
0.000753906
0.00245399
0.00243159
0.00228865
0.00194714
0.00143355
0.000906913
0.000509498
0.000244361
9.45482e-05
7.69705e-05
0.000183205
0.000362554
0.00056433
0.000753908
0.00245399
0.00243159
0.00228865
0.00194714
0.00143355
0.000906914
0.000509499
0.000244362
9.45496e-05
7.69716e-05
0.000183205
0.000362554
0.00056433
0.000753909
0.00245399
0.00243159
0.00228865
0.00194714
0.00143355
0.000906915
0.0005095
0.000244363
9.45503e-05
7.69721e-05
0.000183206
0.000362555
0.00056433
0.000753909
0.00245399
0.00243159
0.00228865
0.00194715
0.00143355
0.000906915
0.0005095
0.000244363
9.45507e-05
7.69724e-05
0.000183206
0.000362555
0.000564331
0.000753909
0.00245399
0.00243159
0.00228865
0.00194715
0.00143355
0.000906916
0.0005095
0.000244363
9.45508e-05
7.69726e-05
0.000183206
0.000362555
0.000564331
0.000753909
0.00245399
0.00243159
0.00228865
0.00194715
0.00143355
0.000906916
0.0005095
0.000244364
9.45509e-05
7.69726e-05
0.000183206
0.000362555
0.000564331
0.000753909
0.00245399
0.00243159
0.00228865
0.00194715
0.00143355
0.000906916
0.000509501
0.000244364
9.4551e-05
7.69727e-05
0.000183206
0.000362555
0.000564331
0.00075391
0.00245399
0.00243159
0.00228865
0.00194715
0.00143355
0.000906916
0.000509501
0.000244364
9.4551e-05
7.69727e-05
0.000183206
0.000362555
0.000564331
0.00075391
0.00245399
0.00243159
0.00228865
0.00194715
0.00143355
0.000906916
0.000509501
0.000244364
9.4551e-05
7.69727e-05
0.000183206
0.000362555
0.000564331
0.00075391
0.00245399
0.00243159
0.00228865
0.00194715
0.00143355
0.000906916
0.000509501
0.000244364
9.4551e-05
7.69727e-05
0.000183206
0.000362555
0.000564331
0.00075391
0.00245399
0.00243159
0.00228865
0.00194715
0.00143355
0.000906916
0.000509501
0.000244364
9.4551e-05
7.69727e-05
0.000183206
0.000362555
0.000564331
0.00075391
0.00245399
0.00243159
0.00228865
0.00194715
0.00143355
0.000906916
0.000509501
0.000244364
9.4551e-05
7.69727e-05
0.000183206
0.000362555
0.000564331
0.00075391
0.00245399
0.00243159
0.00228865
0.00194715
0.00143355
0.000906916
0.000509501
0.000244364
9.4551e-05
7.69727e-05
0.000183206
0.000362555
0.000564331
0.00075391
0.00245399
0.00243159
0.00228865
0.00194715
0.00143355
0.000906916
0.000509501
0.000244364
9.4551e-05
7.69727e-05
0.000183206
0.000362555
0.000564331
0.00075391
0.00245399
0.00243159
0.00228865
0.00194715
0.00143355
0.000906916
0.000509501
0.000244364
9.4551e-05
7.69727e-05
0.000183206
0.000362555
0.000564331
0.00075391
0.00245399
0.00243159
0.00228865
0.00194715
0.00143355
0.000906916
0.000509501
0.000244364
9.4551e-05
7.69727e-05
0.000183206
0.000362555
0.000564331
0.00075391
0.00245399
0.00243159
0.00228865
0.00194715
0.00143355
0.000906916
0.000509501
0.000244364
9.4551e-05
7.69727e-05
0.000183206
0.000362555
0.000564331
0.00075391
0.00245399
0.00243159
0.00228865
0.00194715
0.00143355
0.000906916
0.000509501
0.000244364
9.4551e-05
7.69727e-05
0.000183206
0.000362555
0.000564331
0.00075391
0.00245399
0.00243159
0.00228865
0.00194715
0.00143355
0.000906916
0.000509501
0.000244364
9.4551e-05
7.69727e-05
0.000183206
0.000362555
0.000564331
0.00075391
0.00245399
0.00243159
0.00228865
0.00194715
0.00143355
0.000906916
0.000509501
0.000244364
9.4551e-05
7.69727e-05
0.000183206
0.000362555
0.000564331
0.00075391
0.00245399
0.00243159
0.00228865
0.00194715
0.00143355
0.000906916
0.000509501
0.000244364
9.4551e-05
7.69727e-05
0.000183206
0.000362555
0.000564331
0.00075391
0.00245399
0.00243159
0.00228865
0.00194715
0.00143355
0.000906916
0.000509501
0.000244364
9.4551e-05
7.69727e-05
0.000183206
0.000362555
0.000564331
0.00075391
0.00245399
0.00243159
0.00228865
0.00194715
0.00143355
0.000906916
0.000509501
0.000244364
9.4551e-05
7.69727e-05
0.000183206
0.000362555
0.000564331
0.00075391
0.00245399
0.00243159
0.00228865
0.00194715
0.00143355
0.000906916
0.000509501
0.000244364
9.4551e-05
7.69727e-05
0.000183206
0.000362555
0.000564331
0.00075391
0.00245399
0.00243159
0.00228865
0.00194715
0.00143355
0.000906916
0.000509501
0.000244364
9.4551e-05
7.69727e-05
0.000183206
0.000362555
0.000564331
0.00075391
0.00245399
0.00243159
0.00228865
0.00194715
0.00143355
0.000906916
0.000509501
0.000244364
9.4551e-05
7.69727e-05
0.000183206
0.000362555
0.000564331
0.00075391
0.00245399
0.00243159
0.00228865
0.00194715
0.00143355
0.000906916
0.000509501
0.000244364
9.4551e-05
7.69727e-05
0.000183206
0.000362555
0.000564331
0.00075391
0.00245399
0.00243159
0.00228865
0.00194715
0.00143355
0.000906916
0.000509501
0.000244364
9.4551e-05
7.69727e-05
0.000183206
0.000362555
0.000564331
0.00075391
0.00245399
0.00243159
0.00228865
0.00194715
0.00143355
0.000906916
0.000509501
0.000244364
9.4551e-05
7.69727e-05
0.000183206
0.000362555
0.000564331
0.00075391
0.00245399
0.00243159
0.00228865
0.00194715
0.00143355
0.000906916
0.000509501
0.000244364
9.4551e-05
7.69727e-05
0.000183206
0.000362555
0.000564331
0.00075391
0.00245399
0.00243159
0.00228865
0.00194715
0.00143355
0.000906916
0.000509501
0.000244364
9.4551e-05
7.69727e-05
0.000183206
0.000362555
0.000564331
0.00075391
0.00245399
0.00243159
0.00228865
0.00194715
0.00143355
0.000906916
0.000509501
0.000244364
9.4551e-05
7.69727e-05
0.000183206
0.000362555
0.000564331
0.00075391
0.00245399
0.00243159
0.00228865
0.00194715
0.00143355
0.000906916
0.000509501
0.000244364
9.4551e-05
7.69727e-05
0.000183206
0.000362555
0.000564331
0.00075391
0.00245399
0.00243159
0.00228865
0.00194715
0.00143355
0.000906916
0.000509501
0.000244364
9.4551e-05
7.69727e-05
0.000183206
0.000362555
0.000564331
0.00075391
0.00245399
0.00243159
0.00228865
0.00194715
0.00143355
0.000906916
0.000509501
0.000244364
9.4551e-05
7.69727e-05
0.000183206
0.000362555
0.000564331
0.00075391
0.00245399
0.00243159
0.00228865
0.00194715
0.00143355
0.000906916
0.000509501
0.000244364
9.4551e-05
7.69727e-05
0.000183206
0.000362555
0.000564331
0.00075391
0.00245399
0.00243159
0.00228865
0.00194715
0.00143355
0.000906916
0.000509501
0.000244364
9.4551e-05
7.69727e-05
0.000183206
0.000362555
0.000564331
0.00075391
0.00245399
0.00243159
0.00228865
0.00194715
0.00143355
0.000906916
0.000509501
0.000244364
9.4551e-05
7.69727e-05
0.000183206
0.000362555
0.000564331
0.00075391
0.00245399
0.00243159
0.00228865
0.00194715
0.00143355
0.000906916
0.000509501
0.000244364
9.4551e-05
7.69727e-05
0.000183206
0.000362555
0.000564331
0.00075391
0.00245399
0.00243159
0.00228865
0.00194715
0.00143355
0.000906916
0.000509501
0.000244364
9.4551e-05
7.69727e-05
0.000183206
0.000362555
0.000564331
0.00075391
0.00245399
0.00243159
0.00228865
0.00194715
0.00143355
0.000906916
0.000509501
0.000244364
9.4551e-05
7.69727e-05
0.000183206
0.000362555
0.000564331
0.00075391
0.00245399
0.00243159
0.00228865
0.00194715
0.00143355
0.000906916
0.000509501
0.000244364
9.4551e-05
7.69727e-05
0.000183206
0.000362555
0.000564331
0.00075391
0.00245399
0.00243159
0.00228865
0.00194715
0.00143355
0.000906916
0.000509501
0.000244364
9.4551e-05
7.69727e-05
0.000183206
0.000362555
0.000564331
0.00075391
0.00245399
0.00243159
0.00228865
0.00194715
0.00143355
0.000906916
0.000509501
0.000244364
9.4551e-05
7.69727e-05
0.000183206
0.000362555
0.000564331
0.00075391
0.00245399
0.00243159
0.00228865
0.00194715
0.00143355
0.000906916
0.000509501
0.000244364
9.4551e-05
7.69727e-05
0.000183206
0.000362555
0.000564331
0.00075391
0.00245399
0.00243159
0.00228865
0.00194715
0.00143355
0.000906916
0.000509501
0.000244364
9.4551e-05
7.69727e-05
0.000183206
0.000362555
0.000564331
0.00075391
0.00245399
0.00243159
0.00228865
0.00194715
0.00143355
0.000906916
0.000509501
0.000244364
9.4551e-05
7.69727e-05
0.000183206
0.000362555
0.000564331
0.00075391
0.00245399
0.00243159
0.00228865
0.00194715
0.00143355
0.000906916
0.000509501
0.000244364
9.4551e-05
7.69727e-05
0.000183206
0.000362555
0.000564331
0.00075391
0.00245399
0.00243159
0.00228865
0.00194715
0.00143355
0.000906916
0.000509501
0.000244364
9.4551e-05
7.69727e-05
0.000183206
0.000362555
0.000564331
0.00075391
0.00245399
0.00243159
0.00228865
0.00194715
0.00143355
0.000906916
0.000509501
0.000244364
9.4551e-05
7.69727e-05
0.000183206
0.000362555
0.000564331
0.00075391
0.00245399
0.00243159
0.00228865
0.00194715
0.00143355
0.000906916
0.000509501
0.000244364
9.4551e-05
7.69727e-05
0.000183206
0.000362555
0.000564331
0.00075391
0.00245399
0.00243159
0.00228865
0.00194715
0.00143355
0.000906916
0.000509501
0.000244364
9.4551e-05
7.69727e-05
0.000183206
0.000362555
0.000564331
0.00075391
0.00245399
0.00243159
0.00228865
0.00194715
0.00143355
0.000906916
0.000509501
0.000244364
9.4551e-05
7.69727e-05
0.000183206
0.000362555
0.000564331
0.00075391
0.00245399
0.00243159
0.00228865
0.00194715
0.00143355
0.000906916
0.000509501
0.000244364
9.4551e-05
7.69727e-05
0.000183206
0.000362555
0.000564331
0.00075391
0.00245399
0.00243159
0.00228865
0.00194715
0.00143355
0.000906916
0.000509501
0.000244364
9.4551e-05
7.69727e-05
0.000183206
0.000362555
0.000564331
0.00075391
0.00245399
0.00243159
0.00228865
0.00194715
0.00143355
0.000906916
0.000509501
0.000244364
9.4551e-05
7.69727e-05
0.000183206
0.000362555
0.000564331
0.00075391
0.00245399
0.00243159
0.00228865
0.00194715
0.00143355
0.000906916
0.000509501
0.000244364
9.4551e-05
7.69727e-05
0.000183206
0.000362555
0.000564331
0.00075391
0.00245399
0.00243159
0.00228865
0.00194715
0.00143355
0.000906916
0.000509501
0.000244364
9.4551e-05
7.69727e-05
0.000183206
0.000362555
0.000564331
0.00075391
0.00245399
0.00243159
0.00228865
0.00194715
0.00143355
0.000906916
0.000509501
0.000244364
9.4551e-05
7.69727e-05
0.000183206
0.000362555
0.000564331
0.00075391
0.00245399
0.00243159
0.00228865
0.00194715
0.00143355
0.000906916
0.000509501
0.000244364
9.4551e-05
7.69727e-05
0.000183206
0.000362555
0.000564331
0.00075391
0.00245399
0.00243159
0.00228865
0.00194715
0.00143355
0.000906916
0.000509501
0.000244364
9.4551e-05
7.69727e-05
0.000183206
0.000362555
0.000564331
0.00075391
0.00245399
0.00243159
0.00228865
0.00194715
0.00143355
0.000906916
0.000509501
0.000244364
9.4551e-05
7.69727e-05
0.000183206
0.000362555
0.000564331
0.00075391
0.00245399
0.00243159
0.00228865
0.00194715
0.00143355
0.000906916
0.000509501
0.000244364
9.4551e-05
7.69727e-05
0.000183206
0.000362555
0.000564331
0.00075391
0.00245399
0.00243159
0.00228865
0.00194715
0.00143355
0.000906916
0.000509501
0.000244364
9.4551e-05
7.69727e-05
0.000183206
0.000362555
0.000564331
0.00075391
0.00245399
0.00243159
0.00228865
0.00194715
0.00143355
0.000906916
0.000509501
0.000244364
9.4551e-05
7.69727e-05
0.000183206
0.000362555
0.000564331
0.00075391
0.00245399
0.00243159
0.00228865
0.00194715
0.00143355
0.000906916
0.000509501
0.000244364
9.4551e-05
7.69727e-05
0.000183206
0.000362555
0.000564331
0.00075391
0.00245399
0.00243159
0.00228865
0.00194715
0.00143355
0.000906916
0.000509501
0.000244364
9.4551e-05
7.69727e-05
0.000183206
0.000362555
0.000564331
0.00075391
0.00245399
0.00243159
0.00228865
0.00194715
0.00143355
0.000906916
0.000509501
0.000244364
9.4551e-05
7.69727e-05
0.000183206
0.000362555
0.000564331
0.00075391
0.00245399
0.00243159
0.00228865
0.00194715
0.00143355
0.000906916
0.000509501
0.000244364
9.4551e-05
7.69727e-05
0.000183206
0.000362555
0.000564331
0.00075391
0.00245399
0.00243159
0.00228865
0.00194715
0.00143355
0.000906916
0.000509501
0.000244364
9.4551e-05
7.69727e-05
0.000183206
0.000362555
0.000564331
0.00075391
0.00245399
0.00243159
0.00228865
0.00194715
0.00143355
0.000906916
0.000509501
0.000244364
9.4551e-05
7.69727e-05
0.000183206
0.000362555
0.000564331
0.00075391
0.00245399
0.00243159
0.00228865
0.00194715
0.00143355
0.000906916
0.000509501
0.000244364
9.4551e-05
7.69727e-05
0.000183206
0.000362555
0.000564331
0.00075391
0.00245399
0.00243159
0.00228865
0.00194715
0.00143355
0.000906916
0.000509501
0.000244364
9.4551e-05
7.69727e-05
0.000183206
0.000362555
0.000564331
0.00075391
0.00245399
0.00243159
0.00228865
0.00194715
0.00143355
0.000906916
0.000509501
0.000244364
9.4551e-05
7.69727e-05
0.000183206
0.000362555
0.000564331
0.00075391
0.00245399
0.00243159
0.00228865
0.00194715
0.00143355
0.000906916
0.000509501
0.000244364
9.4551e-05
7.69727e-05
0.000183206
0.000362555
0.000564331
0.00075391
0.00245399
0.00243159
0.00228865
0.00194715
0.00143355
0.000906916
0.000509501
0.000244364
9.4551e-05
7.69727e-05
0.000183206
0.000362555
0.000564331
0.00075391
0.00245399
0.00243159
0.00228865
0.00194715
0.00143355
0.000906916
0.000509501
0.000244364
9.4551e-05
7.69727e-05
0.000183206
0.000362555
0.000564331
0.00075391
0.00245399
0.00243159
0.00228865
0.00194715
0.00143355
0.000906916
0.000509501
0.000244364
9.4551e-05
7.69727e-05
0.000183206
0.000362555
0.000564331
0.00075391
0.00245399
0.00243159
0.00228865
0.00194715
0.00143355
0.000906916
0.000509501
0.000244364
9.4551e-05
7.69727e-05
0.000183206
0.000362555
0.000564331
0.00075391
0.00245399
0.00243159
0.00228865
0.00194715
0.00143355
0.000906916
0.000509501
0.000244364
9.4551e-05
7.69727e-05
0.000183206
0.000362555
0.000564331
0.00075391
0.00245399
0.00243159
0.00228865
0.00194715
0.00143355
0.000906916
0.000509501
0.000244364
9.4551e-05
7.69727e-05
0.000183206
0.000362555
0.000564331
0.00075391
0.00245399
0.00243159
0.00228865
0.00194715
0.00143355
0.000906916
0.000509501
0.000244364
9.4551e-05
7.69727e-05
0.000183206
0.000362555
0.000564331
0.00075391
0.00245399
0.00243159
0.00228865
0.00194715
0.00143355
0.000906916
0.000509501
0.000244364
9.4551e-05
7.69727e-05
0.000183206
0.000362555
0.000564331
0.00075391
0.00245399
0.00243159
0.00228865
0.00194715
0.00143355
0.000906916
0.000509501
0.000244364
9.4551e-05
7.69727e-05
0.000183206
0.000362555
0.000564331
0.00075391
0.00245399
0.00243159
0.00228865
0.00194715
0.00143355
0.000906916
0.000509501
0.000244364
9.4551e-05
7.69727e-05
0.000183206
0.000362555
0.000564331
0.00075391
0.00245399
0.00243159
0.00228865
0.00194715
0.00143355
0.000906916
0.000509501
0.000244364
9.4551e-05
7.69727e-05
0.000183206
0.000362555
0.000564331
0.00075391
0.00245399
0.00243159
0.00228865
0.00194715
0.00143355
0.000906916
0.000509501
0.000244364
9.4551e-05
7.69727e-05
0.000183206
0.000362555
0.000564331
0.00075391
0.00245399
0.00243159
0.00228865
0.00194715
0.00143355
0.000906916
0.000509501
0.000244364
9.4551e-05
7.69727e-05
0.000183206
0.000362555
0.000564331
0.00075391
0.00245399
0.00243159
0.00228865
0.00194715
0.00143355
0.000906916
0.000509501
0.000244364
9.4551e-05
7.69727e-05
0.000183206
0.000362555
0.000564331
0.00075391
0.00245399
0.00243159
0.00228865
0.00194715
0.00143355
0.000906916
0.000509501
0.000244364
9.4551e-05
7.69727e-05
0.000183206
0.000362555
0.000564331
0.00075391
0.00245399
0.00243159
0.00228865
0.00194715
0.00143355
0.000906916
0.000509501
0.000244364
9.4551e-05
7.69727e-05
0.000183206
0.000362555
0.000564331
0.00075391
0.00245399
0.00243159
0.00228865
0.00194715
0.00143355
0.000906916
0.000509501
0.000244364
9.4551e-05
7.69727e-05
0.000183206
0.000362555
0.000564331
0.00075391
0.00245399
0.00243159
0.00228865
0.00194715
0.00143355
0.000906916
0.000509501
0.000244364
9.4551e-05
7.69727e-05
0.000183206
0.000362555
0.000564331
0.00075391
0.00245399
0.00243159
0.00228865
0.00194715
0.00143355
0.000906916
0.000509501
0.000244364
9.4551e-05
7.69727e-05
0.000183206
0.000362555
0.000564331
0.00075391
0.00245399
0.00243159
0.00228865
0.00194715
0.00143355
0.000906916
0.000509501
0.000244364
9.4551e-05
7.69727e-05
0.000183206
0.000362555
0.000564331
0.00075391
0.00245399
0.00243159
0.00228865
0.00194715
0.00143355
0.000906916
0.000509501
0.000244364
9.4551e-05
7.69727e-05
0.000183206
0.000362555
0.000564331
0.00075391
0.00245399
0.00243159
0.00228865
0.00194715
0.00143355
0.000906916
0.000509501
0.000244364
9.4551e-05
7.69727e-05
0.000183206
0.000362555
0.000564331
0.00075391
0.00245399
0.00243159
0.00228865
0.00194715
0.00143355
0.000906916
0.000509501
0.000244364
9.4551e-05
7.69727e-05
0.000183206
0.000362555
0.000564331
0.00075391
0.001227
0.00121912
0.00116284
0.00101371
0.000772646
0.0005136
0.000309328
0.000163585
7.21003e-05
5.00203e-05
9.9104e-05
0.000195688
0.000311525
0.000423146
0.001227
0.00115499
0.000608972
0.000913564
0.00364062
0.00705545
0.00981722
0.0104689
0.00777614
0.00150798
0.00426959
0.00611484
0.00277978
0.00953808
0.001227
0.00115929
0.000769223
5.87505e-05
0.00120398
0.00237076
0.00328804
0.00369841
0.00331125
0.00202484
0.000250067
0.00106437
0.000947715
0.00131845
0.001227
0.00118655
0.000955921
0.000474097
0.000173191
0.000797413
0.00126111
0.00150455
0.00145171
0.00105274
0.000407323
0.000181193
0.000318988
0.000296044
0.001227
0.00120249
0.0010583
0.000745077
0.000309989
0.000115579
0.000431804
0.000618538
0.000651952
0.000503111
0.000207518
0.000101981
0.000242716
6.75253e-05
0.001227
0.00121075
0.00111044
0.000879883
0.00054387
0.000205009
5.14692e-05
0.000215936
0.000281106
0.000225854
6.46743e-05
0.000130337
0.000260367
0.000244028
0.001227
0.00121492
0.00113662
0.00094694
0.000658895
0.000360742
0.000131235
2.34534e-05
0.00010238
8.76349e-05
1.49116e-05
0.000158756
0.000281955
0.00033306
0.001227
0.00121702
0.00114973
0.000980364
0.00071593
0.000437523
0.000220842
7.07271e-05
1.46192e-05
1.8725e-05
5.64684e-05
0.000176202
0.000295768
0.000377951
0.001227
0.00121807
0.00115628
0.000997047
0.000744328
0.000475649
0.000265223
0.000117319
2.88694e-05
1.56696e-05
7.76558e-05
0.000185695
0.000303407
0.000400508
0.001227
0.00121859
0.00115956
0.00100538
0.000758497
0.000494646
0.00028731
0.000140493
5.05169e-05
3.28506e-05
8.83478e-05
0.00019063
0.000307406
0.000411817
0.001227
0.00121886
0.0011612
0.00100955
0.000765574
0.000504128
0.000298327
0.000152049
6.13166e-05
4.14369e-05
9.3718e-05
0.000193143
0.000309451
0.000417479
0.001227
0.00121899
0.00116202
0.00101163
0.00076911
0.000508865
0.00030383
0.00015782
6.67105e-05
4.57289e-05
9.6409e-05
0.000194412
0.000310484
0.000420312
0.001227
0.00121905
0.00116243
0.00101267
0.000770878
0.000511233
0.000306579
0.000160703
6.94059e-05
4.78747e-05
9.7756e-05
0.000195049
0.000311004
0.000421729
0.001227
0.00121909
0.00116263
0.00101319
0.000771762
0.000512416
0.000307954
0.000162144
7.07532e-05
4.89475e-05
9.84299e-05
0.000195368
0.000311264
0.000422438
0.001227
0.0012191
0.00116274
0.00101345
0.000772204
0.000513008
0.000308641
0.000162865
7.14268e-05
4.94839e-05
9.87669e-05
0.000195528
0.000311395
0.000422792
0.001227
0.00121911
0.00116279
0.00101358
0.000772425
0.000513304
0.000308984
0.000163225
7.17636e-05
4.97521e-05
9.89355e-05
0.000195608
0.00031146
0.000422969
0.001227
0.00121911
0.00116281
0.00101365
0.000772535
0.000513452
0.000309156
0.000163405
7.19319e-05
4.98862e-05
9.90198e-05
0.000195648
0.000311492
0.000423058
0.001227
0.00121912
0.00116283
0.00101368
0.000772591
0.000513526
0.000309242
0.000163495
7.20161e-05
4.99532e-05
9.90619e-05
0.000195668
0.000311509
0.000423102
0.001227
0.00121912
0.00116283
0.00101369
0.000772618
0.000513563
0.000309285
0.00016354
7.20582e-05
4.99867e-05
9.9083e-05
0.000195678
0.000311517
0.000423124
0.001227
0.00121912
0.00116283
0.0010137
0.000772632
0.000513581
0.000309307
0.000163563
7.20793e-05
5.00035e-05
9.90935e-05
0.000195683
0.000311521
0.000423135
0.001227
0.00121912
0.00116284
0.00101371
0.000772639
0.00051359
0.000309317
0.000163574
7.20898e-05
5.00119e-05
9.90988e-05
0.000195685
0.000311523
0.000423141
0.001227
0.00121912
0.00116284
0.00101371
0.000772642
0.000513595
0.000309323
0.000163579
7.2095e-05
5.00161e-05
9.91014e-05
0.000195686
0.000311524
0.000423144
0.001227
0.00121912
0.00116284
0.00101371
0.000772644
0.000513597
0.000309325
0.000163582
7.20977e-05
5.00182e-05
9.91027e-05
0.000195687
0.000311525
0.000423145
0.001227
0.00121912
0.00116284
0.00101371
0.000772645
0.000513599
0.000309327
0.000163584
7.2099e-05
5.00192e-05
9.91034e-05
0.000195687
0.000311525
0.000423146
0.001227
0.00121912
0.00116284
0.00101371
0.000772645
0.000513599
0.000309327
0.000163584
7.20996e-05
5.00197e-05
9.91037e-05
0.000195687
0.000311525
0.000423146
0.001227
0.00121912
0.00116284
0.00101371
0.000772646
0.000513599
0.000309328
0.000163585
7.21e-05
5.002e-05
9.91039e-05
0.000195687
0.000311525
0.000423146
0.001227
0.00121912
0.00116284
0.00101371
0.000772646
0.0005136
0.000309328
0.000163585
7.21001e-05
5.00201e-05
9.9104e-05
0.000195688
0.000311525
0.000423146
0.001227
0.00121912
0.00116284
0.00101371
0.000772646
0.0005136
0.000309328
0.000163585
7.21002e-05
5.00202e-05
9.9104e-05
0.000195688
0.000311525
0.000423146
0.001227
0.00121912
0.00116284
0.00101371
0.000772646
0.0005136
0.000309328
0.000163585
7.21003e-05
5.00202e-05
9.9104e-05
0.000195688
0.000311525
0.000423146
0.001227
0.00121912
0.00116284
0.00101371
0.000772646
0.0005136
0.000309328
0.000163585
7.21003e-05
5.00203e-05
9.9104e-05
0.000195688
0.000311525
0.000423146
0.001227
0.00121912
0.00116284
0.00101371
0.000772646
0.0005136
0.000309328
0.000163585
7.21003e-05
5.00203e-05
9.9104e-05
0.000195688
0.000311525
0.000423146
0.001227
0.00121912
0.00116284
0.00101371
0.000772646
0.0005136
0.000309328
0.000163585
7.21003e-05
5.00203e-05
9.9104e-05
0.000195688
0.000311525
0.000423146
0.001227
0.00121912
0.00116284
0.00101371
0.000772646
0.0005136
0.000309328
0.000163585
7.21003e-05
5.00203e-05
9.9104e-05
0.000195688
0.000311525
0.000423146
0.001227
0.00121912
0.00116284
0.00101371
0.000772646
0.0005136
0.000309328
0.000163585
7.21003e-05
5.00203e-05
9.9104e-05
0.000195688
0.000311525
0.000423146
0.001227
0.00121912
0.00116284
0.00101371
0.000772646
0.0005136
0.000309328
0.000163585
7.21003e-05
5.00203e-05
9.9104e-05
0.000195688
0.000311525
0.000423146
0.001227
0.00121912
0.00116284
0.00101371
0.000772646
0.0005136
0.000309328
0.000163585
7.21003e-05
5.00203e-05
9.9104e-05
0.000195688
0.000311525
0.000423146
0.001227
0.00121912
0.00116284
0.00101371
0.000772646
0.0005136
0.000309328
0.000163585
7.21003e-05
5.00203e-05
9.9104e-05
0.000195688
0.000311525
0.000423146
0.001227
0.00121912
0.00116284
0.00101371
0.000772646
0.0005136
0.000309328
0.000163585
7.21003e-05
5.00203e-05
9.9104e-05
0.000195688
0.000311525
0.000423146
0.001227
0.00121912
0.00116284
0.00101371
0.000772646
0.0005136
0.000309328
0.000163585
7.21003e-05
5.00203e-05
9.9104e-05
0.000195688
0.000311525
0.000423146
0.001227
0.00121912
0.00116284
0.00101371
0.000772646
0.0005136
0.000309328
0.000163585
7.21003e-05
5.00203e-05
9.9104e-05
0.000195688
0.000311525
0.000423146
0.001227
0.00121912
0.00116284
0.00101371
0.000772646
0.0005136
0.000309328
0.000163585
7.21003e-05
5.00203e-05
9.9104e-05
0.000195688
0.000311525
0.000423146
0.001227
0.00121912
0.00116284
0.00101371
0.000772646
0.0005136
0.000309328
0.000163585
7.21003e-05
5.00203e-05
9.9104e-05
0.000195688
0.000311525
0.000423146
0.001227
0.00121912
0.00116284
0.00101371
0.000772646
0.0005136
0.000309328
0.000163585
7.21003e-05
5.00203e-05
9.9104e-05
0.000195688
0.000311525
0.000423146
0.001227
0.00121912
0.00116284
0.00101371
0.000772646
0.0005136
0.000309328
0.000163585
7.21003e-05
5.00203e-05
9.9104e-05
0.000195688
0.000311525
0.000423146
0.001227
0.00121912
0.00116284
0.00101371
0.000772646
0.0005136
0.000309328
0.000163585
7.21003e-05
5.00203e-05
9.9104e-05
0.000195688
0.000311525
0.000423146
0.001227
0.00121912
0.00116284
0.00101371
0.000772646
0.0005136
0.000309328
0.000163585
7.21003e-05
5.00203e-05
9.9104e-05
0.000195688
0.000311525
0.000423146
0.001227
0.00121912
0.00116284
0.00101371
0.000772646
0.0005136
0.000309328
0.000163585
7.21003e-05
5.00203e-05
9.9104e-05
0.000195688
0.000311525
0.000423146
0.001227
0.00121912
0.00116284
0.00101371
0.000772646
0.0005136
0.000309328
0.000163585
7.21003e-05
5.00203e-05
9.9104e-05
0.000195688
0.000311525
0.000423146
0.001227
0.00121912
0.00116284
0.00101371
0.000772646
0.0005136
0.000309328
0.000163585
7.21003e-05
5.00203e-05
9.9104e-05
0.000195688
0.000311525
0.000423146
0.001227
0.00121912
0.00116284
0.00101371
0.000772646
0.0005136
0.000309328
0.000163585
7.21003e-05
5.00203e-05
9.9104e-05
0.000195688
0.000311525
0.000423146
0.001227
0.00121912
0.00116284
0.00101371
0.000772646
0.0005136
0.000309328
0.000163585
7.21003e-05
5.00203e-05
9.9104e-05
0.000195688
0.000311525
0.000423146
0.001227
0.00121912
0.00116284
0.00101371
0.000772646
0.0005136
0.000309328
0.000163585
7.21003e-05
5.00203e-05
9.9104e-05
0.000195688
0.000311525
0.000423146
0.001227
0.00121912
0.00116284
0.00101371
0.000772646
0.0005136
0.000309328
0.000163585
7.21003e-05
5.00203e-05
9.9104e-05
0.000195688
0.000311525
0.000423146
0.001227
0.00121912
0.00116284
0.00101371
0.000772646
0.0005136
0.000309328
0.000163585
7.21003e-05
5.00203e-05
9.9104e-05
0.000195688
0.000311525
0.000423146
0.001227
0.00121912
0.00116284
0.00101371
0.000772646
0.0005136
0.000309328
0.000163585
7.21003e-05
5.00203e-05
9.9104e-05
0.000195688
0.000311525
0.000423146
0.001227
0.00121912
0.00116284
0.00101371
0.000772646
0.0005136
0.000309328
0.000163585
7.21003e-05
5.00203e-05
9.9104e-05
0.000195688
0.000311525
0.000423146
0.001227
0.00121912
0.00116284
0.00101371
0.000772646
0.0005136
0.000309328
0.000163585
7.21003e-05
5.00203e-05
9.9104e-05
0.000195688
0.000311525
0.000423146
0.001227
0.00121912
0.00116284
0.00101371
0.000772646
0.0005136
0.000309328
0.000163585
7.21003e-05
5.00203e-05
9.9104e-05
0.000195688
0.000311525
0.000423146
0.001227
0.00121912
0.00116284
0.00101371
0.000772646
0.0005136
0.000309328
0.000163585
7.21003e-05
5.00203e-05
9.9104e-05
0.000195688
0.000311525
0.000423146
0.001227
0.00121912
0.00116284
0.00101371
0.000772646
0.0005136
0.000309328
0.000163585
7.21003e-05
5.00203e-05
9.9104e-05
0.000195688
0.000311525
0.000423146
0.001227
0.00121912
0.00116284
0.00101371
0.000772646
0.0005136
0.000309328
0.000163585
7.21003e-05
5.00203e-05
9.9104e-05
0.000195688
0.000311525
0.000423146
0.001227
0.00121912
0.00116284
0.00101371
0.000772646
0.0005136
0.000309328
0.000163585
7.21003e-05
5.00203e-05
9.9104e-05
0.000195688
0.000311525
0.000423146
0.001227
0.00121912
0.00116284
0.00101371
0.000772646
0.0005136
0.000309328
0.000163585
7.21003e-05
5.00203e-05
9.9104e-05
0.000195688
0.000311525
0.000423146
0.001227
0.00121912
0.00116284
0.00101371
0.000772646
0.0005136
0.000309328
0.000163585
7.21003e-05
5.00203e-05
9.9104e-05
0.000195688
0.000311525
0.000423146
0.001227
0.00121912
0.00116284
0.00101371
0.000772646
0.0005136
0.000309328
0.000163585
7.21003e-05
5.00203e-05
9.9104e-05
0.000195688
0.000311525
0.000423146
0.001227
0.00121912
0.00116284
0.00101371
0.000772646
0.0005136
0.000309328
0.000163585
7.21003e-05
5.00203e-05
9.9104e-05
0.000195688
0.000311525
0.000423146
0.001227
0.00121912
0.00116284
0.00101371
0.000772646
0.0005136
0.000309328
0.000163585
7.21003e-05
5.00203e-05
9.9104e-05
0.000195688
0.000311525
0.000423146
0.001227
0.00121912
0.00116284
0.00101371
0.000772646
0.0005136
0.000309328
0.000163585
7.21003e-05
5.00203e-05
9.9104e-05
0.000195688
0.000311525
0.000423146
0.001227
0.00121912
0.00116284
0.00101371
0.000772646
0.0005136
0.000309328
0.000163585
7.21003e-05
5.00203e-05
9.9104e-05
0.000195688
0.000311525
0.000423146
0.001227
0.00121912
0.00116284
0.00101371
0.000772646
0.0005136
0.000309328
0.000163585
7.21003e-05
5.00203e-05
9.9104e-05
0.000195688
0.000311525
0.000423146
0.001227
0.00121912
0.00116284
0.00101371
0.000772646
0.0005136
0.000309328
0.000163585
7.21003e-05
5.00203e-05
9.9104e-05
0.000195688
0.000311525
0.000423146
0.001227
0.00121912
0.00116284
0.00101371
0.000772646
0.0005136
0.000309328
0.000163585
7.21003e-05
5.00203e-05
9.9104e-05
0.000195688
0.000311525
0.000423146
0.001227
0.00121912
0.00116284
0.00101371
0.000772646
0.0005136
0.000309328
0.000163585
7.21003e-05
5.00203e-05
9.9104e-05
0.000195688
0.000311525
0.000423146
0.001227
0.00121912
0.00116284
0.00101371
0.000772646
0.0005136
0.000309328
0.000163585
7.21003e-05
5.00203e-05
9.9104e-05
0.000195688
0.000311525
0.000423146
0.001227
0.00121912
0.00116284
0.00101371
0.000772646
0.0005136
0.000309328
0.000163585
7.21003e-05
5.00203e-05
9.9104e-05
0.000195688
0.000311525
0.000423146
0.001227
0.00121912
0.00116284
0.00101371
0.000772646
0.0005136
0.000309328
0.000163585
7.21003e-05
5.00203e-05
9.9104e-05
0.000195688
0.000311525
0.000423146
0.001227
0.00121912
0.00116284
0.00101371
0.000772646
0.0005136
0.000309328
0.000163585
7.21003e-05
5.00203e-05
9.9104e-05
0.000195688
0.000311525
0.000423146
0.001227
0.00121912
0.00116284
0.00101371
0.000772646
0.0005136
0.000309328
0.000163585
7.21003e-05
5.00203e-05
9.9104e-05
0.000195688
0.000311525
0.000423146
0.001227
0.00121912
0.00116284
0.00101371
0.000772646
0.0005136
0.000309328
0.000163585
7.21003e-05
5.00203e-05
9.9104e-05
0.000195688
0.000311525
0.000423146
0.001227
0.00121912
0.00116284
0.00101371
0.000772646
0.0005136
0.000309328
0.000163585
7.21003e-05
5.00203e-05
9.9104e-05
0.000195688
0.000311525
0.000423146
0.001227
0.00121912
0.00116284
0.00101371
0.000772646
0.0005136
0.000309328
0.000163585
7.21003e-05
5.00203e-05
9.9104e-05
0.000195688
0.000311525
0.000423146
0.001227
0.00121912
0.00116284
0.00101371
0.000772646
0.0005136
0.000309328
0.000163585
7.21003e-05
5.00203e-05
9.9104e-05
0.000195688
0.000311525
0.000423146
0.001227
0.00121912
0.00116284
0.00101371
0.000772646
0.0005136
0.000309328
0.000163585
7.21003e-05
5.00203e-05
9.9104e-05
0.000195688
0.000311525
0.000423146
0.001227
0.00121912
0.00116284
0.00101371
0.000772646
0.0005136
0.000309328
0.000163585
7.21003e-05
5.00203e-05
9.9104e-05
0.000195688
0.000311525
0.000423146
0.001227
0.00121912
0.00116284
0.00101371
0.000772646
0.0005136
0.000309328
0.000163585
7.21003e-05
5.00203e-05
9.9104e-05
0.000195688
0.000311525
0.000423146
0.001227
0.00121912
0.00116284
0.00101371
0.000772646
0.0005136
0.000309328
0.000163585
7.21003e-05
5.00203e-05
9.9104e-05
0.000195688
0.000311525
0.000423146
0.001227
0.00121912
0.00116284
0.00101371
0.000772646
0.0005136
0.000309328
0.000163585
7.21003e-05
5.00203e-05
9.9104e-05
0.000195688
0.000311525
0.000423146
0.001227
0.00121912
0.00116284
0.00101371
0.000772646
0.0005136
0.000309328
0.000163585
7.21003e-05
5.00203e-05
9.9104e-05
0.000195688
0.000311525
0.000423146
0.001227
0.00121912
0.00116284
0.00101371
0.000772646
0.0005136
0.000309328
0.000163585
7.21003e-05
5.00203e-05
9.9104e-05
0.000195688
0.000311525
0.000423146
0.001227
0.00121912
0.00116284
0.00101371
0.000772646
0.0005136
0.000309328
0.000163585
7.21003e-05
5.00203e-05
9.9104e-05
0.000195688
0.000311525
0.000423146
0.001227
0.00121912
0.00116284
0.00101371
0.000772646
0.0005136
0.000309328
0.000163585
7.21003e-05
5.00203e-05
9.9104e-05
0.000195688
0.000311525
0.000423146
0.001227
0.00121912
0.00116284
0.00101371
0.000772646
0.0005136
0.000309328
0.000163585
7.21003e-05
5.00203e-05
9.9104e-05
0.000195688
0.000311525
0.000423146
0.001227
0.00121912
0.00116284
0.00101371
0.000772646
0.0005136
0.000309328
0.000163585
7.21003e-05
5.00203e-05
9.9104e-05
0.000195688
0.000311525
0.000423146
0.001227
0.00121912
0.00116284
0.00101371
0.000772646
0.0005136
0.000309328
0.000163585
7.21003e-05
5.00203e-05
9.9104e-05
0.000195688
0.000311525
0.000423146
0.001227
0.00121912
0.00116284
0.00101371
0.000772646
0.0005136
0.000309328
0.000163585
7.21003e-05
5.00203e-05
9.9104e-05
0.000195688
0.000311525
0.000423146
0.001227
0.00121912
0.00116284
0.00101371
0.000772646
0.0005136
0.000309328
0.000163585
7.21003e-05
5.00203e-05
9.9104e-05
0.000195688
0.000311525
0.000423146
0.001227
0.00121912
0.00116284
0.00101371
0.000772646
0.0005136
0.000309328
0.000163585
7.21003e-05
5.00203e-05
9.9104e-05
0.000195688
0.000311525
0.000423146
0.001227
0.00121912
0.00116284
0.00101371
0.000772646
0.0005136
0.000309328
0.000163585
7.21003e-05
5.00203e-05
9.9104e-05
0.000195688
0.000311525
0.000423146
0.001227
0.00121912
0.00116284
0.00101371
0.000772646
0.0005136
0.000309328
0.000163585
7.21003e-05
5.00203e-05
9.9104e-05
0.000195688
0.000311525
0.000423146
0.001227
0.00121912
0.00116284
0.00101371
0.000772646
0.0005136
0.000309328
0.000163585
7.21003e-05
5.00203e-05
9.9104e-05
0.000195688
0.000311525
0.000423146
0.001227
0.00121912
0.00116284
0.00101371
0.000772646
0.0005136
0.000309328
0.000163585
7.21003e-05
5.00203e-05
9.9104e-05
0.000195688
0.000311525
0.000423146
0.001227
0.00121912
0.00116284
0.00101371
0.000772646
0.0005136
0.000309328
0.000163585
7.21003e-05
5.00203e-05
9.9104e-05
0.000195688
0.000311525
0.000423146
0.001227
0.00121912
0.00116284
0.00101371
0.000772646
0.0005136
0.000309328
0.000163585
7.21003e-05
5.00203e-05
9.9104e-05
0.000195688
0.000311525
0.000423146
0.001227
0.00121912
0.00116284
0.00101371
0.000772646
0.0005136
0.000309328
0.000163585
7.21003e-05
5.00203e-05
9.9104e-05
0.000195688
0.000311525
0.000423146
0.001227
0.00121912
0.00116284
0.00101371
0.000772646
0.0005136
0.000309328
0.000163585
7.21003e-05
5.00203e-05
9.9104e-05
0.000195688
0.000311525
0.000423146
0.001227
0.00121912
0.00116284
0.00101371
0.000772646
0.0005136
0.000309328
0.000163585
7.21003e-05
5.00203e-05
9.9104e-05
0.000195688
0.000311525
0.000423146
0.001227
0.00121912
0.00116284
0.00101371
0.000772646
0.0005136
0.000309328
0.000163585
7.21003e-05
5.00203e-05
9.9104e-05
0.000195688
0.000311525
0.000423146
0.001227
0.00121912
0.00116284
0.00101371
0.000772646
0.0005136
0.000309328
0.000163585
7.21003e-05
5.00203e-05
9.9104e-05
0.000195688
0.000311525
0.000423146
0.001227
0.00121912
0.00116284
0.00101371
0.000772646
0.0005136
0.000309328
0.000163585
7.21003e-05
5.00203e-05
9.9104e-05
0.000195688
0.000311525
0.000423146
0.001227
0.00121912
0.00116284
0.00101371
0.000772646
0.0005136
0.000309328
0.000163585
7.21003e-05
5.00203e-05
9.9104e-05
0.000195688
0.000311525
0.000423146
0.001227
0.00121912
0.00116284
0.00101371
0.000772646
0.0005136
0.000309328
0.000163585
7.21003e-05
5.00203e-05
9.9104e-05
0.000195688
0.000311525
0.000423146
0.001227
0.00121912
0.00116284
0.00101371
0.000772646
0.0005136
0.000309328
0.000163585
7.21003e-05
5.00203e-05
9.9104e-05
0.000195688
0.000311525
0.000423146
0.001227
0.00121912
0.00116284
0.00101371
0.000772646
0.0005136
0.000309328
0.000163585
7.21003e-05
5.00203e-05
9.9104e-05
0.000195688
0.000311525
0.000423146
0.001227
0.00121912
0.00116284
0.00101371
0.000772646
0.0005136
0.000309328
0.000163585
7.21003e-05
5.00203e-05
9.9104e-05
0.000195688
0.000311525
0.000423146
0.001227
0.00121912
0.00116284
0.00101371
0.000772646
0.0005136
0.000309328
0.000163585
7.21003e-05
5.00203e-05
9.9104e-05
0.000195688
0.000311525
0.000423146
0.001227
0.00121912
0.00116284
0.00101371
0.000772646
0.0005136
0.000309328
0.000163585
7.21003e-05
5.00203e-05
9.9104e-05
0.000195688
0.000311525
0.000423146
0.001227
0.00121912
0.00116284
0.00101371
0.000772646
0.0005136
0.000309328
0.000163585
7.21003e-05
5.00203e-05
9.9104e-05
0.000195688
0.000311525
0.000423146
0.001227
0.00121912
0.00116284
0.00101371
0.000772646
0.0005136
0.000309328
0.000163585
7.21003e-05
5.00203e-05
9.9104e-05
0.000195688
0.000311525
0.000423146
0.001227
0.00121912
0.00116284
0.00101371
0.000772646
0.0005136
0.000309328
0.000163585
7.21003e-05
5.00203e-05
9.9104e-05
0.000195688
0.000311525
0.000423146
0.001227
0.00121912
0.00116284
0.00101371
0.000772646
0.0005136
0.000309328
0.000163585
7.21003e-05
5.00203e-05
9.9104e-05
0.000195688
0.000311525
0.000423146
0.001227
0.00121912
0.00116284
0.00101371
0.000772646
0.0005136
0.000309328
0.000163585
7.21003e-05
5.00203e-05
9.9104e-05
0.000195688
0.000311525
0.000423146
0.000817998
0.000812744
0.000775221
0.0006758
0.000515093
0.000342406
0.000206239
0.000109091
4.8103e-05
3.33639e-05
6.60441e-05
0.000130377
0.000207548
0.000281929
0.000817998
0.000780853
0.000471638
0.000445747
0.00216503
0.00441493
0.00633089
0.00688718
0.00522562
0.00112025
0.00281005
0.00417045
0.00220073
0.00571945
0.000817998
0.000777047
0.000538013
2.22407e-05
0.000705381
0.00146551
0.00208357
0.00238363
0.00216104
0.00133204
0.0001546
0.000744272
0.000712877
0.000731714
0.000817998
0.000792888
0.000648411
0.000343048
7.27837e-05
0.000480574
0.000790741
0.00096155
0.000938722
0.000683894
0.000258188
0.000139107
0.000244575
0.000146361
0.000817998
0.000802531
0.000710773
0.000509386
0.000226684
5.29923e-05
0.000263966
0.000391878
0.000419345
0.000325011
0.000130333
7.74787e-05
0.000176418
6.69002e-05
0.000817998
0.000807587
0.000742832
0.000592726
0.00037228
0.000148358
2.26259e-05
0.000133798
0.00017962
0.000145084
3.88439e-05
9.16872e-05
0.000180563
0.000172833
0.000817998
0.000810155
0.000758996
0.000634311
0.000444036
0.000246255
9.32752e-05
1.05662e-05
6.43191e-05
5.56111e-05
1.21277e-05
0.000108216
0.000191339
0.00022687
0.000817998
0.000811447
0.000767102
0.000655069
0.000479652
0.000294544
0.000150114
4.9696e-05
7.75578e-06
1.10543e-05
3.87413e-05
0.000118622
0.000198782
0.00025426
0.000817998
0.000812095
0.00077116
0.000665438
0.000497394
0.000318528
0.000178264
7.95002e-05
2.02607e-05
1.11729e-05
5.23094e-05
0.000124334
0.000203002
0.000268059
0.000817998
0.00081242
0.00077319
0.00067062
0.000506249
0.00033048
0.000192274
9.4322e-05
3.42035e-05
2.2273e-05
5.91563e-05
0.000127315
0.000205235
0.000274985
0.000817998
0.000812582
0.000774205
0.00067321
0.000510672
0.000336446
0.000199262
0.000101713
4.11587e-05
2.78196e-05
6.25951e-05
0.000128836
0.000206381
0.000278455
0.000817998
0.000812663
0.000774713
0.000674505
0.000512883
0.000339427
0.000202752
0.000105404
4.46322e-05
3.0592e-05
6.43184e-05
0.000129604
0.000206962
0.000280191
0.000817998
0.000812704
0.000774967
0.000675152
0.000513988
0.000340916
0.000204496
0.000107248
4.63679e-05
3.1978e-05
6.51809e-05
0.00012999
0.000207255
0.00028106
0.000817998
0.000812724
0.000775094
0.000675476
0.000514541
0.000341661
0.000205368
0.000108169
4.72355e-05
3.2671e-05
6.56124e-05
0.000130183
0.000207401
0.000281495
0.000817998
0.000812734
0.000775157
0.000675638
0.000514817
0.000342033
0.000205804
0.00010863
4.76693e-05
3.30174e-05
6.58283e-05
0.00013028
0.000207475
0.000281712
0.000817998
0.000812739
0.000775189
0.000675719
0.000514955
0.00034222
0.000206021
0.00010886
4.78861e-05
3.31907e-05
6.59362e-05
0.000130328
0.000207512
0.000281821
0.000817998
0.000812742
0.000775205
0.000675759
0.000515024
0.000342313
0.00020613
0.000108976
4.79946e-05
3.32773e-05
6.59901e-05
0.000130353
0.00020753
0.000281875
0.000817998
0.000812743
0.000775213
0.000675779
0.000515058
0.000342359
0.000206185
0.000109033
4.80488e-05
3.33206e-05
6.60171e-05
0.000130365
0.000207539
0.000281902
0.000817998
0.000812744
0.000775217
0.000675789
0.000515076
0.000342382
0.000206212
0.000109062
4.80759e-05
3.33422e-05
6.60306e-05
0.000130371
0.000207544
0.000281916
0.000817998
0.000812744
0.000775219
0.000675795
0.000515084
0.000342394
0.000206226
0.000109076
4.80894e-05
3.33531e-05
6.60374e-05
0.000130374
0.000207546
0.000281922
0.000817998
0.000812744
0.00077522
0.000675797
0.000515089
0.0003424
0.000206233
0.000109084
4.80962e-05
3.33585e-05
6.60407e-05
0.000130375
0.000207547
0.000281926
0.000817998
0.000812744
0.00077522
0.000675798
0.000515091
0.000342403
0.000206236
0.000109087
4.80996e-05
3.33612e-05
6.60424e-05
0.000130376
0.000207548
0.000281928
0.000817998
0.000812744
0.00077522
0.000675799
0.000515092
0.000342404
0.000206238
0.000109089
4.81013e-05
3.33625e-05
6.60433e-05
0.000130376
0.000207548
0.000281928
0.000817998
0.000812744
0.00077522
0.000675799
0.000515092
0.000342405
0.000206238
0.00010909
4.81021e-05
3.33632e-05
6.60437e-05
0.000130377
0.000207548
0.000281929
0.000817998
0.000812744
0.000775221
0.000675799
0.000515093
0.000342405
0.000206239
0.00010909
4.81026e-05
3.33635e-05
6.60439e-05
0.000130377
0.000207548
0.000281929
0.000817998
0.000812744
0.000775221
0.000675799
0.000515093
0.000342405
0.000206239
0.000109091
4.81028e-05
3.33637e-05
6.6044e-05
0.000130377
0.000207548
0.000281929
0.000817998
0.000812744
0.000775221
0.0006758
0.000515093
0.000342406
0.000206239
0.000109091
4.81029e-05
3.33638e-05
6.60441e-05
0.000130377
0.000207548
0.000281929
0.000817998
0.000812744
0.000775221
0.0006758
0.000515093
0.000342406
0.000206239
0.000109091
4.81029e-05
3.33638e-05
6.60441e-05
0.000130377
0.000207548
0.000281929
0.000817998
0.000812744
0.000775221
0.0006758
0.000515093
0.000342406
0.000206239
0.000109091
4.8103e-05
3.33639e-05
6.60441e-05
0.000130377
0.000207548
0.000281929
0.000817998
0.000812744
0.000775221
0.0006758
0.000515093
0.000342406
0.000206239
0.000109091
4.8103e-05
3.33639e-05
6.60441e-05
0.000130377
0.000207548
0.000281929
0.000817998
0.000812744
0.000775221
0.0006758
0.000515093
0.000342406
0.000206239
0.000109091
4.8103e-05
3.33639e-05
6.60441e-05
0.000130377
0.000207548
0.000281929
0.000817998
0.000812744
0.000775221
0.0006758
0.000515093
0.000342406
0.000206239
0.000109091
4.8103e-05
3.33639e-05
6.60441e-05
0.000130377
0.000207548
0.000281929
0.000817998
0.000812744
0.000775221
0.0006758
0.000515093
0.000342406
0.000206239
0.000109091
4.8103e-05
3.33639e-05
6.60441e-05
0.000130377
0.000207548
0.000281929
0.000817998
0.000812744
0.000775221
0.0006758
0.000515093
0.000342406
0.000206239
0.000109091
4.8103e-05
3.33639e-05
6.60441e-05
0.000130377
0.000207548
0.000281929
0.000817998
0.000812744
0.000775221
0.0006758
0.000515093
0.000342406
0.000206239
0.000109091
4.8103e-05
3.33639e-05
6.60441e-05
0.000130377
0.000207548
0.000281929
0.000817998
0.000812744
0.000775221
0.0006758
0.000515093
0.000342406
0.000206239
0.000109091
4.8103e-05
3.33639e-05
6.60441e-05
0.000130377
0.000207548
0.000281929
0.000817998
0.000812744
0.000775221
0.0006758
0.000515093
0.000342406
0.000206239
0.000109091
4.8103e-05
3.33639e-05
6.60441e-05
0.000130377
0.000207548
0.000281929
0.000817998
0.000812744
0.000775221
0.0006758
0.000515093
0.000342406
0.000206239
0.000109091
4.8103e-05
3.33639e-05
6.60441e-05
0.000130377
0.000207548
0.000281929
0.000817998
0.000812744
0.000775221
0.0006758
0.000515093
0.000342406
0.000206239
0.000109091
4.8103e-05
3.33639e-05
6.60441e-05
0.000130377
0.000207548
0.000281929
0.000817998
0.000812744
0.000775221
0.0006758
0.000515093
0.000342406
0.000206239
0.000109091
4.8103e-05
3.33639e-05
6.60441e-05
0.000130377
0.000207548
0.000281929
0.000817998
0.000812744
0.000775221
0.0006758
0.000515093
0.000342406
0.000206239
0.000109091
4.8103e-05
3.33639e-05
6.60441e-05
0.000130377
0.000207548
0.000281929
0.000817998
0.000812744
0.000775221
0.0006758
0.000515093
0.000342406
0.000206239
0.000109091
4.8103e-05
3.33639e-05
6.60441e-05
0.000130377
0.000207548
0.000281929
0.000817998
0.000812744
0.000775221
0.0006758
0.000515093
0.000342406
0.000206239
0.000109091
4.8103e-05
3.33639e-05
6.60441e-05
0.000130377
0.000207548
0.000281929
0.000817998
0.000812744
0.000775221
0.0006758
0.000515093
0.000342406
0.000206239
0.000109091
4.8103e-05
3.33639e-05
6.60441e-05
0.000130377
0.000207548
0.000281929
0.000817998
0.000812744
0.000775221
0.0006758
0.000515093
0.000342406
0.000206239
0.000109091
4.8103e-05
3.33639e-05
6.60441e-05
0.000130377
0.000207548
0.000281929
0.000817998
0.000812744
0.000775221
0.0006758
0.000515093
0.000342406
0.000206239
0.000109091
4.8103e-05
3.33639e-05
6.60441e-05
0.000130377
0.000207548
0.000281929
0.000817998
0.000812744
0.000775221
0.0006758
0.000515093
0.000342406
0.000206239
0.000109091
4.8103e-05
3.33639e-05
6.60441e-05
0.000130377
0.000207548
0.000281929
0.000817998
0.000812744
0.000775221
0.0006758
0.000515093
0.000342406
0.000206239
0.000109091
4.8103e-05
3.33639e-05
6.60441e-05
0.000130377
0.000207548
0.000281929
0.000817998
0.000812744
0.000775221
0.0006758
0.000515093
0.000342406
0.000206239
0.000109091
4.8103e-05
3.33639e-05
6.60441e-05
0.000130377
0.000207548
0.000281929
0.000817998
0.000812744
0.000775221
0.0006758
0.000515093
0.000342406
0.000206239
0.000109091
4.8103e-05
3.33639e-05
6.60441e-05
0.000130377
0.000207548
0.000281929
0.000817998
0.000812744
0.000775221
0.0006758
0.000515093
0.000342406
0.000206239
0.000109091
4.8103e-05
3.33639e-05
6.60441e-05
0.000130377
0.000207548
0.000281929
0.000817998
0.000812744
0.000775221
0.0006758
0.000515093
0.000342406
0.000206239
0.000109091
4.8103e-05
3.33639e-05
6.60441e-05
0.000130377
0.000207548
0.000281929
0.000817998
0.000812744
0.000775221
0.0006758
0.000515093
0.000342406
0.000206239
0.000109091
4.8103e-05
3.33639e-05
6.60441e-05
0.000130377
0.000207548
0.000281929
0.000817998
0.000812744
0.000775221
0.0006758
0.000515093
0.000342406
0.000206239
0.000109091
4.8103e-05
3.33639e-05
6.60441e-05
0.000130377
0.000207548
0.000281929
0.000817998
0.000812744
0.000775221
0.0006758
0.000515093
0.000342406
0.000206239
0.000109091
4.8103e-05
3.33639e-05
6.60441e-05
0.000130377
0.000207548
0.000281929
0.000817998
0.000812744
0.000775221
0.0006758
0.000515093
0.000342406
0.000206239
0.000109091
4.8103e-05
3.33639e-05
6.60441e-05
0.000130377
0.000207548
0.000281929
0.000817998
0.000812744
0.000775221
0.0006758
0.000515093
0.000342406
0.000206239
0.000109091
4.8103e-05
3.33639e-05
6.60441e-05
0.000130377
0.000207548
0.000281929
0.000817998
0.000812744
0.000775221
0.0006758
0.000515093
0.000342406
0.000206239
0.000109091
4.8103e-05
3.33639e-05
6.60441e-05
0.000130377
0.000207548
0.000281929
0.000817998
0.000812744
0.000775221
0.0006758
0.000515093
0.000342406
0.000206239
0.000109091
4.8103e-05
3.33639e-05
6.60441e-05
0.000130377
0.000207548
0.000281929
0.000817998
0.000812744
0.000775221
0.0006758
0.000515093
0.000342406
0.000206239
0.000109091
4.8103e-05
3.33639e-05
6.60441e-05
0.000130377
0.000207548
0.000281929
0.000817998
0.000812744
0.000775221
0.0006758
0.000515093
0.000342406
0.000206239
0.000109091
4.8103e-05
3.33639e-05
6.60441e-05
0.000130377
0.000207548
0.000281929
0.000817998
0.000812744
0.000775221
0.0006758
0.000515093
0.000342406
0.000206239
0.000109091
4.8103e-05
3.33639e-05
6.60441e-05
0.000130377
0.000207548
0.000281929
0.000817998
0.000812744
0.000775221
0.0006758
0.000515093
0.000342406
0.000206239
0.000109091
4.8103e-05
3.33639e-05
6.60441e-05
0.000130377
0.000207548
0.000281929
0.000817998
0.000812744
0.000775221
0.0006758
0.000515093
0.000342406
0.000206239
0.000109091
4.8103e-05
3.33639e-05
6.60441e-05
0.000130377
0.000207548
0.000281929
0.000817998
0.000812744
0.000775221
0.0006758
0.000515093
0.000342406
0.000206239
0.000109091
4.8103e-05
3.33639e-05
6.60441e-05
0.000130377
0.000207548
0.000281929
0.000817998
0.000812744
0.000775221
0.0006758
0.000515093
0.000342406
0.000206239
0.000109091
4.8103e-05
3.33639e-05
6.60441e-05
0.000130377
0.000207548
0.000281929
0.000817998
0.000812744
0.000775221
0.0006758
0.000515093
0.000342406
0.000206239
0.000109091
4.8103e-05
3.33639e-05
6.60441e-05
0.000130377
0.000207548
0.000281929
0.000817998
0.000812744
0.000775221
0.0006758
0.000515093
0.000342406
0.000206239
0.000109091
4.8103e-05
3.33639e-05
6.60441e-05
0.000130377
0.000207548
0.000281929
0.000817998
0.000812744
0.000775221
0.0006758
0.000515093
0.000342406
0.000206239
0.000109091
4.8103e-05
3.33639e-05
6.60441e-05
0.000130377
0.000207548
0.000281929
0.000817998
0.000812744
0.000775221
0.0006758
0.000515093
0.000342406
0.000206239
0.000109091
4.8103e-05
3.33639e-05
6.60441e-05
0.000130377
0.000207548
0.000281929
0.000817998
0.000812744
0.000775221
0.0006758
0.000515093
0.000342406
0.000206239
0.000109091
4.8103e-05
3.33639e-05
6.60441e-05
0.000130377
0.000207548
0.000281929
0.000817998
0.000812744
0.000775221
0.0006758
0.000515093
0.000342406
0.000206239
0.000109091
4.8103e-05
3.33639e-05
6.60441e-05
0.000130377
0.000207548
0.000281929
0.000817998
0.000812744
0.000775221
0.0006758
0.000515093
0.000342406
0.000206239
0.000109091
4.8103e-05
3.33639e-05
6.60441e-05
0.000130377
0.000207548
0.000281929
0.000817998
0.000812744
0.000775221
0.0006758
0.000515093
0.000342406
0.000206239
0.000109091
4.8103e-05
3.33639e-05
6.60441e-05
0.000130377
0.000207548
0.000281929
0.000817998
0.000812744
0.000775221
0.0006758
0.000515093
0.000342406
0.000206239
0.000109091
4.8103e-05
3.33639e-05
6.60441e-05
0.000130377
0.000207548
0.000281929
0.000817998
0.000812744
0.000775221
0.0006758
0.000515093
0.000342406
0.000206239
0.000109091
4.8103e-05
3.33639e-05
6.60441e-05
0.000130377
0.000207548
0.000281929
0.000817998
0.000812744
0.000775221
0.0006758
0.000515093
0.000342406
0.000206239
0.000109091
4.8103e-05
3.33639e-05
6.60441e-05
0.000130377
0.000207548
0.000281929
0.000817998
0.000812744
0.000775221
0.0006758
0.000515093
0.000342406
0.000206239
0.000109091
4.8103e-05
3.33639e-05
6.60441e-05
0.000130377
0.000207548
0.000281929
0.000817998
0.000812744
0.000775221
0.0006758
0.000515093
0.000342406
0.000206239
0.000109091
4.8103e-05
3.33639e-05
6.60441e-05
0.000130377
0.000207548
0.000281929
0.000817998
0.000812744
0.000775221
0.0006758
0.000515093
0.000342406
0.000206239
0.000109091
4.8103e-05
3.33639e-05
6.60441e-05
0.000130377
0.000207548
0.000281929
0.000817998
0.000812744
0.000775221
0.0006758
0.000515093
0.000342406
0.000206239
0.000109091
4.8103e-05
3.33639e-05
6.60441e-05
0.000130377
0.000207548
0.000281929
0.000817998
0.000812744
0.000775221
0.0006758
0.000515093
0.000342406
0.000206239
0.000109091
4.8103e-05
3.33639e-05
6.60441e-05
0.000130377
0.000207548
0.000281929
0.000817998
0.000812744
0.000775221
0.0006758
0.000515093
0.000342406
0.000206239
0.000109091
4.8103e-05
3.33639e-05
6.60441e-05
0.000130377
0.000207548
0.000281929
0.000817998
0.000812744
0.000775221
0.0006758
0.000515093
0.000342406
0.000206239
0.000109091
4.8103e-05
3.33639e-05
6.60441e-05
0.000130377
0.000207548
0.000281929
0.000817998
0.000812744
0.000775221
0.0006758
0.000515093
0.000342406
0.000206239
0.000109091
4.8103e-05
3.33639e-05
6.60441e-05
0.000130377
0.000207548
0.000281929
0.000817998
0.000812744
0.000775221
0.0006758
0.000515093
0.000342406
0.000206239
0.000109091
4.8103e-05
3.33639e-05
6.60441e-05
0.000130377
0.000207548
0.000281929
0.000817998
0.000812744
0.000775221
0.0006758
0.000515093
0.000342406
0.000206239
0.000109091
4.8103e-05
3.33639e-05
6.60441e-05
0.000130377
0.000207548
0.000281929
0.000817998
0.000812744
0.000775221
0.0006758
0.000515093
0.000342406
0.000206239
0.000109091
4.8103e-05
3.33639e-05
6.60441e-05
0.000130377
0.000207548
0.000281929
0.000817998
0.000812744
0.000775221
0.0006758
0.000515093
0.000342406
0.000206239
0.000109091
4.8103e-05
3.33639e-05
6.60441e-05
0.000130377
0.000207548
0.000281929
0.000817998
0.000812744
0.000775221
0.0006758
0.000515093
0.000342406
0.000206239
0.000109091
4.8103e-05
3.33639e-05
6.60441e-05
0.000130377
0.000207548
0.000281929
0.000817998
0.000812744
0.000775221
0.0006758
0.000515093
0.000342406
0.000206239
0.000109091
4.8103e-05
3.33639e-05
6.60441e-05
0.000130377
0.000207548
0.000281929
0.000817998
0.000812744
0.000775221
0.0006758
0.000515093
0.000342406
0.000206239
0.000109091
4.8103e-05
3.33639e-05
6.60441e-05
0.000130377
0.000207548
0.000281929
0.000817998
0.000812744
0.000775221
0.0006758
0.000515093
0.000342406
0.000206239
0.000109091
4.8103e-05
3.33639e-05
6.60441e-05
0.000130377
0.000207548
0.000281929
0.000817998
0.000812744
0.000775221
0.0006758
0.000515093
0.000342406
0.000206239
0.000109091
4.8103e-05
3.33639e-05
6.60441e-05
0.000130377
0.000207548
0.000281929
0.000817998
0.000812744
0.000775221
0.0006758
0.000515093
0.000342406
0.000206239
0.000109091
4.8103e-05
3.33639e-05
6.60441e-05
0.000130377
0.000207548
0.000281929
0.000817998
0.000812744
0.000775221
0.0006758
0.000515093
0.000342406
0.000206239
0.000109091
4.8103e-05
3.33639e-05
6.60441e-05
0.000130377
0.000207548
0.000281929
0.000817998
0.000812744
0.000775221
0.0006758
0.000515093
0.000342406
0.000206239
0.000109091
4.8103e-05
3.33639e-05
6.60441e-05
0.000130377
0.000207548
0.000281929
0.000817998
0.000812744
0.000775221
0.0006758
0.000515093
0.000342406
0.000206239
0.000109091
4.8103e-05
3.33639e-05
6.60441e-05
0.000130377
0.000207548
0.000281929
0.000817998
0.000812744
0.000775221
0.0006758
0.000515093
0.000342406
0.000206239
0.000109091
4.8103e-05
3.33639e-05
6.60441e-05
0.000130377
0.000207548
0.000281929
0.000817998
0.000812744
0.000775221
0.0006758
0.000515093
0.000342406
0.000206239
0.000109091
4.8103e-05
3.33639e-05
6.60441e-05
0.000130377
0.000207548
0.000281929
0.000817998
0.000812744
0.000775221
0.0006758
0.000515093
0.000342406
0.000206239
0.000109091
4.8103e-05
3.33639e-05
6.60441e-05
0.000130377
0.000207548
0.000281929
0.000817998
0.000812744
0.000775221
0.0006758
0.000515093
0.000342406
0.000206239
0.000109091
4.8103e-05
3.33639e-05
6.60441e-05
0.000130377
0.000207548
0.000281929
0.000817998
0.000812744
0.000775221
0.0006758
0.000515093
0.000342406
0.000206239
0.000109091
4.8103e-05
3.33639e-05
6.60441e-05
0.000130377
0.000207548
0.000281929
0.000817998
0.000812744
0.000775221
0.0006758
0.000515093
0.000342406
0.000206239
0.000109091
4.8103e-05
3.33639e-05
6.60441e-05
0.000130377
0.000207548
0.000281929
0.000817998
0.000812744
0.000775221
0.0006758
0.000515093
0.000342406
0.000206239
0.000109091
4.8103e-05
3.33639e-05
6.60441e-05
0.000130377
0.000207548
0.000281929
0.000817998
0.000812744
0.000775221
0.0006758
0.000515093
0.000342406
0.000206239
0.000109091
4.8103e-05
3.33639e-05
6.60441e-05
0.000130377
0.000207548
0.000281929
0.000817998
0.000812744
0.000775221
0.0006758
0.000515093
0.000342406
0.000206239
0.000109091
4.8103e-05
3.33639e-05
6.60441e-05
0.000130377
0.000207548
0.000281929
0.000817998
0.000812744
0.000775221
0.0006758
0.000515093
0.000342406
0.000206239
0.000109091
4.8103e-05
3.33639e-05
6.60441e-05
0.000130377
0.000207548
0.000281929
0.000817998
0.000812744
0.000775221
0.0006758
0.000515093
0.000342406
0.000206239
0.000109091
4.8103e-05
3.33639e-05
6.60441e-05
0.000130377
0.000207548
0.000281929
0.000817998
0.000812744
0.000775221
0.0006758
0.000515093
0.000342406
0.000206239
0.000109091
4.8103e-05
3.33639e-05
6.60441e-05
0.000130377
0.000207548
0.000281929
0.000817998
0.000812744
0.000775221
0.0006758
0.000515093
0.000342406
0.000206239
0.000109091
4.8103e-05
3.33639e-05
6.60441e-05
0.000130377
0.000207548
0.000281929
0.000817998
0.000812744
0.000775221
0.0006758
0.000515093
0.000342406
0.000206239
0.000109091
4.8103e-05
3.33639e-05
6.60441e-05
0.000130377
0.000207548
0.000281929
0.000817998
0.000812744
0.000775221
0.0006758
0.000515093
0.000342406
0.000206239
0.000109091
4.8103e-05
3.33639e-05
6.60441e-05
0.000130377
0.000207548
0.000281929
0.000817998
0.000812744
0.000775221
0.0006758
0.000515093
0.000342406
0.000206239
0.000109091
4.8103e-05
3.33639e-05
6.60441e-05
0.000130377
0.000207548
0.000281929
0.000817998
0.000812744
0.000775221
0.0006758
0.000515093
0.000342406
0.000206239
0.000109091
4.8103e-05
3.33639e-05
6.60441e-05
0.000130377
0.000207548
0.000281929
0.000817998
0.000812744
0.000775221
0.0006758
0.000515093
0.000342406
0.000206239
0.000109091
4.8103e-05
3.33639e-05
6.60441e-05
0.000130377
0.000207548
0.000281929
0.000817998
0.000812744
0.000775221
0.0006758
0.000515093
0.000342406
0.000206239
0.000109091
4.8103e-05
3.33639e-05
6.60441e-05
0.000130377
0.000207548
0.000281929
0.000817998
0.000812744
0.000775221
0.0006758
0.000515093
0.000342406
0.000206239
0.000109091
4.8103e-05
3.33639e-05
6.60441e-05
0.000130377
0.000207548
0.000281929
0.000817998
0.000812744
0.000775221
0.0006758
0.000515093
0.000342406
0.000206239
0.000109091
4.8103e-05
3.33639e-05
6.60441e-05
0.000130377
0.000207548
0.000281929
0.000817998
0.000812744
0.000775221
0.0006758
0.000515093
0.000342406
0.000206239
0.000109091
4.8103e-05
3.33639e-05
6.60441e-05
0.000130377
0.000207548
0.000281929
0.000817998
0.000812744
0.000775221
0.0006758
0.000515093
0.000342406
0.000206239
0.000109091
4.8103e-05
3.33639e-05
6.60441e-05
0.000130377
0.000207548
0.000281929
