0.001462
0.00142541
0.00124844
0.0010076
0.000872711
0.000872105
0.000854023
0.000694627
0.000440669
0.000226047
0.000138003
0.000177567
0.000315707
0.000529863
0.001462
0.0014141
0.00117749
0.000862328
0.000778568
0.00105438
0.00141962
0.00140418
0.000783649
0.00018441
0.0002852
0.000482925
0.000350743
0.0014595
0.001462
0.00141856
0.00120884
0.000924774
0.000769415
0.000773362
0.000777417
0.00065965
0.000437115
0.000215394
0.000118478
0.000179042
0.00031602
0.000505348
0.001462
0.00142193
0.00122825
0.00096368
0.000811755
0.000801953
0.000782661
0.000637683
0.00040765
0.000209123
0.000126403
0.000170737
0.000310305
0.000510306
0.001462
0.00142367
0.0012383
0.000985097
0.000840304
0.000833259
0.000812933
0.00065972
0.000418234
0.000214081
0.000131025
0.000173223
0.00031194
0.000518856
0.001462
0.00142454
0.00124337
0.000996226
0.000856072
0.000851869
0.000832363
0.000675854
0.000428165
0.000219178
0.000134115
0.000175147
0.000313544
0.000524019
0.001462
0.00142498
0.0012459
0.00100188
0.000864288
0.000861799
0.000842939
0.000684941
0.000434117
0.000222393
0.000135948
0.000176289
0.000314551
0.00052685
0.001462
0.00142519
0.00124717
0.00100474
0.000868474
0.000866906
0.000848421
0.000689713
0.000437321
0.000224165
0.000136946
0.00017691
0.00031511
0.000528332
0.001462
0.0014253
0.00124781
0.00100617
0.000870586
0.000869495
0.000851207
0.000692152
0.000438977
0.000225093
0.000137467
0.000177234
0.000315403
0.000529091
0.001462
0.00142535
0.00124812
0.00100688
0.000871647
0.000870797
0.000852611
0.000693386
0.000439819
0.000225567
0.000137733
0.000177399
0.000315554
0.000529475
0.001462
0.00142538
0.00124828
0.00100724
0.000872179
0.000871451
0.000853316
0.000694005
0.000440243
0.000225806
0.000137868
0.000177482
0.00031563
0.000529669
0.001462
0.00142539
0.00124836
0.00100742
0.000872445
0.000871778
0.000853669
0.000694316
0.000440456
0.000225927
0.000137935
0.000177524
0.000315669
0.000529765
0.001462
0.0014254
0.0012484
0.00100751
0.000872578
0.000871942
0.000853846
0.000694472
0.000440563
0.000225987
0.000137969
0.000177546
0.000315688
0.000529814
0.001462
0.0014254
0.00124842
0.00100756
0.000872644
0.000872023
0.000853935
0.00069455
0.000440616
0.000226017
0.000137986
0.000177556
0.000315697
0.000529838
0.001462
0.0014254
0.00124843
0.00100758
0.000872678
0.000872064
0.000853979
0.000694588
0.000440643
0.000226032
0.000137995
0.000177561
0.000315702
0.00052985
0.001462
0.0014254
0.00124843
0.00100759
0.000872694
0.000872085
0.000854001
0.000694608
0.000440656
0.00022604
0.000137999
0.000177564
0.000315705
0.000529856
0.001462
0.00142541
0.00124844
0.0010076
0.000872703
0.000872095
0.000854012
0.000694618
0.000440663
0.000226044
0.000138001
0.000177565
0.000315706
0.000529859
0.001462
0.00142541
0.00124844
0.0010076
0.000872707
0.0008721
0.000854017
0.000694623
0.000440666
0.000226045
0.000138002
0.000177566
0.000315706
0.000529861
0.001462
0.00142541
0.00124844
0.0010076
0.000872709
0.000872103
0.00085402
0.000694625
0.000440668
0.000226046
0.000138003
0.000177566
0.000315707
0.000529862
0.001462
0.00142541
0.00124844
0.0010076
0.00087271
0.000872104
0.000854022
0.000694626
0.000440669
0.000226047
0.000138003
0.000177566
0.000315707
0.000529862
0.001462
0.00142541
0.00124844
0.0010076
0.000872711
0.000872105
0.000854022
0.000694627
0.000440669
0.000226047
0.000138003
0.000177567
0.000315707
0.000529862
0.001462
0.00142541
0.00124844
0.0010076
0.000872711
0.000872105
0.000854023
0.000694627
0.000440669
0.000226047
0.000138003
0.000177567
0.000315707
0.000529862
0.001462
0.00142541
0.00124844
0.0010076
0.000872711
0.000872105
0.000854023
0.000694627
0.000440669
0.000226047
0.000138003
0.000177567
0.000315707
0.000529862
0.001462
0.00142541
0.00124844
0.0010076
0.000872711
0.000872105
0.000854023
0.000694627
0.000440669
0.000226047
0.000138003
0.000177567
0.000315707
0.000529862
0.001462
0.00142541
0.00124844
0.0010076
0.000872711
0.000872105
0.000854023
0.000694627
0.000440669
0.000226047
0.000138003
0.000177567
0.000315707
0.000529862
0.001462
0.00142541
0.00124844
0.0010076
0.000872711
0.000872105
0.000854023
0.000694627
0.000440669
0.000226047
0.000138003
0.000177567
0.000315707
0.000529863
0.001462
0.00142541
0.00124844
0.0010076
0.000872711
0.000872105
0.000854023
0.000694627
0.000440669
0.000226047
0.000138003
0.000177567
0.000315707
0.000529863
0.001462
0.00142541
0.00124844
0.0010076
0.000872711
0.000872105
0.000854023
0.000694627
0.000440669
0.000226047
0.000138003
0.000177567
0.000315707
0.000529863
0.001462
0.00142541
0.00124844
0.0010076
0.000872711
0.000872105
0.000854023
0.000694627
0.000440669
0.000226047
0.000138003
0.000177567
0.000315707
0.000529863
0.001462
0.00142541
0.00124844
0.0010076
0.000872711
0.000872105
0.000854023
0.000694627
0.000440669
0.000226047
0.000138003
0.000177567
0.000315707
0.000529863
0.001462
0.00142541
0.00124844
0.0010076
0.000872711
0.000872105
0.000854023
0.000694627
0.000440669
0.000226047
0.000138003
0.000177567
0.000315707
0.000529863
0.001462
0.00142541
0.00124844
0.0010076
0.000872711
0.000872105
0.000854023
0.000694627
0.000440669
0.000226047
0.000138003
0.000177567
0.000315707
0.000529863
0.001462
0.00142541
0.00124844
0.0010076
0.000872711
0.000872105
0.000854023
0.000694627
0.000440669
0.000226047
0.000138003
0.000177567
0.000315707
0.000529863
0.001462
0.00142541
0.00124844
0.0010076
0.000872711
0.000872105
0.000854023
0.000694627
0.000440669
0.000226047
0.000138003
0.000177567
0.000315707
0.000529863
0.001462
0.00142541
0.00124844
0.0010076
0.000872711
0.000872105
0.000854023
0.000694627
0.000440669
0.000226047
0.000138003
0.000177567
0.000315707
0.000529863
0.001462
0.00142541
0.00124844
0.0010076
0.000872711
0.000872105
0.000854023
0.000694627
0.000440669
0.000226047
0.000138003
0.000177567
0.000315707
0.000529863
0.001462
0.00142541
0.00124844
0.0010076
0.000872711
0.000872105
0.000854023
0.000694627
0.000440669
0.000226047
0.000138003
0.000177567
0.000315707
0.000529863
0.001462
0.00142541
0.00124844
0.0010076
0.000872711
0.000872105
0.000854023
0.000694627
0.000440669
0.000226047
0.000138003
0.000177567
0.000315707
0.000529863
0.001462
0.00142541
0.00124844
0.0010076
0.000872711
0.000872105
0.000854023
0.000694627
0.000440669
0.000226047
0.000138003
0.000177567
0.000315707
0.000529863
0.001462
0.00142541
0.00124844
0.0010076
0.000872711
0.000872105
0.000854023
0.000694627
0.000440669
0.000226047
0.000138003
0.000177567
0.000315707
0.000529863
0.001462
0.00142541
0.00124844
0.0010076
0.000872711
0.000872105
0.000854023
0.000694627
0.000440669
0.000226047
0.000138003
0.000177567
0.000315707
0.000529863
0.001462
0.00142541
0.00124844
0.0010076
0.000872711
0.000872105
0.000854023
0.000694627
0.000440669
0.000226047
0.000138003
0.000177567
0.000315707
0.000529863
0.001462
0.00142541
0.00124844
0.0010076
0.000872711
0.000872105
0.000854023
0.000694627
0.000440669
0.000226047
0.000138003
0.000177567
0.000315707
0.000529863
0.001462
0.00142541
0.00124844
0.0010076
0.000872711
0.000872105
0.000854023
0.000694627
0.000440669
0.000226047
0.000138003
0.000177567
0.000315707
0.000529863
0.001462
0.00142541
0.00124844
0.0010076
0.000872711
0.000872105
0.000854023
0.000694627
0.000440669
0.000226047
0.000138003
0.000177567
0.000315707
0.000529863
0.001462
0.00142541
0.00124844
0.0010076
0.000872711
0.000872105
0.000854023
0.000694627
0.000440669
0.000226047
0.000138003
0.000177567
0.000315707
0.000529863
0.001462
0.00142541
0.00124844
0.0010076
0.000872711
0.000872105
0.000854023
0.000694627
0.000440669
0.000226047
0.000138003
0.000177567
0.000315707
0.000529863
0.001462
0.00142541
0.00124844
0.0010076
0.000872711
0.000872105
0.000854023
0.000694627
0.000440669
0.000226047
0.000138003
0.000177567
0.000315707
0.000529863
0.001462
0.00142541
0.00124844
0.0010076
0.000872711
0.000872105
0.000854023
0.000694627
0.000440669
0.000226047
0.000138003
0.000177567
0.000315707
0.000529863
0.001462
0.00142541
0.00124844
0.0010076
0.000872711
0.000872105
0.000854023
0.000694627
0.000440669
0.000226047
0.000138003
0.000177567
0.000315707
0.000529863
0.001462
0.00142541
0.00124844
0.0010076
0.000872711
0.000872105
0.000854023
0.000694627
0.000440669
0.000226047
0.000138003
0.000177567
0.000315707
0.000529863
0.001462
0.00142541
0.00124844
0.0010076
0.000872711
0.000872105
0.000854023
0.000694627
0.000440669
0.000226047
0.000138003
0.000177567
0.000315707
0.000529863
0.001462
0.00142541
0.00124844
0.0010076
0.000872711
0.000872105
0.000854023
0.000694627
0.000440669
0.000226047
0.000138003
0.000177567
0.000315707
0.000529863
0.001462
0.00142541
0.00124844
0.0010076
0.000872711
0.000872105
0.000854023
0.000694627
0.000440669
0.000226047
0.000138003
0.000177567
0.000315707
0.000529863
0.001462
0.00142541
0.00124844
0.0010076
0.000872711
0.000872105
0.000854023
0.000694627
0.000440669
0.000226047
0.000138003
0.000177567
0.000315707
0.000529863
0.001462
0.00142541
0.00124844
0.0010076
0.000872711
0.000872105
0.000854023
0.000694627
0.000440669
0.000226047
0.000138003
0.000177567
0.000315707
0.000529863
0.001462
0.00142541
0.00124844
0.0010076
0.000872711
0.000872105
0.000854023
0.000694627
0.000440669
0.000226047
0.000138003
0.000177567
0.000315707
0.000529863
0.001462
0.00142541
0.00124844
0.0010076
0.000872711
0.000872105
0.000854023
0.000694627
0.000440669
0.000226047
0.000138003
0.000177567
0.000315707
0.000529863
0.001462
0.00142541
0.00124844
0.0010076
0.000872711
0.000872105
0.000854023
0.000694627
0.000440669
0.000226047
0.000138003
0.000177567
0.000315707
0.000529863
0.001462
0.00142541
0.00124844
0.0010076
0.000872711
0.000872105
0.000854023
0.000694627
0.000440669
0.000226047
0.000138003
0.000177567
0.000315707
0.000529863
0.001462
0.00142541
0.00124844
0.0010076
0.000872711
0.000872105
0.000854023
0.000694627
0.000440669
0.000226047
0.000138003
0.000177567
0.000315707
0.000529863
0.001462
0.00142541
0.00124844
0.0010076
0.000872711
0.000872105
0.000854023
0.000694627
0.000440669
0.000226047
0.000138003
0.000177567
0.000315707
0.000529863
0.001462
0.00142541
0.00124844
0.0010076
0.000872711
0.000872105
0.000854023
0.000694627
0.000440669
0.000226047
0.000138003
0.000177567
0.000315707
0.000529863
0.001462
0.00142541
0.00124844
0.0010076
0.000872711
0.000872105
0.000854023
0.000694627
0.000440669
0.000226047
0.000138003
0.000177567
0.000315707
0.000529863
0.001462
0.00142541
0.00124844
0.0010076
0.000872711
0.000872105
0.000854023
0.000694627
0.000440669
0.000226047
0.000138003
0.000177567
0.000315707
0.000529863
0.001462
0.00142541
0.00124844
0.0010076
0.000872711
0.000872105
0.000854023
0.000694627
0.000440669
0.000226047
0.000138003
0.000177567
0.000315707
0.000529863
0.001462
0.00142541
0.00124844
0.0010076
0.000872711
0.000872105
0.000854023
0.000694627
0.000440669
0.000226047
0.000138003
0.000177567
0.000315707
0.000529863
0.001462
0.00142541
0.00124844
0.0010076
0.000872711
0.000872105
0.000854023
0.000694627
0.000440669
0.000226047
0.000138003
0.000177567
0.000315707
0.000529863
0.001462
0.00142541
0.00124844
0.0010076
0.000872711
0.000872105
0.000854023
0.000694627
0.000440669
0.000226047
0.000138003
0.000177567
0.000315707
0.000529863
0.001462
0.00142541
0.00124844
0.0010076
0.000872711
0.000872105
0.000854023
0.000694627
0.000440669
0.000226047
0.000138003
0.000177567
0.000315707
0.000529863
0.001462
0.00142541
0.00124844
0.0010076
0.000872711
0.000872105
0.000854023
0.000694627
0.000440669
0.000226047
0.000138003
0.000177567
0.000315707
0.000529863
0.001462
0.00142541
0.00124844
0.0010076
0.000872711
0.000872105
0.000854023
0.000694627
0.000440669
0.000226047
0.000138003
0.000177567
0.000315707
0.000529863
0.001462
0.00142541
0.00124844
0.0010076
0.000872711
0.000872105
0.000854023
0.000694627
0.000440669
0.000226047
0.000138003
0.000177567
0.000315707
0.000529863
0.001462
0.00142541
0.00124844
0.0010076
0.000872711
0.000872105
0.000854023
0.000694627
0.000440669
0.000226047
0.000138003
0.000177567
0.000315707
0.000529863
0.001462
0.00142541
0.00124844
0.0010076
0.000872711
0.000872105
0.000854023
0.000694627
0.000440669
0.000226047
0.000138003
0.000177567
0.000315707
0.000529863
0.001462
0.00142541
0.00124844
0.0010076
0.000872711
0.000872105
0.000854023
0.000694627
0.000440669
0.000226047
0.000138003
0.000177567
0.000315707
0.000529863
0.001462
0.00142541
0.00124844
0.0010076
0.000872711
0.000872105
0.000854023
0.000694627
0.000440669
0.000226047
0.000138003
0.000177567
0.000315707
0.000529863
0.001462
0.00142541
0.00124844
0.0010076
0.000872711
0.000872105
0.000854023
0.000694627
0.000440669
0.000226047
0.000138003
0.000177567
0.000315707
0.000529863
0.001462
0.00142541
0.00124844
0.0010076
0.000872711
0.000872105
0.000854023
0.000694627
0.000440669
0.000226047
0.000138003
0.000177567
0.000315707
0.000529863
0.001462
0.00142541
0.00124844
0.0010076
0.000872711
0.000872105
0.000854023
0.000694627
0.000440669
0.000226047
0.000138003
0.000177567
0.000315707
0.000529863
0.001462
0.00142541
0.00124844
0.0010076
0.000872711
0.000872105
0.000854023
0.000694627
0.000440669
0.000226047
0.000138003
0.000177567
0.000315707
0.000529863
0.001462
0.00142541
0.00124844
0.0010076
0.000872711
0.000872105
0.000854023
0.000694627
0.000440669
0.000226047
0.000138003
0.000177567
0.000315707
0.000529863
0.001462
0.00142541
0.00124844
0.0010076
0.000872711
0.000872105
0.000854023
0.000694627
0.000440669
0.000226047
0.000138003
0.000177567
0.000315707
0.000529863
0.001462
0.00142541
0.00124844
0.0010076
0.000872711
0.000872105
0.000854023
0.000694627
0.000440669
0.000226047
0.000138003
0.000177567
0.000315707
0.000529863
0.001462
0.00142541
0.00124844
0.0010076
0.000872711
0.000872105
0.000854023
0.000694627
0.000440669
0.000226047
0.000138003
0.000177567
0.000315707
0.000529863
0.001462
0.00142541
0.00124844
0.0010076
0.000872711
0.000872105
0.000854023
0.000694627
0.000440669
0.000226047
0.000138003
0.000177567
0.000315707
0.000529863
0.001462
0.00142541
0.00124844
0.0010076
0.000872711
0.000872105
0.000854023
0.000694627
0.000440669
0.000226047
0.000138003
0.000177567
0.000315707
0.000529863
0.001462
0.00142541
0.00124844
0.0010076
0.000872711
0.000872105
0.000854023
0.000694627
0.000440669
0.000226047
0.000138003
0.000177567
0.000315707
0.000529863
0.001462
0.00142541
0.00124844
0.0010076
0.000872711
0.000872105
0.000854023
0.000694627
0.000440669
0.000226047
0.000138003
0.000177567
0.000315707
0.000529863
0.001462
0.00142541
0.00124844
0.0010076
0.000872711
0.000872105
0.000854023
0.000694627
0.000440669
0.000226047
0.000138003
0.000177567
0.000315707
0.000529863
0.001462
0.00142541
0.00124844
0.0010076
0.000872711
0.000872105
0.000854023
0.000694627
0.000440669
0.000226047
0.000138003
0.000177567
0.000315707
0.000529863
0.001462
0.00142541
0.00124844
0.0010076
0.000872711
0.000872105
0.000854023
0.000694627
0.000440669
0.000226047
0.000138003
0.000177567
0.000315707
0.000529863
0.001462
0.00142541
0.00124844
0.0010076
0.000872711
0.000872105
0.000854023
0.000694627
0.000440669
0.000226047
0.000138003
0.000177567
0.000315707
0.000529863
0.001462
0.00142541
0.00124844
0.0010076
0.000872711
0.000872105
0.000854023
0.000694627
0.000440669
0.000226047
0.000138003
0.000177567
0.000315707
0.000529863
0.001462
0.00142541
0.00124844
0.0010076
0.000872711
0.000872105
0.000854023
0.000694627
0.000440669
0.000226047
0.000138003
0.000177567
0.000315707
0.000529863
0.001462
0.00142541
0.00124844
0.0010076
0.000872711
0.000872105
0.000854023
0.000694627
0.000440669
0.000226047
0.000138003
0.000177567
0.000315707
0.000529863
0.001462
0.00142541
0.00124844
0.0010076
0.000872711
0.000872105
0.000854023
0.000694627
0.000440669
0.000226047
0.000138003
0.000177567
0.000315707
0.000529863
0.001462
0.00142541
0.00124844
0.0010076
0.000872711
0.000872105
0.000854023
0.000694627
0.000440669
0.000226047
0.000138003
0.000177567
0.000315707
0.000529863
0.001462
0.00142541
0.00124844
0.0010076
0.000872711
0.000872105
0.000854023
0.000694627
0.000440669
0.000226047
0.000138003
0.000177567
0.000315707
0.000529863
0.001462
0.00142541
0.00124844
0.0010076
0.000872711
0.000872105
0.000854023
0.000694627
0.000440669
0.000226047
0.000138003
0.000177567
0.000315707
0.000529863
0.001462
0.00142541
0.00124844
0.0010076
0.000872711
0.000872105
0.000854023
0.000694627
0.000440669
0.000226047
0.000138003
0.000177567
0.000315707
0.000529863
0.001462
0.00142541
0.00124844
0.0010076
0.000872711
0.000872105
0.000854023
0.000694627
0.000440669
0.000226047
0.000138003
0.000177567
0.000315707
0.000529863
0.001462
0.00142541
0.00124844
0.0010076
0.000872711
0.000872105
0.000854023
0.000694627
0.000440669
0.000226047
0.000138003
0.000177567
0.000315707
0.000529863
0.001462
0.00142541
0.00124844
0.0010076
0.000872711
0.000872105
0.000854023
0.000694627
0.000440669
0.000226047
0.000138003
0.000177567
0.000315707
0.000529863
0.001462
0.00142541
0.00124844
0.0010076
0.000872711
0.000872105
0.000854023
0.000694627
0.000440669
0.000226047
0.000138003
0.000177567
0.000315707
0.000529863
0.001462
0.00142541
0.00124844
0.0010076
0.000872711
0.000872105
0.000854023
0.000694627
0.000440669
0.000226047
0.000138003
0.000177567
0.000315707
0.000529863
0.001462
0.00142541
0.00124844
0.0010076
0.000872711
0.000872105
0.000854023
0.000694627
0.000440669
0.000226047
0.000138003
0.000177567
0.000315707
0.000529863
0.001462
0.00142541
0.00124844
0.0010076
0.000872711
0.000872105
0.000854023
0.000694627
0.000440669
0.000226047
0.000138003
0.000177567
0.000315707
0.000529863
0.001462
0.00142541
0.00124844
0.0010076
0.000872711
0.000872105
0.000854023
0.000694627
0.000440669
0.000226047
0.000138003
0.000177567
0.000315707
0.000529863
0.001462
0.00142541
0.00124844
0.0010076
0.000872711
0.000872105
0.000854023
0.000694627
0.000440669
0.000226047
0.000138003
0.000177567
0.000315707
0.000529863
0.001462
0.00142541
0.00124844
0.0010076
0.000872711
0.000872105
0.000854023
0.000694627
0.000440669
0.000226047
0.000138003
0.000177567
0.000315707
0.000529863
0.001462
0.00142541
0.00124844
0.0010076
0.000872711
0.000872105
0.000854023
0.000694627
0.000440669
0.000226047
0.000138003
0.000177567
0.000315707
0.000529863
0.001462
0.00142541
0.00124844
0.0010076
0.000872711
0.000872105
0.000854023
0.000694627
0.000440669
0.000226047
0.000138003
0.000177567
0.000315707
0.000529863
0.001462
0.00142541
0.00124844
0.0010076
0.000872711
0.000872105
0.000854023
0.000694627
0.000440669
0.000226047
0.000138003
0.000177567
0.000315707
0.000529863
0.001462
0.00142541
0.00124844
0.0010076
0.000872711
0.000872105
0.000854023
0.000694627
0.000440669
0.000226047
0.000138003
0.000177567
0.000315707
0.000529863
0.001462
0.00142541
0.00124844
0.0010076
0.000872711
0.000872105
0.000854023
0.000694627
0.000440669
0.000226047
0.000138003
0.000177567
0.000315707
0.000529863
0.001462
0.00142541
0.00124844
0.0010076
0.000872711
0.000872105
0.000854023
0.000694627
0.000440669
0.000226047
0.000138003
0.000177567
0.000315707
0.000529863
0.001462
0.00142541
0.00124844
0.0010076
0.000872711
0.000872105
0.000854023
0.000694627
0.000440669
0.000226047
0.000138003
0.000177567
0.000315707
0.000529863
0.001462
0.00142541
0.00124844
0.0010076
0.000872711
0.000872105
0.000854023
0.000694627
0.000440669
0.000226047
0.000138003
0.000177567
0.000315707
0.000529863
0.001462
0.00142541
0.00124844
0.0010076
0.000872711
0.000872105
0.000854023
0.000694627
0.000440669
0.000226047
0.000138003
0.000177567
0.000315707
0.000529863
0.001462
0.00142541
0.00124844
0.0010076
0.000872711
0.000872105
0.000854023
0.000694627
0.000440669
0.000226047
0.000138003
0.000177567
0.000315707
0.000529863
0.000731002
0.000715162
0.000639834
0.000544902
0.000504534
0.000515839
0.000497311
0.00039502
0.000244984
0.000123004
7.50198e-05
0.000100558
0.000184536
0.000314147
0.000731002
0.00071178
0.000615951
0.000488746
0.000454959
0.000568333
0.000727031
0.000724949
0.000429874
0.000113324
0.000153465
0.000275843
0.000240657
0.000594762
0.000731002
0.000712615
0.000624615
0.000511557
0.000460275
0.000470386
0.000460076
0.000378533
0.00024659
0.000122347
6.89208e-05
0.000105507
0.000190825
0.000298894
0.000731002
0.000713814
0.000631827
0.00052697
0.000478825
0.000485399
0.000465897
0.000370389
0.000231989
0.00011751
7.12661e-05
9.86895e-05
0.000183551
0.000304748
0.000731002
0.000714479
0.000635766
0.000535656
0.000490906
0.000499202
0.000479566
0.000380155
0.000236007
0.000118775
7.26864e-05
9.91456e-05
0.000183357
0.000308967
0.000731002
0.000714819
0.000637787
0.000540215
0.000497541
0.000507212
0.000488022
0.000387075
0.000239969
0.000120522
7.36966e-05
9.97378e-05
0.000183785
0.000311408
0.000731002
0.00071499
0.000638808
0.000542543
0.000500995
0.000511453
0.000492572
0.000390932
0.000242355
0.000121672
7.43144e-05
0.000100118
0.00018412
0.000312736
0.000731002
0.000715076
0.00063932
0.000543719
0.000502754
0.000513629
0.000494919
0.000392949
0.000243641
0.000122315
7.46556e-05
0.00010033
0.000184318
0.000313431
0.000731002
0.000715119
0.000639577
0.000544309
0.000503641
0.000514729
0.000496109
0.000393978
0.000244305
0.000122654
7.48348e-05
0.000100442
0.000184424
0.000313786
0.000731002
0.00071514
0.000639705
0.000544605
0.000504087
0.000515283
0.000496709
0.000394497
0.000244643
0.000122827
7.49265e-05
0.0001005
0.00018448
0.000313966
0.000731002
0.000715151
0.000639769
0.000544754
0.00050431
0.000515561
0.00049701
0.000394758
0.000244813
0.000122915
7.4973e-05
0.000100529
0.000184508
0.000314056
0.000731002
0.000715156
0.000639802
0.000544828
0.000504422
0.0005157
0.00049716
0.000394889
0.000244899
0.000122959
7.49963e-05
0.000100544
0.000184522
0.000314101
0.000731002
0.000715159
0.000639818
0.000544865
0.000504478
0.000515769
0.000497236
0.000394954
0.000244941
0.000122981
7.5008e-05
0.000100551
0.000184529
0.000314124
0.000731002
0.00071516
0.000639826
0.000544883
0.000504506
0.000515804
0.000497273
0.000394987
0.000244963
0.000122992
7.50139e-05
0.000100555
0.000184533
0.000314136
0.000731002
0.000715161
0.00063983
0.000544893
0.00050452
0.000515821
0.000497292
0.000395004
0.000244973
0.000122998
7.50168e-05
0.000100557
0.000184534
0.000314141
0.000731002
0.000715161
0.000639832
0.000544897
0.000504527
0.00051583
0.000497302
0.000395012
0.000244979
0.000123001
7.50183e-05
0.000100558
0.000184535
0.000314144
0.000731002
0.000715162
0.000639833
0.0005449
0.00050453
0.000515834
0.000497306
0.000395016
0.000244982
0.000123002
7.5019e-05
0.000100558
0.000184536
0.000314145
0.000731002
0.000715162
0.000639833
0.000544901
0.000504532
0.000515836
0.000497309
0.000395018
0.000244983
0.000123003
7.50194e-05
0.000100558
0.000184536
0.000314146
0.000731002
0.000715162
0.000639833
0.000544901
0.000504533
0.000515838
0.00049731
0.000395019
0.000244984
0.000123003
7.50196e-05
0.000100558
0.000184536
0.000314147
0.000731002
0.000715162
0.000639834
0.000544902
0.000504533
0.000515838
0.00049731
0.000395019
0.000244984
0.000123003
7.50197e-05
0.000100558
0.000184536
0.000314147
0.000731002
0.000715162
0.000639834
0.000544902
0.000504533
0.000515838
0.000497311
0.00039502
0.000244984
0.000123003
7.50197e-05
0.000100558
0.000184536
0.000314147
0.000731002
0.000715162
0.000639834
0.000544902
0.000504533
0.000515838
0.000497311
0.00039502
0.000244984
0.000123003
7.50198e-05
0.000100558
0.000184536
0.000314147
0.000731002
0.000715162
0.000639834
0.000544902
0.000504533
0.000515839
0.000497311
0.00039502
0.000244984
0.000123003
7.50198e-05
0.000100558
0.000184536
0.000314147
0.000731002
0.000715162
0.000639834
0.000544902
0.000504534
0.000515839
0.000497311
0.00039502
0.000244984
0.000123004
7.50198e-05
0.000100558
0.000184536
0.000314147
0.000731002
0.000715162
0.000639834
0.000544902
0.000504534
0.000515839
0.000497311
0.00039502
0.000244984
0.000123004
7.50198e-05
0.000100558
0.000184536
0.000314147
0.000731002
0.000715162
0.000639834
0.000544902
0.000504534
0.000515839
0.000497311
0.00039502
0.000244984
0.000123004
7.50198e-05
0.000100558
0.000184536
0.000314147
0.000731002
0.000715162
0.000639834
0.000544902
0.000504534
0.000515839
0.000497311
0.00039502
0.000244984
0.000123004
7.50198e-05
0.000100558
0.000184536
0.000314147
0.000731002
0.000715162
0.000639834
0.000544902
0.000504534
0.000515839
0.000497311
0.00039502
0.000244984
0.000123004
7.50198e-05
0.000100558
0.000184536
0.000314147
0.000731002
0.000715162
0.000639834
0.000544902
0.000504534
0.000515839
0.000497311
0.00039502
0.000244984
0.000123004
7.50198e-05
0.000100558
0.000184536
0.000314147
0.000731002
0.000715162
0.000639834
0.000544902
0.000504534
0.000515839
0.000497311
0.00039502
0.000244984
0.000123004
7.50198e-05
0.000100558
0.000184536
0.000314147
0.000731002
0.000715162
0.000639834
0.000544902
0.000504534
0.000515839
0.000497311
0.00039502
0.000244984
0.000123004
7.50198e-05
0.000100558
0.000184536
0.000314147
0.000731002
0.000715162
0.000639834
0.000544902
0.000504534
0.000515839
0.000497311
0.00039502
0.000244984
0.000123004
7.50198e-05
0.000100558
0.000184536
0.000314147
0.000731002
0.000715162
0.000639834
0.000544902
0.000504534
0.000515839
0.000497311
0.00039502
0.000244984
0.000123004
7.50198e-05
0.000100558
0.000184536
0.000314147
0.000731002
0.000715162
0.000639834
0.000544902
0.000504534
0.000515839
0.000497311
0.00039502
0.000244984
0.000123004
7.50198e-05
0.000100558
0.000184536
0.000314147
0.000731002
0.000715162
0.000639834
0.000544902
0.000504534
0.000515839
0.000497311
0.00039502
0.000244984
0.000123004
7.50198e-05
0.000100558
0.000184536
0.000314147
0.000731002
0.000715162
0.000639834
0.000544902
0.000504534
0.000515839
0.000497311
0.00039502
0.000244984
0.000123004
7.50198e-05
0.000100558
0.000184536
0.000314147
0.000731002
0.000715162
0.000639834
0.000544902
0.000504534
0.000515839
0.000497311
0.00039502
0.000244984
0.000123004
7.50198e-05
0.000100558
0.000184536
0.000314147
0.000731002
0.000715162
0.000639834
0.000544902
0.000504534
0.000515839
0.000497311
0.00039502
0.000244984
0.000123004
7.50198e-05
0.000100558
0.000184536
0.000314147
0.000731002
0.000715162
0.000639834
0.000544902
0.000504534
0.000515839
0.000497311
0.00039502
0.000244984
0.000123004
7.50198e-05
0.000100558
0.000184536
0.000314147
0.000731002
0.000715162
0.000639834
0.000544902
0.000504534
0.000515839
0.000497311
0.00039502
0.000244984
0.000123004
7.50198e-05
0.000100558
0.000184536
0.000314147
0.000731002
0.000715162
0.000639834
0.000544902
0.000504534
0.000515839
0.000497311
0.00039502
0.000244984
0.000123004
7.50198e-05
0.000100558
0.000184536
0.000314147
0.000731002
0.000715162
0.000639834
0.000544902
0.000504534
0.000515839
0.000497311
0.00039502
0.000244984
0.000123004
7.50198e-05
0.000100558
0.000184536
0.000314147
0.000731002
0.000715162
0.000639834
0.000544902
0.000504534
0.000515839
0.000497311
0.00039502
0.000244984
0.000123004
7.50198e-05
0.000100558
0.000184536
0.000314147
0.000731002
0.000715162
0.000639834
0.000544902
0.000504534
0.000515839
0.000497311
0.00039502
0.000244984
0.000123004
7.50198e-05
0.000100558
0.000184536
0.000314147
0.000731002
0.000715162
0.000639834
0.000544902
0.000504534
0.000515839
0.000497311
0.00039502
0.000244984
0.000123004
7.50198e-05
0.000100558
0.000184536
0.000314147
0.000731002
0.000715162
0.000639834
0.000544902
0.000504534
0.000515839
0.000497311
0.00039502
0.000244984
0.000123004
7.50198e-05
0.000100558
0.000184536
0.000314147
0.000731002
0.000715162
0.000639834
0.000544902
0.000504534
0.000515839
0.000497311
0.00039502
0.000244984
0.000123004
7.50198e-05
0.000100558
0.000184536
0.000314147
0.000731002
0.000715162
0.000639834
0.000544902
0.000504534
0.000515839
0.000497311
0.00039502
0.000244984
0.000123004
7.50198e-05
0.000100558
0.000184536
0.000314147
0.000731002
0.000715162
0.000639834
0.000544902
0.000504534
0.000515839
0.000497311
0.00039502
0.000244984
0.000123004
7.50198e-05
0.000100558
0.000184536
0.000314147
0.000731002
0.000715162
0.000639834
0.000544902
0.000504534
0.000515839
0.000497311
0.00039502
0.000244984
0.000123004
7.50198e-05
0.000100558
0.000184536
0.000314147
0.000731002
0.000715162
0.000639834
0.000544902
0.000504534
0.000515839
0.000497311
0.00039502
0.000244984
0.000123004
7.50198e-05
0.000100558
0.000184536
0.000314147
0.000731002
0.000715162
0.000639834
0.000544902
0.000504534
0.000515839
0.000497311
0.00039502
0.000244984
0.000123004
7.50198e-05
0.000100558
0.000184536
0.000314147
0.000731002
0.000715162
0.000639834
0.000544902
0.000504534
0.000515839
0.000497311
0.00039502
0.000244984
0.000123004
7.50198e-05
0.000100558
0.000184536
0.000314147
0.000731002
0.000715162
0.000639834
0.000544902
0.000504534
0.000515839
0.000497311
0.00039502
0.000244984
0.000123004
7.50198e-05
0.000100558
0.000184536
0.000314147
0.000731002
0.000715162
0.000639834
0.000544902
0.000504534
0.000515839
0.000497311
0.00039502
0.000244984
0.000123004
7.50198e-05
0.000100558
0.000184536
0.000314147
0.000731002
0.000715162
0.000639834
0.000544902
0.000504534
0.000515839
0.000497311
0.00039502
0.000244984
0.000123004
7.50198e-05
0.000100558
0.000184536
0.000314147
0.000731002
0.000715162
0.000639834
0.000544902
0.000504534
0.000515839
0.000497311
0.00039502
0.000244984
0.000123004
7.50198e-05
0.000100558
0.000184536
0.000314147
0.000731002
0.000715162
0.000639834
0.000544902
0.000504534
0.000515839
0.000497311
0.00039502
0.000244984
0.000123004
7.50198e-05
0.000100558
0.000184536
0.000314147
0.000731002
0.000715162
0.000639834
0.000544902
0.000504534
0.000515839
0.000497311
0.00039502
0.000244984
0.000123004
7.50198e-05
0.000100558
0.000184536
0.000314147
0.000731002
0.000715162
0.000639834
0.000544902
0.000504534
0.000515839
0.000497311
0.00039502
0.000244984
0.000123004
7.50198e-05
0.000100558
0.000184536
0.000314147
0.000731002
0.000715162
0.000639834
0.000544902
0.000504534
0.000515839
0.000497311
0.00039502
0.000244984
0.000123004
7.50198e-05
0.000100558
0.000184536
0.000314147
0.000731002
0.000715162
0.000639834
0.000544902
0.000504534
0.000515839
0.000497311
0.00039502
0.000244984
0.000123004
7.50198e-05
0.000100558
0.000184536
0.000314147
0.000731002
0.000715162
0.000639834
0.000544902
0.000504534
0.000515839
0.000497311
0.00039502
0.000244984
0.000123004
7.50198e-05
0.000100558
0.000184536
0.000314147
0.000731002
0.000715162
0.000639834
0.000544902
0.000504534
0.000515839
0.000497311
0.00039502
0.000244984
0.000123004
7.50198e-05
0.000100558
0.000184536
0.000314147
0.000731002
0.000715162
0.000639834
0.000544902
0.000504534
0.000515839
0.000497311
0.00039502
0.000244984
0.000123004
7.50198e-05
0.000100558
0.000184536
0.000314147
0.000731002
0.000715162
0.000639834
0.000544902
0.000504534
0.000515839
0.000497311
0.00039502
0.000244984
0.000123004
7.50198e-05
0.000100558
0.000184536
0.000314147
0.000731002
0.000715162
0.000639834
0.000544902
0.000504534
0.000515839
0.000497311
0.00039502
0.000244984
0.000123004
7.50198e-05
0.000100558
0.000184536
0.000314147
0.000731002
0.000715162
0.000639834
0.000544902
0.000504534
0.000515839
0.000497311
0.00039502
0.000244984
0.000123004
7.50198e-05
0.000100558
0.000184536
0.000314147
0.000731002
0.000715162
0.000639834
0.000544902
0.000504534
0.000515839
0.000497311
0.00039502
0.000244984
0.000123004
7.50198e-05
0.000100558
0.000184536
0.000314147
0.000731002
0.000715162
0.000639834
0.000544902
0.000504534
0.000515839
0.000497311
0.00039502
0.000244984
0.000123004
7.50198e-05
0.000100558
0.000184536
0.000314147
0.000731002
0.000715162
0.000639834
0.000544902
0.000504534
0.000515839
0.000497311
0.00039502
0.000244984
0.000123004
7.50198e-05
0.000100558
0.000184536
0.000314147
0.000731002
0.000715162
0.000639834
0.000544902
0.000504534
0.000515839
0.000497311
0.00039502
0.000244984
0.000123004
7.50198e-05
0.000100558
0.000184536
0.000314147
0.000731002
0.000715162
0.000639834
0.000544902
0.000504534
0.000515839
0.000497311
0.00039502
0.000244984
0.000123004
7.50198e-05
0.000100558
0.000184536
0.000314147
0.000731002
0.000715162
0.000639834
0.000544902
0.000504534
0.000515839
0.000497311
0.00039502
0.000244984
0.000123004
7.50198e-05
0.000100558
0.000184536
0.000314147
0.000731002
0.000715162
0.000639834
0.000544902
0.000504534
0.000515839
0.000497311
0.00039502
0.000244984
0.000123004
7.50198e-05
0.000100558
0.000184536
0.000314147
0.000731002
0.000715162
0.000639834
0.000544902
0.000504534
0.000515839
0.000497311
0.00039502
0.000244984
0.000123004
7.50198e-05
0.000100558
0.000184536
0.000314147
0.000731002
0.000715162
0.000639834
0.000544902
0.000504534
0.000515839
0.000497311
0.00039502
0.000244984
0.000123004
7.50198e-05
0.000100558
0.000184536
0.000314147
0.000731002
0.000715162
0.000639834
0.000544902
0.000504534
0.000515839
0.000497311
0.00039502
0.000244984
0.000123004
7.50198e-05
0.000100558
0.000184536
0.000314147
0.000731002
0.000715162
0.000639834
0.000544902
0.000504534
0.000515839
0.000497311
0.00039502
0.000244984
0.000123004
7.50198e-05
0.000100558
0.000184536
0.000314147
0.000731002
0.000715162
0.000639834
0.000544902
0.000504534
0.000515839
0.000497311
0.00039502
0.000244984
0.000123004
7.50198e-05
0.000100558
0.000184536
0.000314147
0.000731002
0.000715162
0.000639834
0.000544902
0.000504534
0.000515839
0.000497311
0.00039502
0.000244984
0.000123004
7.50198e-05
0.000100558
0.000184536
0.000314147
0.000731002
0.000715162
0.000639834
0.000544902
0.000504534
0.000515839
0.000497311
0.00039502
0.000244984
0.000123004
7.50198e-05
0.000100558
0.000184536
0.000314147
0.000731002
0.000715162
0.000639834
0.000544902
0.000504534
0.000515839
0.000497311
0.00039502
0.000244984
0.000123004
7.50198e-05
0.000100558
0.000184536
0.000314147
0.000731002
0.000715162
0.000639834
0.000544902
0.000504534
0.000515839
0.000497311
0.00039502
0.000244984
0.000123004
7.50198e-05
0.000100558
0.000184536
0.000314147
0.000731002
0.000715162
0.000639834
0.000544902
0.000504534
0.000515839
0.000497311
0.00039502
0.000244984
0.000123004
7.50198e-05
0.000100558
0.000184536
0.000314147
0.000731002
0.000715162
0.000639834
0.000544902
0.000504534
0.000515839
0.000497311
0.00039502
0.000244984
0.000123004
7.50198e-05
0.000100558
0.000184536
0.000314147
0.000731002
0.000715162
0.000639834
0.000544902
0.000504534
0.000515839
0.000497311
0.00039502
0.000244984
0.000123004
7.50198e-05
0.000100558
0.000184536
0.000314147
0.000731002
0.000715162
0.000639834
0.000544902
0.000504534
0.000515839
0.000497311
0.00039502
0.000244984
0.000123004
7.50198e-05
0.000100558
0.000184536
0.000314147
0.000731002
0.000715162
0.000639834
0.000544902
0.000504534
0.000515839
0.000497311
0.00039502
0.000244984
0.000123004
7.50198e-05
0.000100558
0.000184536
0.000314147
0.000731002
0.000715162
0.000639834
0.000544902
0.000504534
0.000515839
0.000497311
0.00039502
0.000244984
0.000123004
7.50198e-05
0.000100558
0.000184536
0.000314147
0.000731002
0.000715162
0.000639834
0.000544902
0.000504534
0.000515839
0.000497311
0.00039502
0.000244984
0.000123004
7.50198e-05
0.000100558
0.000184536
0.000314147
0.000731002
0.000715162
0.000639834
0.000544902
0.000504534
0.000515839
0.000497311
0.00039502
0.000244984
0.000123004
7.50198e-05
0.000100558
0.000184536
0.000314147
0.000731002
0.000715162
0.000639834
0.000544902
0.000504534
0.000515839
0.000497311
0.00039502
0.000244984
0.000123004
7.50198e-05
0.000100558
0.000184536
0.000314147
0.000731002
0.000715162
0.000639834
0.000544902
0.000504534
0.000515839
0.000497311
0.00039502
0.000244984
0.000123004
7.50198e-05
0.000100558
0.000184536
0.000314147
0.000731002
0.000715162
0.000639834
0.000544902
0.000504534
0.000515839
0.000497311
0.00039502
0.000244984
0.000123004
7.50198e-05
0.000100558
0.000184536
0.000314147
0.000731002
0.000715162
0.000639834
0.000544902
0.000504534
0.000515839
0.000497311
0.00039502
0.000244984
0.000123004
7.50198e-05
0.000100558
0.000184536
0.000314147
0.000731002
0.000715162
0.000639834
0.000544902
0.000504534
0.000515839
0.000497311
0.00039502
0.000244984
0.000123004
7.50198e-05
0.000100558
0.000184536
0.000314147
0.000731002
0.000715162
0.000639834
0.000544902
0.000504534
0.000515839
0.000497311
0.00039502
0.000244984
0.000123004
7.50198e-05
0.000100558
0.000184536
0.000314147
0.000731002
0.000715162
0.000639834
0.000544902
0.000504534
0.000515839
0.000497311
0.00039502
0.000244984
0.000123004
7.50198e-05
0.000100558
0.000184536
0.000314147
0.000731002
0.000715162
0.000639834
0.000544902
0.000504534
0.000515839
0.000497311
0.00039502
0.000244984
0.000123004
7.50198e-05
0.000100558
0.000184536
0.000314147
0.000731002
0.000715162
0.000639834
0.000544902
0.000504534
0.000515839
0.000497311
0.00039502
0.000244984
0.000123004
7.50198e-05
0.000100558
0.000184536
0.000314147
0.000731002
0.000715162
0.000639834
0.000544902
0.000504534
0.000515839
0.000497311
0.00039502
0.000244984
0.000123004
7.50198e-05
0.000100558
0.000184536
0.000314147
0.000731002
0.000715162
0.000639834
0.000544902
0.000504534
0.000515839
0.000497311
0.00039502
0.000244984
0.000123004
7.50198e-05
0.000100558
0.000184536
0.000314147
0.000731002
0.000715162
0.000639834
0.000544902
0.000504534
0.000515839
0.000497311
0.00039502
0.000244984
0.000123004
7.50198e-05
0.000100558
0.000184536
0.000314147
0.000731002
0.000715162
0.000639834
0.000544902
0.000504534
0.000515839
0.000497311
0.00039502
0.000244984
0.000123004
7.50198e-05
0.000100558
0.000184536
0.000314147
0.000731002
0.000715162
0.000639834
0.000544902
0.000504534
0.000515839
0.000497311
0.00039502
0.000244984
0.000123004
7.50198e-05
0.000100558
0.000184536
0.000314147
0.000731002
0.000715162
0.000639834
0.000544902
0.000504534
0.000515839
0.000497311
0.00039502
0.000244984
0.000123004
7.50198e-05
0.000100558
0.000184536
0.000314147
0.000731002
0.000715162
0.000639834
0.000544902
0.000504534
0.000515839
0.000497311
0.00039502
0.000244984
0.000123004
7.50198e-05
0.000100558
0.000184536
0.000314147
0.000731002
0.000715162
0.000639834
0.000544902
0.000504534
0.000515839
0.000497311
0.00039502
0.000244984
0.000123004
7.50198e-05
0.000100558
0.000184536
0.000314147
0.000731002
0.000715162
0.000639834
0.000544902
0.000504534
0.000515839
0.000497311
0.00039502
0.000244984
0.000123004
7.50198e-05
0.000100558
0.000184536
0.000314147
0.000731002
0.000715162
0.000639834
0.000544902
0.000504534
0.000515839
0.000497311
0.00039502
0.000244984
0.000123004
7.50198e-05
0.000100558
0.000184536
0.000314147
0.000731002
0.000715162
0.000639834
0.000544902
0.000504534
0.000515839
0.000497311
0.00039502
0.000244984
0.000123004
7.50198e-05
0.000100558
0.000184536
0.000314147
0.000731002
0.000715162
0.000639834
0.000544902
0.000504534
0.000515839
0.000497311
0.00039502
0.000244984
0.000123004
7.50198e-05
0.000100558
0.000184536
0.000314147
0.000731002
0.000715162
0.000639834
0.000544902
0.000504534
0.000515839
0.000497311
0.00039502
0.000244984
0.000123004
7.50198e-05
0.000100558
0.000184536
0.000314147
0.000731002
0.000715162
0.000639834
0.000544902
0.000504534
0.000515839
0.000497311
0.00039502
0.000244984
0.000123004
7.50198e-05
0.000100558
0.000184536
0.000314147
0.000731002
0.000715162
0.000639834
0.000544902
0.000504534
0.000515839
0.000497311
0.00039502
0.000244984
0.000123004
7.50198e-05
0.000100558
0.000184536
0.000314147
0.000731002
0.000715162
0.000639834
0.000544902
0.000504534
0.000515839
0.000497311
0.00039502
0.000244984
0.000123004
7.50198e-05
0.000100558
0.000184536
0.000314147
0.000731002
0.000715162
0.000639834
0.000544902
0.000504534
0.000515839
0.000497311
0.00039502
0.000244984
0.000123004
7.50198e-05
0.000100558
0.000184536
0.000314147
0.000731002
0.000715162
0.000639834
0.000544902
0.000504534
0.000515839
0.000497311
0.00039502
0.000244984
0.000123004
7.50198e-05
0.000100558
0.000184536
0.000314147
0.000731002
0.000715162
0.000639834
0.000544902
0.000504534
0.000515839
0.000497311
0.00039502
0.000244984
0.000123004
7.50198e-05
0.000100558
0.000184536
0.000314147
0.000731002
0.000715162
0.000639834
0.000544902
0.000504534
0.000515839
0.000497311
0.00039502
0.000244984
0.000123004
7.50198e-05
0.000100558
0.000184536
0.000314147
0.000487334
0.000476774
0.000426552
0.00036326
0.00033635
0.000343901
0.000331569
0.000263388
0.000163359
8.20172e-05
4.99928e-05
6.69717e-05
0.000122899
0.000209246
0.000487334
0.000475157
0.000414096
0.000332059
0.000307672
0.00037702
0.00047955
0.000482972
0.000293093
7.94103e-05
0.000103346
0.000189176
0.000171762
0.000358668
0.000487334
0.000475327
0.00041782
0.000343997
0.000310754
0.000317656
0.000310336
0.000255226
0.000166678
8.33315e-05
4.71145e-05
7.14282e-05
0.000128813
0.00019985
0.000487334
0.000475988
0.000421867
0.000352771
0.00032137
0.000326166
0.000313189
0.000249123
0.000156276
7.94194e-05
4.81694e-05
6.62188e-05
0.000122799
0.00020364
0.000487334
0.000476372
0.000424155
0.000357824
0.000328379
0.000334178
0.000321152
0.000254701
0.000158284
7.98052e-05
4.88168e-05
6.62844e-05
0.000122367
0.00020614
0.000487334
0.000476571
0.000425342
0.000360497
0.000332253
0.000338852
0.00032611
0.000258735
0.000160499
8.06868e-05
4.93129e-05
6.65571e-05
0.000122524
0.000207597
0.000487334
0.000476672
0.000425944
0.000361868
0.000334275
0.000341333
0.000328783
0.000260992
0.000161856
8.1297e-05
4.9627e-05
6.67459e-05
0.000122685
0.000208395
0.000487334
0.000476723
0.000426248
0.000362561
0.000335306
0.000342606
0.000330162
0.000262173
0.00016259
8.16435e-05
4.98031e-05
6.68541e-05
0.000122785
0.000208814
0.000487334
0.000476748
0.0004264
0.00036291
0.000335827
0.000343251
0.000330862
0.000262776
0.00016297
8.1827e-05
4.98962e-05
6.69117e-05
0.00012284
0.000209028
0.000487334
0.000476761
0.000426476
0.000363085
0.000336088
0.000343575
0.000331215
0.000263081
0.000163164
8.19212e-05
4.99441e-05
6.69414e-05
0.000122869
0.000209137
0.000487334
0.000476767
0.000426514
0.000363173
0.000336219
0.000343738
0.000331392
0.000263234
0.000163261
8.1969e-05
4.99683e-05
6.69565e-05
0.000122884
0.000209192
0.000487334
0.000476771
0.000426533
0.000363216
0.000336285
0.00034382
0.00033148
0.000263311
0.00016331
8.1993e-05
4.99805e-05
6.69641e-05
0.000122891
0.000209219
0.000487334
0.000476772
0.000426542
0.000363238
0.000336318
0.00034386
0.000331525
0.000263349
0.000163335
8.20051e-05
4.99866e-05
6.69679e-05
0.000122895
0.000209233
0.000487334
0.000476773
0.000426547
0.000363249
0.000336334
0.000343881
0.000331547
0.000263368
0.000163347
8.20111e-05
4.99897e-05
6.69698e-05
0.000122897
0.00020924
0.000487334
0.000476773
0.000426549
0.000363255
0.000336342
0.000343891
0.000331558
0.000263378
0.000163353
8.20142e-05
4.99912e-05
6.69708e-05
0.000122898
0.000209243
0.000487334
0.000476774
0.000426551
0.000363257
0.000336346
0.000343896
0.000331564
0.000263383
0.000163356
8.20157e-05
4.9992e-05
6.69713e-05
0.000122899
0.000209245
0.000487334
0.000476774
0.000426551
0.000363259
0.000336348
0.000343899
0.000331566
0.000263385
0.000163358
8.20164e-05
4.99924e-05
6.69715e-05
0.000122899
0.000209246
0.000487334
0.000476774
0.000426551
0.000363259
0.000336349
0.0003439
0.000331568
0.000263386
0.000163359
8.20168e-05
4.99926e-05
6.69716e-05
0.000122899
0.000209246
0.000487334
0.000476774
0.000426552
0.00036326
0.00033635
0.0003439
0.000331568
0.000263387
0.000163359
8.2017e-05
4.99927e-05
6.69717e-05
0.000122899
0.000209246
0.000487334
0.000476774
0.000426552
0.00036326
0.00033635
0.000343901
0.000331569
0.000263387
0.000163359
8.20171e-05
4.99927e-05
6.69717e-05
0.000122899
0.000209246
0.000487334
0.000476774
0.000426552
0.00036326
0.00033635
0.000343901
0.000331569
0.000263387
0.000163359
8.20171e-05
4.99928e-05
6.69717e-05
0.000122899
0.000209246
0.000487334
0.000476774
0.000426552
0.00036326
0.00033635
0.000343901
0.000331569
0.000263387
0.000163359
8.20172e-05
4.99928e-05
6.69717e-05
0.000122899
0.000209246
0.000487334
0.000476774
0.000426552
0.00036326
0.00033635
0.000343901
0.000331569
0.000263387
0.000163359
8.20172e-05
4.99928e-05
6.69717e-05
0.000122899
0.000209246
0.000487334
0.000476774
0.000426552
0.00036326
0.00033635
0.000343901
0.000331569
0.000263388
0.000163359
8.20172e-05
4.99928e-05
6.69717e-05
0.000122899
0.000209246
0.000487334
0.000476774
0.000426552
0.00036326
0.00033635
0.000343901
0.000331569
0.000263388
0.000163359
8.20172e-05
4.99928e-05
6.69717e-05
0.000122899
0.000209246
0.000487334
0.000476774
0.000426552
0.00036326
0.00033635
0.000343901
0.000331569
0.000263388
0.000163359
8.20172e-05
4.99928e-05
6.69717e-05
0.000122899
0.000209246
0.000487334
0.000476774
0.000426552
0.00036326
0.00033635
0.000343901
0.000331569
0.000263388
0.000163359
8.20172e-05
4.99928e-05
6.69717e-05
0.000122899
0.000209246
0.000487334
0.000476774
0.000426552
0.00036326
0.00033635
0.000343901
0.000331569
0.000263388
0.000163359
8.20172e-05
4.99928e-05
6.69717e-05
0.000122899
0.000209246
0.000487334
0.000476774
0.000426552
0.00036326
0.00033635
0.000343901
0.000331569
0.000263388
0.000163359
8.20172e-05
4.99928e-05
6.69717e-05
0.000122899
0.000209246
0.000487334
0.000476774
0.000426552
0.00036326
0.00033635
0.000343901
0.000331569
0.000263388
0.000163359
8.20172e-05
4.99928e-05
6.69717e-05
0.000122899
0.000209246
0.000487334
0.000476774
0.000426552
0.00036326
0.00033635
0.000343901
0.000331569
0.000263388
0.000163359
8.20172e-05
4.99928e-05
6.69717e-05
0.000122899
0.000209246
0.000487334
0.000476774
0.000426552
0.00036326
0.00033635
0.000343901
0.000331569
0.000263388
0.000163359
8.20172e-05
4.99928e-05
6.69717e-05
0.000122899
0.000209246
0.000487334
0.000476774
0.000426552
0.00036326
0.00033635
0.000343901
0.000331569
0.000263388
0.000163359
8.20172e-05
4.99928e-05
6.69717e-05
0.000122899
0.000209246
0.000487334
0.000476774
0.000426552
0.00036326
0.00033635
0.000343901
0.000331569
0.000263388
0.000163359
8.20172e-05
4.99928e-05
6.69717e-05
0.000122899
0.000209246
0.000487334
0.000476774
0.000426552
0.00036326
0.00033635
0.000343901
0.000331569
0.000263388
0.000163359
8.20172e-05
4.99928e-05
6.69717e-05
0.000122899
0.000209246
0.000487334
0.000476774
0.000426552
0.00036326
0.00033635
0.000343901
0.000331569
0.000263388
0.000163359
8.20172e-05
4.99928e-05
6.69717e-05
0.000122899
0.000209246
0.000487334
0.000476774
0.000426552
0.00036326
0.00033635
0.000343901
0.000331569
0.000263388
0.000163359
8.20172e-05
4.99928e-05
6.69717e-05
0.000122899
0.000209246
0.000487334
0.000476774
0.000426552
0.00036326
0.00033635
0.000343901
0.000331569
0.000263388
0.000163359
8.20172e-05
4.99928e-05
6.69717e-05
0.000122899
0.000209246
0.000487334
0.000476774
0.000426552
0.00036326
0.00033635
0.000343901
0.000331569
0.000263388
0.000163359
8.20172e-05
4.99928e-05
6.69717e-05
0.000122899
0.000209246
0.000487334
0.000476774
0.000426552
0.00036326
0.00033635
0.000343901
0.000331569
0.000263388
0.000163359
8.20172e-05
4.99928e-05
6.69717e-05
0.000122899
0.000209246
0.000487334
0.000476774
0.000426552
0.00036326
0.00033635
0.000343901
0.000331569
0.000263388
0.000163359
8.20172e-05
4.99928e-05
6.69717e-05
0.000122899
0.000209246
0.000487334
0.000476774
0.000426552
0.00036326
0.00033635
0.000343901
0.000331569
0.000263388
0.000163359
8.20172e-05
4.99928e-05
6.69717e-05
0.000122899
0.000209246
0.000487334
0.000476774
0.000426552
0.00036326
0.00033635
0.000343901
0.000331569
0.000263388
0.000163359
8.20172e-05
4.99928e-05
6.69717e-05
0.000122899
0.000209246
0.000487334
0.000476774
0.000426552
0.00036326
0.00033635
0.000343901
0.000331569
0.000263388
0.000163359
8.20172e-05
4.99928e-05
6.69717e-05
0.000122899
0.000209246
0.000487334
0.000476774
0.000426552
0.00036326
0.00033635
0.000343901
0.000331569
0.000263388
0.000163359
8.20172e-05
4.99928e-05
6.69717e-05
0.000122899
0.000209246
0.000487334
0.000476774
0.000426552
0.00036326
0.00033635
0.000343901
0.000331569
0.000263388
0.000163359
8.20172e-05
4.99928e-05
6.69717e-05
0.000122899
0.000209246
0.000487334
0.000476774
0.000426552
0.00036326
0.00033635
0.000343901
0.000331569
0.000263388
0.000163359
8.20172e-05
4.99928e-05
6.69717e-05
0.000122899
0.000209246
0.000487334
0.000476774
0.000426552
0.00036326
0.00033635
0.000343901
0.000331569
0.000263388
0.000163359
8.20172e-05
4.99928e-05
6.69717e-05
0.000122899
0.000209246
0.000487334
0.000476774
0.000426552
0.00036326
0.00033635
0.000343901
0.000331569
0.000263388
0.000163359
8.20172e-05
4.99928e-05
6.69717e-05
0.000122899
0.000209246
0.000487334
0.000476774
0.000426552
0.00036326
0.00033635
0.000343901
0.000331569
0.000263388
0.000163359
8.20172e-05
4.99928e-05
6.69717e-05
0.000122899
0.000209246
0.000487334
0.000476774
0.000426552
0.00036326
0.00033635
0.000343901
0.000331569
0.000263388
0.000163359
8.20172e-05
4.99928e-05
6.69717e-05
0.000122899
0.000209246
0.000487334
0.000476774
0.000426552
0.00036326
0.00033635
0.000343901
0.000331569
0.000263388
0.000163359
8.20172e-05
4.99928e-05
6.69717e-05
0.000122899
0.000209246
0.000487334
0.000476774
0.000426552
0.00036326
0.00033635
0.000343901
0.000331569
0.000263388
0.000163359
8.20172e-05
4.99928e-05
6.69717e-05
0.000122899
0.000209246
0.000487334
0.000476774
0.000426552
0.00036326
0.00033635
0.000343901
0.000331569
0.000263388
0.000163359
8.20172e-05
4.99928e-05
6.69717e-05
0.000122899
0.000209246
0.000487334
0.000476774
0.000426552
0.00036326
0.00033635
0.000343901
0.000331569
0.000263388
0.000163359
8.20172e-05
4.99928e-05
6.69717e-05
0.000122899
0.000209246
0.000487334
0.000476774
0.000426552
0.00036326
0.00033635
0.000343901
0.000331569
0.000263388
0.000163359
8.20172e-05
4.99928e-05
6.69717e-05
0.000122899
0.000209246
0.000487334
0.000476774
0.000426552
0.00036326
0.00033635
0.000343901
0.000331569
0.000263388
0.000163359
8.20172e-05
4.99928e-05
6.69717e-05
0.000122899
0.000209246
0.000487334
0.000476774
0.000426552
0.00036326
0.00033635
0.000343901
0.000331569
0.000263388
0.000163359
8.20172e-05
4.99928e-05
6.69717e-05
0.000122899
0.000209246
0.000487334
0.000476774
0.000426552
0.00036326
0.00033635
0.000343901
0.000331569
0.000263388
0.000163359
8.20172e-05
4.99928e-05
6.69717e-05
0.000122899
0.000209246
0.000487334
0.000476774
0.000426552
0.00036326
0.00033635
0.000343901
0.000331569
0.000263388
0.000163359
8.20172e-05
4.99928e-05
6.69717e-05
0.000122899
0.000209246
0.000487334
0.000476774
0.000426552
0.00036326
0.00033635
0.000343901
0.000331569
0.000263388
0.000163359
8.20172e-05
4.99928e-05
6.69717e-05
0.000122899
0.000209246
0.000487334
0.000476774
0.000426552
0.00036326
0.00033635
0.000343901
0.000331569
0.000263388
0.000163359
8.20172e-05
4.99928e-05
6.69717e-05
0.000122899
0.000209246
0.000487334
0.000476774
0.000426552
0.00036326
0.00033635
0.000343901
0.000331569
0.000263388
0.000163359
8.20172e-05
4.99928e-05
6.69717e-05
0.000122899
0.000209246
0.000487334
0.000476774
0.000426552
0.00036326
0.00033635
0.000343901
0.000331569
0.000263388
0.000163359
8.20172e-05
4.99928e-05
6.69717e-05
0.000122899
0.000209246
0.000487334
0.000476774
0.000426552
0.00036326
0.00033635
0.000343901
0.000331569
0.000263388
0.000163359
8.20172e-05
4.99928e-05
6.69717e-05
0.000122899
0.000209246
0.000487334
0.000476774
0.000426552
0.00036326
0.00033635
0.000343901
0.000331569
0.000263388
0.000163359
8.20172e-05
4.99928e-05
6.69717e-05
0.000122899
0.000209246
0.000487334
0.000476774
0.000426552
0.00036326
0.00033635
0.000343901
0.000331569
0.000263388
0.000163359
8.20172e-05
4.99928e-05
6.69717e-05
0.000122899
0.000209246
0.000487334
0.000476774
0.000426552
0.00036326
0.00033635
0.000343901
0.000331569
0.000263388
0.000163359
8.20172e-05
4.99928e-05
6.69717e-05
0.000122899
0.000209246
0.000487334
0.000476774
0.000426552
0.00036326
0.00033635
0.000343901
0.000331569
0.000263388
0.000163359
8.20172e-05
4.99928e-05
6.69717e-05
0.000122899
0.000209246
0.000487334
0.000476774
0.000426552
0.00036326
0.00033635
0.000343901
0.000331569
0.000263388
0.000163359
8.20172e-05
4.99928e-05
6.69717e-05
0.000122899
0.000209246
0.000487334
0.000476774
0.000426552
0.00036326
0.00033635
0.000343901
0.000331569
0.000263388
0.000163359
8.20172e-05
4.99928e-05
6.69717e-05
0.000122899
0.000209246
0.000487334
0.000476774
0.000426552
0.00036326
0.00033635
0.000343901
0.000331569
0.000263388
0.000163359
8.20172e-05
4.99928e-05
6.69717e-05
0.000122899
0.000209246
0.000487334
0.000476774
0.000426552
0.00036326
0.00033635
0.000343901
0.000331569
0.000263388
0.000163359
8.20172e-05
4.99928e-05
6.69717e-05
0.000122899
0.000209246
0.000487334
0.000476774
0.000426552
0.00036326
0.00033635
0.000343901
0.000331569
0.000263388
0.000163359
8.20172e-05
4.99928e-05
6.69717e-05
0.000122899
0.000209246
0.000487334
0.000476774
0.000426552
0.00036326
0.00033635
0.000343901
0.000331569
0.000263388
0.000163359
8.20172e-05
4.99928e-05
6.69717e-05
0.000122899
0.000209246
0.000487334
0.000476774
0.000426552
0.00036326
0.00033635
0.000343901
0.000331569
0.000263388
0.000163359
8.20172e-05
4.99928e-05
6.69717e-05
0.000122899
0.000209246
0.000487334
0.000476774
0.000426552
0.00036326
0.00033635
0.000343901
0.000331569
0.000263388
0.000163359
8.20172e-05
4.99928e-05
6.69717e-05
0.000122899
0.000209246
0.000487334
0.000476774
0.000426552
0.00036326
0.00033635
0.000343901
0.000331569
0.000263388
0.000163359
8.20172e-05
4.99928e-05
6.69717e-05
0.000122899
0.000209246
0.000487334
0.000476774
0.000426552
0.00036326
0.00033635
0.000343901
0.000331569
0.000263388
0.000163359
8.20172e-05
4.99928e-05
6.69717e-05
0.000122899
0.000209246
0.000487334
0.000476774
0.000426552
0.00036326
0.00033635
0.000343901
0.000331569
0.000263388
0.000163359
8.20172e-05
4.99928e-05
6.69717e-05
0.000122899
0.000209246
0.000487334
0.000476774
0.000426552
0.00036326
0.00033635
0.000343901
0.000331569
0.000263388
0.000163359
8.20172e-05
4.99928e-05
6.69717e-05
0.000122899
0.000209246
0.000487334
0.000476774
0.000426552
0.00036326
0.00033635
0.000343901
0.000331569
0.000263388
0.000163359
8.20172e-05
4.99928e-05
6.69717e-05
0.000122899
0.000209246
0.000487334
0.000476774
0.000426552
0.00036326
0.00033635
0.000343901
0.000331569
0.000263388
0.000163359
8.20172e-05
4.99928e-05
6.69717e-05
0.000122899
0.000209246
0.000487334
0.000476774
0.000426552
0.00036326
0.00033635
0.000343901
0.000331569
0.000263388
0.000163359
8.20172e-05
4.99928e-05
6.69717e-05
0.000122899
0.000209246
0.000487334
0.000476774
0.000426552
0.00036326
0.00033635
0.000343901
0.000331569
0.000263388
0.000163359
8.20172e-05
4.99928e-05
6.69717e-05
0.000122899
0.000209246
0.000487334
0.000476774
0.000426552
0.00036326
0.00033635
0.000343901
0.000331569
0.000263388
0.000163359
8.20172e-05
4.99928e-05
6.69717e-05
0.000122899
0.000209246
0.000487334
0.000476774
0.000426552
0.00036326
0.00033635
0.000343901
0.000331569
0.000263388
0.000163359
8.20172e-05
4.99928e-05
6.69717e-05
0.000122899
0.000209246
0.000487334
0.000476774
0.000426552
0.00036326
0.00033635
0.000343901
0.000331569
0.000263388
0.000163359
8.20172e-05
4.99928e-05
6.69717e-05
0.000122899
0.000209246
0.000487334
0.000476774
0.000426552
0.00036326
0.00033635
0.000343901
0.000331569
0.000263388
0.000163359
8.20172e-05
4.99928e-05
6.69717e-05
0.000122899
0.000209246
0.000487334
0.000476774
0.000426552
0.00036326
0.00033635
0.000343901
0.000331569
0.000263388
0.000163359
8.20172e-05
4.99928e-05
6.69717e-05
0.000122899
0.000209246
0.000487334
0.000476774
0.000426552
0.00036326
0.00033635
0.000343901
0.000331569
0.000263388
0.000163359
8.20172e-05
4.99928e-05
6.69717e-05
0.000122899
0.000209246
0.000487334
0.000476774
0.000426552
0.00036326
0.00033635
0.000343901
0.000331569
0.000263388
0.000163359
8.20172e-05
4.99928e-05
6.69717e-05
0.000122899
0.000209246
0.000487334
0.000476774
0.000426552
0.00036326
0.00033635
0.000343901
0.000331569
0.000263388
0.000163359
8.20172e-05
4.99928e-05
6.69717e-05
0.000122899
0.000209246
0.000487334
0.000476774
0.000426552
0.00036326
0.00033635
0.000343901
0.000331569
0.000263388
0.000163359
8.20172e-05
4.99928e-05
6.69717e-05
0.000122899
0.000209246
0.000487334
0.000476774
0.000426552
0.00036326
0.00033635
0.000343901
0.000331569
0.000263388
0.000163359
8.20172e-05
4.99928e-05
6.69717e-05
0.000122899
0.000209246
0.000487334
0.000476774
0.000426552
0.00036326
0.00033635
0.000343901
0.000331569
0.000263388
0.000163359
8.20172e-05
4.99928e-05
6.69717e-05
0.000122899
0.000209246
0.000487334
0.000476774
0.000426552
0.00036326
0.00033635
0.000343901
0.000331569
0.000263388
0.000163359
8.20172e-05
4.99928e-05
6.69717e-05
0.000122899
0.000209246
0.000487334
0.000476774
0.000426552
0.00036326
0.00033635
0.000343901
0.000331569
0.000263388
0.000163359
8.20172e-05
4.99928e-05
6.69717e-05
0.000122899
0.000209246
0.000487334
0.000476774
0.000426552
0.00036326
0.00033635
0.000343901
0.000331569
0.000263388
0.000163359
8.20172e-05
4.99928e-05
6.69717e-05
0.000122899
0.000209246
0.000487334
0.000476774
0.000426552
0.00036326
0.00033635
0.000343901
0.000331569
0.000263388
0.000163359
8.20172e-05
4.99928e-05
6.69717e-05
0.000122899
0.000209246
0.000487334
0.000476774
0.000426552
0.00036326
0.00033635
0.000343901
0.000331569
0.000263388
0.000163359
8.20172e-05
4.99928e-05
6.69717e-05
0.000122899
0.000209246
0.000487334
0.000476774
0.000426552
0.00036326
0.00033635
0.000343901
0.000331569
0.000263388
0.000163359
8.20172e-05
4.99928e-05
6.69717e-05
0.000122899
0.000209246
0.000487334
0.000476774
0.000426552
0.00036326
0.00033635
0.000343901
0.000331569
0.000263388
0.000163359
8.20172e-05
4.99928e-05
6.69717e-05
0.000122899
0.000209246
0.000487334
0.000476774
0.000426552
0.00036326
0.00033635
0.000343901
0.000331569
0.000263388
0.000163359
8.20172e-05
4.99928e-05
6.69717e-05
0.000122899
0.000209246
0.000487334
0.000476774
0.000426552
0.00036326
0.00033635
0.000343901
0.000331569
0.000263388
0.000163359
8.20172e-05
4.99928e-05
6.69717e-05
0.000122899
0.000209246
0.000487334
0.000476774
0.000426552
0.00036326
0.00033635
0.000343901
0.000331569
0.000263388
0.000163359
8.20172e-05
4.99928e-05
6.69717e-05
0.000122899
0.000209246
0.000487334
0.000476774
0.000426552
0.00036326
0.00033635
0.000343901
0.000331569
0.000263388
0.000163359
8.20172e-05
4.99928e-05
6.69717e-05
0.000122899
0.000209246
0.000487334
0.000476774
0.000426552
0.00036326
0.00033635
0.000343901
0.000331569
0.000263388
0.000163359
8.20172e-05
4.99928e-05
6.69717e-05
0.000122899
0.000209246
0.000487334
0.000476774
0.000426552
0.00036326
0.00033635
0.000343901
0.000331569
0.000263388
0.000163359
8.20172e-05
4.99928e-05
6.69717e-05
0.000122899
0.000209246
0.000487334
0.000476774
0.000426552
0.00036326
0.00033635
0.000343901
0.000331569
0.000263388
0.000163359
8.20172e-05
4.99928e-05
6.69717e-05
0.000122899
0.000209246
0.000487334
0.000476774
0.000426552
0.00036326
0.00033635
0.000343901
0.000331569
0.000263388
0.000163359
8.20172e-05
4.99928e-05
6.69717e-05
0.000122899
0.000209246
0.000487334
0.000476774
0.000426552
0.00036326
0.00033635
0.000343901
0.000331569
0.000263388
0.000163359
8.20172e-05
4.99928e-05
6.69717e-05
0.000122899
0.000209246
0.000487334
0.000476774
0.000426552
0.00036326
0.00033635
0.000343901
0.000331569
0.000263388
0.000163359
8.20172e-05
4.99928e-05
6.69717e-05
0.000122899
0.000209246
0.000487334
0.000476774
0.000426552
0.00036326
0.00033635
0.000343901
0.000331569
0.000263388
0.000163359
8.20172e-05
4.99928e-05
6.69717e-05
0.000122899
0.000209246
0.000487334
0.000476774
0.000426552
0.00036326
0.00033635
0.000343901
0.000331569
0.000263388
0.000163359
8.20172e-05
4.99928e-05
6.69717e-05
0.000122899
0.000209246
0.000487334
0.000476774
0.000426552
0.00036326
0.00033635
0.000343901
0.000331569
0.000263388
0.000163359
8.20172e-05
4.99928e-05
6.69717e-05
0.000122899
0.000209246
0.000487334
0.000476774
0.000426552
0.00036326
0.00033635
0.000343901
0.000331569
0.000263388
0.000163359
8.20172e-05
4.99928e-05
6.69717e-05
0.000122899
0.000209246
0.000487334
0.000476774
0.000426552
0.00036326
0.00033635
0.000343901
0.000331569
0.000263388
0.000163359
8.20172e-05
4.99928e-05
6.69717e-05
0.000122899
0.000209246
0.000487334
0.000476774
0.000426552
0.00036326
0.00033635
0.000343901
0.000331569
0.000263388
0.000163359
8.20172e-05
4.99928e-05
6.69717e-05
0.000122899
0.000209246
0.000487334
0.000476774
0.000426552
0.00036326
0.00033635
0.000343901
0.000331569
0.000263388
0.000163359
8.20172e-05
4.99928e-05
6.69717e-05
0.000122899
0.000209246
0.000487334
0.000476774
0.000426552
0.00036326
0.00033635
0.000343901
0.000331569
0.000263388
0.000163359
8.20172e-05
4.99928e-05
6.69717e-05
0.000122899
0.000209246
