0.00143804
0.00142125
0.00132517
0.00108767
0.000625843
0
0.00049788
0.000672431
0.000551111
0.000273898
0
0.000171587
0.000223188
0.000180846
0.00143804
0.00140322
0.00105363
0.000120971
0.00261699
0.0062952
0.00973106
0.0109257
0.00847842
0.00240756
0.00491713
0.00877002
0.00471835
0.0070549
0.00143804
0.00137979
0.00104383
0.000284465
0.000976058
0.00255602
0.00389351
0.00443373
0.00389767
0.00235597
0.000319138
0.00125427
0.00123725
0.00111047
0.00143804
0.00139691
0.00116792
0.000662286
0.000174954
0.0012073
0.00203311
0.00234499
0.00208158
0.00136791
0.000474808
0.000231006
0.000355354
0.000398809
0.00143804
0.00140851
0.00124393
0.000871261
0.000225803
0.000591059
0.00123593
0.00146906
0.00128575
0.000823645
0.000288856
0.000112375
0.000207515
0.000120026
0.00143804
0.00141477
0.00128405
0.000978761
0.00042597
0.000292837
0.000860581
0.00106211
0.000911448
0.000548653
0.000154752
0.000123013
0.000196719
2.57615e-05
0.00143804
0.00141799
0.0013045
0.00103306
0.000525951
0.000145793
0.000677768
0.000865253
0.000729615
0.000411169
7.96841e-05
0.000142926
0.000205526
0.000101978
0.00143804
0.00141962
0.00131481
0.00106033
0.000575909
7.27459e-05
0.000587472
0.000768355
0.000639957
0.000342499
4.03875e-05
0.000156207
0.000213279
0.000141064
0.00143804
0.00142043
0.00131998
0.00107399
0.000600879
3.63359e-05
0.00054259
0.000720273
0.000595434
0.000308189
2.03263e-05
0.00016364
0.000217968
0.000160866
0.00143804
0.00142084
0.00132258
0.00108083
0.000613362
1.81588e-05
0.000520214
0.000696322
0.000573247
0.000291041
1.01958e-05
0.00016755
0.000220512
0.000170834
0.00143804
0.00142105
0.00132387
0.00108425
0.000619602
9.07711e-06
0.000509042
0.000684369
0.000562173
0.000282469
5.10603e-06
0.000169552
0.000221834
0.000175834
0.00143804
0.00142115
0.00132452
0.00108596
0.000622722
4.53799e-06
0.00050346
0.000678398
0.00055664
0.000278183
2.55504e-06
0.000170566
0.000222507
0.000178339
0.00143804
0.0014212
0.00132485
0.00108682
0.000624283
2.26885e-06
0.00050067
0.000675414
0.000553875
0.000276041
1.27802e-06
0.000171075
0.000222847
0.000179592
0.00143804
0.00142123
0.00132501
0.00108724
0.000625063
1.13439e-06
0.000499275
0.000673922
0.000552493
0.00027497
6.39137e-07
0.000171331
0.000223017
0.000180219
0.00143804
0.00142124
0.00132509
0.00108746
0.000625453
5.67186e-07
0.000498578
0.000673176
0.000551802
0.000274434
3.196e-07
0.000171459
0.000223103
0.000180533
0.00143804
0.00142125
0.00132513
0.00108756
0.000625648
2.83591e-07
0.000498229
0.000672803
0.000551456
0.000274166
1.59808e-07
0.000171523
0.000223146
0.00018069
0.00143804
0.00142125
0.00132515
0.00108762
0.000625745
1.41795e-07
0.000498055
0.000672617
0.000551283
0.000274032
0
0.000171555
0.000223167
0.000180768
0.00143804
0.00142125
0.00132516
0.00108764
0.000625794
0
0.000497968
0.000672524
0.000551197
0.000273965
0
0.000171571
0.000223178
0.000180807
0.00143804
0.00142125
0.00132517
0.00108766
0.000625818
0
0.000497924
0.000672477
0.000551154
0.000273932
0
0.000171579
0.000223183
0.000180827
0.00143804
0.00142125
0.00132517
0.00108766
0.00062583
0
0.000497902
0.000672454
0.000551132
0.000273915
0
0.000171583
0.000223186
0.000180837
0.00143804
0.00142125
0.00132517
0.00108767
0.000625836
0
0.000497891
0.000672442
0.000551121
0.000273907
0
0.000171585
0.000223187
0.000180842
0.00143804
0.00142125
0.00132517
0.00108767
0.00062584
0
0.000497886
0.000672436
0.000551116
0.000273902
0
0.000171586
0.000223188
0.000180844
0.00143804
0.00142125
0.00132517
0.00108767
0.000625841
0
0.000497883
0.000672434
0.000551113
0.0002739
0
0.000171586
0.000223188
0.000180845
0.00143804
0.00142125
0.00132517
0.00108767
0.000625842
0
0.000497882
0.000672432
0.000551112
0.000273899
0
0.000171587
0.000223188
0.000180846
0.00143804
0.00142125
0.00132517
0.00108767
0.000625842
0
0.000497881
0.000672431
0.000551111
0.000273899
0
0.000171587
0.000223188
0.000180846
0.00143804
0.00142125
0.00132517
0.00108767
0.000625842
0
0.000497881
0.000672431
0.000551111
0.000273899
0
0.000171587
0.000223188
0.000180846
0.00143804
0.00142125
0.00132517
0.00108767
0.000625842
0
0.000497881
0.000672431
0.000551111
0.000273898
0
0.000171587
0.000223188
0.000180846
0.00143804
0.00142125
0.00132517
0.00108767
0.000625843
0
0.00049788
0.000672431
0.000551111
0.000273898
0
0.000171587
0.000223188
0.000180846
0.00143804
0.00142125
0.00132517
0.00108767
0.000625843
0
0.00049788
0.000672431
0.000551111
0.000273898
0
0.000171587
0.000223188
0.000180846
0.00143804
0.00142125
0.00132517
0.00108767
0.000625843
0
0.00049788
0.000672431
0.000551111
0.000273898
0
0.000171587
0.000223188
0.000180846
0.00143804
0.00142125
0.00132517
0.00108767
0.000625843
0
0.00049788
0.000672431
0.000551111
0.000273898
0
0.000171587
0.000223188
0.000180846
0.00143804
0.00142125
0.00132517
0.00108767
0.000625843
0
0.00049788
0.000672431
0.000551111
0.000273898
0
0.000171587
0.000223188
0.000180846
0.00143804
0.00142125
0.00132517
0.00108767
0.000625843
0
0.00049788
0.000672431
0.000551111
0.000273898
0
0.000171587
0.000223188
0.000180846
0.00143804
0.00142125
0.00132517
0.00108767
0.000625843
0
0.00049788
0.000672431
0.000551111
0.000273898
0
0.000171587
0.000223188
0.000180846
0.00143804
0.00142125
0.00132517
0.00108767
0.000625843
0
0.00049788
0.000672431
0.000551111
0.000273898
0
0.000171587
0.000223188
0.000180846
0.00143804
0.00142125
0.00132517
0.00108767
0.000625843
0
0.00049788
0.000672431
0.000551111
0.000273898
0
0.000171587
0.000223188
0.000180846
0.00143804
0.00142125
0.00132517
0.00108767
0.000625843
0
0.00049788
0.000672431
0.000551111
0.000273898
0
0.000171587
0.000223188
0.000180846
0.00143804
0.00142125
0.00132517
0.00108767
0.000625843
0
0.00049788
0.000672431
0.000551111
0.000273898
0
0.000171587
0.000223188
0.000180846
0.00143804
0.00142125
0.00132517
0.00108767
0.000625843
0
0.00049788
0.000672431
0.000551111
0.000273898
0
0.000171587
0.000223188
0.000180846
0.00143804
0.00142125
0.00132517
0.00108767
0.000625843
0
0.00049788
0.000672431
0.000551111
0.000273898
0
0.000171587
0.000223188
0.000180846
0.00143804
0.00142125
0.00132517
0.00108767
0.000625843
0
0.00049788
0.000672431
0.000551111
0.000273898
0
0.000171587
0.000223188
0.000180846
0.00143804
0.00142125
0.00132517
0.00108767
0.000625843
0
0.00049788
0.000672431
0.000551111
0.000273898
0
0.000171587
0.000223188
0.000180846
0.00143804
0.00142125
0.00132517
0.00108767
0.000625843
0
0.00049788
0.000672431
0.000551111
0.000273898
0
0.000171587
0.000223188
0.000180846
0.00143804
0.00142125
0.00132517
0.00108767
0.000625843
0
0.00049788
0.000672431
0.000551111
0.000273898
0
0.000171587
0.000223188
0.000180846
0.00143804
0.00142125
0.00132517
0.00108767
0.000625843
0
0.00049788
0.000672431
0.000551111
0.000273898
0
0.000171587
0.000223188
0.000180846
0.00143804
0.00142125
0.00132517
0.00108767
0.000625843
0
0.00049788
0.000672431
0.000551111
0.000273898
0
0.000171587
0.000223188
0.000180846
0.00143804
0.00142125
0.00132517
0.00108767
0.000625843
0
0.00049788
0.000672431
0.000551111
0.000273898
0
0.000171587
0.000223188
0.000180846
0.00143804
0.00142125
0.00132517
0.00108767
0.000625843
0
0.00049788
0.000672431
0.000551111
0.000273898
0
0.000171587
0.000223188
0.000180846
0.00143804
0.00142125
0.00132517
0.00108767
0.000625843
0
0.00049788
0.000672431
0.000551111
0.000273898
0
0.000171587
0.000223188
0.000180846
0.00143804
0.00142125
0.00132517
0.00108767
0.000625843
0
0.00049788
0.000672431
0.000551111
0.000273898
0
0.000171587
0.000223188
0.000180846
0.00143804
0.00142125
0.00132517
0.00108767
0.000625843
0
0.00049788
0.000672431
0.000551111
0.000273898
0
0.000171587
0.000223188
0.000180846
0.00143804
0.00142125
0.00132517
0.00108767
0.000625843
0
0.00049788
0.000672431
0.000551111
0.000273898
0
0.000171587
0.000223188
0.000180846
0.00143804
0.00142125
0.00132517
0.00108767
0.000625843
0
0.00049788
0.000672431
0.000551111
0.000273898
0
0.000171587
0.000223188
0.000180846
0.00143804
0.00142125
0.00132517
0.00108767
0.000625843
0
0.00049788
0.000672431
0.000551111
0.000273898
0
0.000171587
0.000223188
0.000180846
0.00143804
0.00142125
0.00132517
0.00108767
0.000625843
0
0.00049788
0.000672431
0.000551111
0.000273898
0
0.000171587
0.000223188
0.000180846
0.00143804
0.00142125
0.00132517
0.00108767
0.000625843
0
0.00049788
0.000672431
0.000551111
0.000273898
0
0.000171587
0.000223188
0.000180846
0.00143804
0.00142125
0.00132517
0.00108767
0.000625843
0
0.00049788
0.000672431
0.000551111
0.000273898
0
0.000171587
0.000223188
0.000180846
0.00143804
0.00142125
0.00132517
0.00108767
0.000625843
0
0.00049788
0.000672431
0.000551111
0.000273898
0
0.000171587
0.000223188
0.000180846
0.00143804
0.00142125
0.00132517
0.00108767
0.000625843
0
0.00049788
0.000672431
0.000551111
0.000273898
0
0.000171587
0.000223188
0.000180846
0.00143804
0.00142125
0.00132517
0.00108767
0.000625843
0
0.00049788
0.000672431
0.000551111
0.000273898
0
0.000171587
0.000223188
0.000180846
0.00143804
0.00142125
0.00132517
0.00108767
0.000625843
0
0.00049788
0.000672431
0.000551111
0.000273898
0
0.000171587
0.000223188
0.000180846
0.00143804
0.00142125
0.00132517
0.00108767
0.000625843
0
0.00049788
0.000672431
0.000551111
0.000273898
0
0.000171587
0.000223188
0.000180846
0.00143804
0.00142125
0.00132517
0.00108767
0.000625843
0
0.00049788
0.000672431
0.000551111
0.000273898
0
0.000171587
0.000223188
0.000180846
0.00143804
0.00142125
0.00132517
0.00108767
0.000625843
0
0.00049788
0.000672431
0.000551111
0.000273898
0
0.000171587
0.000223188
0.000180846
0.00143804
0.00142125
0.00132517
0.00108767
0.000625843
0
0.00049788
0.000672431
0.000551111
0.000273898
0
0.000171587
0.000223188
0.000180846
0.00143804
0.00142125
0.00132517
0.00108767
0.000625843
0
0.00049788
0.000672431
0.000551111
0.000273898
0
0.000171587
0.000223188
0.000180846
0.00143804
0.00142125
0.00132517
0.00108767
0.000625843
0
0.00049788
0.000672431
0.000551111
0.000273898
0
0.000171587
0.000223188
0.000180846
0.00143804
0.00142125
0.00132517
0.00108767
0.000625843
0
0.00049788
0.000672431
0.000551111
0.000273898
0
0.000171587
0.000223188
0.000180846
0.00143804
0.00142125
0.00132517
0.00108767
0.000625843
0
0.00049788
0.000672431
0.000551111
0.000273898
0
0.000171587
0.000223188
0.000180846
0.00143804
0.00142125
0.00132517
0.00108767
0.000625843
0
0.00049788
0.000672431
0.000551111
0.000273898
0
0.000171587
0.000223188
0.000180846
0.00143804
0.00142125
0.00132517
0.00108767
0.000625843
0
0.00049788
0.000672431
0.000551111
0.000273898
0
0.000171587
0.000223188
0.000180846
0.00143804
0.00142125
0.00132517
0.00108767
0.000625843
0
0.00049788
0.000672431
0.000551111
0.000273898
0
0.000171587
0.000223188
0.000180846
0.00143804
0.00142125
0.00132517
0.00108767
0.000625843
0
0.00049788
0.000672431
0.000551111
0.000273898
0
0.000171587
0.000223188
0.000180846
0.00143804
0.00142125
0.00132517
0.00108767
0.000625843
0
0.00049788
0.000672431
0.000551111
0.000273898
0
0.000171587
0.000223188
0.000180846
0.00143804
0.00142125
0.00132517
0.00108767
0.000625843
0
0.00049788
0.000672431
0.000551111
0.000273898
0
0.000171587
0.000223188
0.000180846
0.00143804
0.00142125
0.00132517
0.00108767
0.000625843
0
0.00049788
0.000672431
0.000551111
0.000273898
0
0.000171587
0.000223188
0.000180846
0.00143804
0.00142125
0.00132517
0.00108767
0.000625843
0
0.00049788
0.000672431
0.000551111
0.000273898
0
0.000171587
0.000223188
0.000180846
0.00143804
0.00142125
0.00132517
0.00108767
0.000625843
0
0.00049788
0.000672431
0.000551111
0.000273898
0
0.000171587
0.000223188
0.000180846
0.00143804
0.00142125
0.00132517
0.00108767
0.000625843
0
0.00049788
0.000672431
0.000551111
0.000273898
0
0.000171587
0.000223188
0.000180846
0.00143804
0.00142125
0.00132517
0.00108767
0.000625843
0
0.00049788
0.000672431
0.000551111
0.000273898
0
0.000171587
0.000223188
0.000180846
0.00143804
0.00142125
0.00132517
0.00108767
0.000625843
0
0.00049788
0.000672431
0.000551111
0.000273898
0
0.000171587
0.000223188
0.000180846
0.00143804
0.00142125
0.00132517
0.00108767
0.000625843
0
0.00049788
0.000672431
0.000551111
0.000273898
0
0.000171587
0.000223188
0.000180846
0.00143804
0.00142125
0.00132517
0.00108767
0.000625843
0
0.00049788
0.000672431
0.000551111
0.000273898
0
0.000171587
0.000223188
0.000180846
0.00143804
0.00142125
0.00132517
0.00108767
0.000625843
0
0.00049788
0.000672431
0.000551111
0.000273898
0
0.000171587
0.000223188
0.000180846
0.00143804
0.00142125
0.00132517
0.00108767
0.000625843
0
0.00049788
0.000672431
0.000551111
0.000273898
0
0.000171587
0.000223188
0.000180846
0.00143804
0.00142125
0.00132517
0.00108767
0.000625843
0
0.00049788
0.000672431
0.000551111
0.000273898
0
0.000171587
0.000223188
0.000180846
0.00143804
0.00142125
0.00132517
0.00108767
0.000625843
0
0.00049788
0.000672431
0.000551111
0.000273898
0
0.000171587
0.000223188
0.000180846
0.00143804
0.00142125
0.00132517
0.00108767
0.000625843
0
0.00049788
0.000672431
0.000551111
0.000273898
0
0.000171587
0.000223188
0.000180846
0.00143804
0.00142125
0.00132517
0.00108767
0.000625843
0
0.00049788
0.000672431
0.000551111
0.000273898
0
0.000171587
0.000223188
0.000180846
0.00143804
0.00142125
0.00132517
0.00108767
0.000625843
0
0.00049788
0.000672431
0.000551111
0.000273898
0
0.000171587
0.000223188
0.000180846
0.00143804
0.00142125
0.00132517
0.00108767
0.000625843
0
0.00049788
0.000672431
0.000551111
0.000273898
0
0.000171587
0.000223188
0.000180846
0.00143804
0.00142125
0.00132517
0.00108767
0.000625843
0
0.00049788
0.000672431
0.000551111
0.000273898
0
0.000171587
0.000223188
0.000180846
0.00143804
0.00142125
0.00132517
0.00108767
0.000625843
0
0.00049788
0.000672431
0.000551111
0.000273898
0
0.000171587
0.000223188
0.000180846
0.00143804
0.00142125
0.00132517
0.00108767
0.000625843
0
0.00049788
0.000672431
0.000551111
0.000273898
0
0.000171587
0.000223188
0.000180846
0.00143804
0.00142125
0.00132517
0.00108767
0.000625843
0
0.00049788
0.000672431
0.000551111
0.000273898
0
0.000171587
0.000223188
0.000180846
0.00143804
0.00142125
0.00132517
0.00108767
0.000625843
0
0.00049788
0.000672431
0.000551111
0.000273898
0
0.000171587
0.000223188
0.000180846
0.00143804
0.00142125
0.00132517
0.00108767
0.000625843
0
0.00049788
0.000672431
0.000551111
0.000273898
0
0.000171587
0.000223188
0.000180846
0.00143804
0.00142125
0.00132517
0.00108767
0.000625843
0
0.00049788
0.000672431
0.000551111
0.000273898
0
0.000171587
0.000223188
0.000180846
0.00143804
0.00142125
0.00132517
0.00108767
0.000625843
0
0.00049788
0.000672431
0.000551111
0.000273898
0
0.000171587
0.000223188
0.000180846
0.00143804
0.00142125
0.00132517
0.00108767
0.000625843
0
0.00049788
0.000672431
0.000551111
0.000273898
0
0.000171587
0.000223188
0.000180846
0.00143804
0.00142125
0.00132517
0.00108767
0.000625843
0
0.00049788
0.000672431
0.000551111
0.000273898
0
0.000171587
0.000223188
0.000180846
0.00143804
0.00142125
0.00132517
0.00108767
0.000625843
0
0.00049788
0.000672431
0.000551111
0.000273898
0
0.000171587
0.000223188
0.000180846
0.00143804
0.00142125
0.00132517
0.00108767
0.000625843
0
0.00049788
0.000672431
0.000551111
0.000273898
0
0.000171587
0.000223188
0.000180846
0.00143804
0.00142125
0.00132517
0.00108767
0.000625843
0
0.00049788
0.000672431
0.000551111
0.000273898
0
0.000171587
0.000223188
0.000180846
0.00143804
0.00142125
0.00132517
0.00108767
0.000625843
0
0.00049788
0.000672431
0.000551111
0.000273898
0
0.000171587
0.000223188
0.000180846
0.00143804
0.00142125
0.00132517
0.00108767
0.000625843
0
0.00049788
0.000672431
0.000551111
0.000273898
0
0.000171587
0.000223188
0.000180846
0.00143804
0.00142125
0.00132517
0.00108767
0.000625843
0
0.00049788
0.000672431
0.000551111
0.000273898
0
0.000171587
0.000223188
0.000180846
0.00143804
0.00142125
0.00132517
0.00108767
0.000625843
0
0.00049788
0.000672431
0.000551111
0.000273898
0
0.000171587
0.000223188
0.000180846
0.00143804
0.00142125
0.00132517
0.00108767
0.000625843
0
0.00049788
0.000672431
0.000551111
0.000273898
0
0.000171587
0.000223188
0.000180846
0.00143804
0.00142125
0.00132517
0.00108767
0.000625843
0
0.00049788
0.000672431
0.000551111
0.000273898
0
0.000171587
0.000223188
0.000180846
0.00143804
0.00142125
0.00132517
0.00108767
0.000625843
0
0.00049788
0.000672431
0.000551111
0.000273898
0
0.000171587
0.000223188
0.000180846
0.00143804
0.00142125
0.00132517
0.00108767
0.000625843
0
0.00049788
0.000672431
0.000551111
0.000273898
0
0.000171587
0.000223188
0.000180846
0.00143804
0.00142125
0.00132517
0.00108767
0.000625843
0
0.00049788
0.000672431
0.000551111
0.000273898
0
0.000171587
0.000223188
0.000180846
0.00143804
0.00142125
0.00132517
0.00108767
0.000625843
0
0.00049788
0.000672431
0.000551111
0.000273898
0
0.000171587
0.000223188
0.000180846
0.00143804
0.00142125
0.00132517
0.00108767
0.000625843
0
0.00049788
0.000672431
0.000551111
0.000273898
0
0.000171587
0.000223188
0.000180846
0.00143804
0.00142125
0.00132517
0.00108767
0.000625843
0
0.00049788
0.000672431
0.000551111
0.000273898
0
0.000171587
0.000223188
0.000180846
0.00143804
0.00142125
0.00132517
0.00108767
0.000625843
0
0.00049788
0.000672431
0.000551111
0.000273898
0
0.000171587
0.000223188
0.000180846
0.00143804
0.00142125
0.00132517
0.00108767
0.000625843
0
0.00049788
0.000672431
0.000551111
0.000273898
0
0.000171587
0.000223188
0.000180846
0.00143804
0.00142125
0.00132517
0.00108767
0.000625843
0
0.00049788
0.000672431
0.000551111
0.000273898
0
0.000171587
0.000223188
0.000180846
0.00143804
0.00142125
0.00132517
0.00108767
0.000625843
0
0.00049788
0.000672431
0.000551111
0.000273898
0
0.000171587
0.000223188
0.000180846
0.00143804
0.00142125
0.00132517
0.00108767
0.000625843
0
0.00049788
0.000672431
0.000551111
0.000273898
0
0.000171587
0.000223188
0.000180846
0.00071902
0.000720858
0.000720865
0.000676109
0.000514647
0.000243387
7.43485e-06
0.000140509
0.000145503
6.32203e-05
4.51119e-05
0.000136788
0.000200712
0.000240293
0.00071902
0.00070304
0.000532716
5.35002e-05
0.00130027
0.00310727
0.00475896
0.00530803
0.00407174
0.0010379
0.00257988
0.00437322
0.00217845
0.00372097
0.00071902
0.000696634
0.00055963
0.00022521
0.000365162
0.00112804
0.00179096
0.00208548
0.00185911
0.00112424
0.000125224
0.000655754
0.000653899
0.000493033
0.00071902
0.000707117
0.00063296
0.000440925
7.7435e-05
0.000405668
0.000819688
0.00101403
0.000938217
0.000628669
0.000205199
0.000152644
0.000245202
8.15478e-05
0.00071902
0.000713743
0.000675826
0.000557115
0.00029675
7.45878e-05
0.000399091
0.000558361
0.000527902
0.000348864
0.000107209
9.9535e-05
0.000182645
7.56622e-05
0.00071902
0.000717255
0.000698145
0.000616366
0.000405893
8.58038e-05
0.00020017
0.000345315
0.000333501
0.000206319
3.65259e-05
0.000108502
0.000182445
0.000155998
0.00071902
0.000719047
0.000709463
0.000646188
0.000460321
0.000164922
0.000103087
0.000241951
0.000238738
0.000134795
3.06496e-06
0.000120415
0.00018938
0.000197557
0.00071902
0.00071995
0.000715154
0.000661137
0.000487497
0.000204233
5.50885e-05
0.000190998
0.000191934
9.90089e-05
2.37978e-05
0.000128066
0.00019451
0.000218768
0.00071902
0.000720403
0.000718007
0.00066862
0.000501075
0.00022383
3.12195e-05
0.000165696
0.000168672
8.11144e-05
3.43842e-05
0.000132295
0.000197479
0.00022949
0.00071902
0.00072063
0.000719435
0.000672364
0.000507862
0.000233613
1.93167e-05
0.000153089
0.000157076
7.21672e-05
3.97306e-05
0.000134509
0.000199063
0.000234881
0.00071902
0.000720744
0.00072015
0.000674236
0.000511255
0.000238502
1.33732e-05
0.000146795
0.000151287
6.76937e-05
4.24169e-05
0.00013564
0.000199879
0.000237585
0.00071902
0.000720801
0.000720507
0.000675172
0.000512951
0.000240945
1.04034e-05
0.000143651
0.000148394
6.5457e-05
4.37634e-05
0.000136212
0.000200294
0.000238938
0.00071902
0.000720829
0.000720686
0.000675641
0.000513799
0.000242166
8.91894e-06
0.00014208
0.000146948
6.43386e-05
4.44374e-05
0.000136499
0.000200502
0.000239615
0.00071902
0.000720844
0.000720775
0.000675875
0.000514223
0.000242777
8.17685e-06
0.000141295
0.000146226
6.37794e-05
4.47746e-05
0.000136643
0.000200607
0.000239954
0.00071902
0.000720851
0.00072082
0.000675992
0.000514435
0.000243082
7.80584e-06
0.000140902
0.000145864
6.34999e-05
4.49432e-05
0.000136715
0.00020066
0.000240123
0.00071902
0.000720854
0.000720842
0.00067605
0.000514541
0.000243235
7.62034e-06
0.000140706
0.000145684
6.33601e-05
4.50276e-05
0.000136751
0.000200686
0.000240208
0.00071902
0.000720856
0.000720853
0.00067608
0.000514594
0.000243311
7.52759e-06
0.000140607
0.000145593
6.32902e-05
4.50698e-05
0.000136769
0.000200699
0.000240251
0.00071902
0.000720857
0.000720859
0.000676094
0.00051462
0.000243349
7.48122e-06
0.000140558
0.000145548
6.32552e-05
4.50908e-05
0.000136778
0.000200706
0.000240272
0.00071902
0.000720857
0.000720862
0.000676101
0.000514634
0.000243368
7.45803e-06
0.000140534
0.000145526
6.32377e-05
4.51014e-05
0.000136783
0.000200709
0.000240282
0.00071902
0.000720858
0.000720863
0.000676105
0.00051464
0.000243378
7.44644e-06
0.000140521
0.000145514
6.3229e-05
4.51067e-05
0.000136785
0.00020071
0.000240288
0.00071902
0.000720858
0.000720864
0.000676107
0.000514643
0.000243383
7.44064e-06
0.000140515
0.000145509
6.32246e-05
4.51093e-05
0.000136786
0.000200711
0.00024029
0.00071902
0.000720858
0.000720864
0.000676108
0.000514645
0.000243385
7.43775e-06
0.000140512
0.000145506
6.32225e-05
4.51106e-05
0.000136787
0.000200712
0.000240292
0.00071902
0.000720858
0.000720864
0.000676108
0.000514646
0.000243386
7.4363e-06
0.000140511
0.000145504
6.32214e-05
4.51113e-05
0.000136787
0.000200712
0.000240292
0.00071902
0.000720858
0.000720864
0.000676109
0.000514646
0.000243387
7.43557e-06
0.00014051
0.000145504
6.32208e-05
4.51116e-05
0.000136787
0.000200712
0.000240293
0.00071902
0.000720858
0.000720864
0.000676109
0.000514647
0.000243387
7.43521e-06
0.00014051
0.000145503
6.32205e-05
4.51118e-05
0.000136787
0.000200712
0.000240293
0.00071902
0.000720858
0.000720864
0.000676109
0.000514647
0.000243387
7.43503e-06
0.000140509
0.000145503
6.32204e-05
4.51118e-05
0.000136787
0.000200712
0.000240293
0.00071902
0.000720858
0.000720864
0.000676109
0.000514647
0.000243387
7.43494e-06
0.000140509
0.000145503
6.32203e-05
4.51119e-05
0.000136787
0.000200712
0.000240293
0.00071902
0.000720858
0.000720865
0.000676109
0.000514647
0.000243387
7.43489e-06
0.000140509
0.000145503
6.32203e-05
4.51119e-05
0.000136787
0.000200712
0.000240293
0.00071902
0.000720858
0.000720865
0.000676109
0.000514647
0.000243387
7.43487e-06
0.000140509
0.000145503
6.32203e-05
4.51119e-05
0.000136787
0.000200712
0.000240293
0.00071902
0.000720858
0.000720865
0.000676109
0.000514647
0.000243387
7.43486e-06
0.000140509
0.000145503
6.32203e-05
4.51119e-05
0.000136787
0.000200712
0.000240293
0.00071902
0.000720858
0.000720865
0.000676109
0.000514647
0.000243387
7.43485e-06
0.000140509
0.000145503
6.32203e-05
4.51119e-05
0.000136787
0.000200712
0.000240293
0.00071902
0.000720858
0.000720865
0.000676109
0.000514647
0.000243387
7.43485e-06
0.000140509
0.000145503
6.32203e-05
4.51119e-05
0.000136788
0.000200712
0.000240293
0.00071902
0.000720858
0.000720865
0.000676109
0.000514647
0.000243387
7.43485e-06
0.000140509
0.000145503
6.32203e-05
4.51119e-05
0.000136788
0.000200712
0.000240293
0.00071902
0.000720858
0.000720865
0.000676109
0.000514647
0.000243387
7.43485e-06
0.000140509
0.000145503
6.32203e-05
4.51119e-05
0.000136788
0.000200712
0.000240293
0.00071902
0.000720858
0.000720865
0.000676109
0.000514647
0.000243387
7.43485e-06
0.000140509
0.000145503
6.32203e-05
4.51119e-05
0.000136788
0.000200712
0.000240293
0.00071902
0.000720858
0.000720865
0.000676109
0.000514647
0.000243387
7.43485e-06
0.000140509
0.000145503
6.32203e-05
4.51119e-05
0.000136788
0.000200712
0.000240293
0.00071902
0.000720858
0.000720865
0.000676109
0.000514647
0.000243387
7.43485e-06
0.000140509
0.000145503
6.32203e-05
4.51119e-05
0.000136788
0.000200712
0.000240293
0.00071902
0.000720858
0.000720865
0.000676109
0.000514647
0.000243387
7.43485e-06
0.000140509
0.000145503
6.32203e-05
4.51119e-05
0.000136788
0.000200712
0.000240293
0.00071902
0.000720858
0.000720865
0.000676109
0.000514647
0.000243387
7.43485e-06
0.000140509
0.000145503
6.32203e-05
4.51119e-05
0.000136788
0.000200712
0.000240293
0.00071902
0.000720858
0.000720865
0.000676109
0.000514647
0.000243387
7.43485e-06
0.000140509
0.000145503
6.32203e-05
4.51119e-05
0.000136788
0.000200712
0.000240293
0.00071902
0.000720858
0.000720865
0.000676109
0.000514647
0.000243387
7.43485e-06
0.000140509
0.000145503
6.32203e-05
4.51119e-05
0.000136788
0.000200712
0.000240293
0.00071902
0.000720858
0.000720865
0.000676109
0.000514647
0.000243387
7.43485e-06
0.000140509
0.000145503
6.32203e-05
4.51119e-05
0.000136788
0.000200712
0.000240293
0.00071902
0.000720858
0.000720865
0.000676109
0.000514647
0.000243387
7.43485e-06
0.000140509
0.000145503
6.32203e-05
4.51119e-05
0.000136788
0.000200712
0.000240293
0.00071902
0.000720858
0.000720865
0.000676109
0.000514647
0.000243387
7.43485e-06
0.000140509
0.000145503
6.32203e-05
4.51119e-05
0.000136788
0.000200712
0.000240293
0.00071902
0.000720858
0.000720865
0.000676109
0.000514647
0.000243387
7.43485e-06
0.000140509
0.000145503
6.32203e-05
4.51119e-05
0.000136788
0.000200712
0.000240293
0.00071902
0.000720858
0.000720865
0.000676109
0.000514647
0.000243387
7.43485e-06
0.000140509
0.000145503
6.32203e-05
4.51119e-05
0.000136788
0.000200712
0.000240293
0.00071902
0.000720858
0.000720865
0.000676109
0.000514647
0.000243387
7.43485e-06
0.000140509
0.000145503
6.32203e-05
4.51119e-05
0.000136788
0.000200712
0.000240293
0.00071902
0.000720858
0.000720865
0.000676109
0.000514647
0.000243387
7.43485e-06
0.000140509
0.000145503
6.32203e-05
4.51119e-05
0.000136788
0.000200712
0.000240293
0.00071902
0.000720858
0.000720865
0.000676109
0.000514647
0.000243387
7.43485e-06
0.000140509
0.000145503
6.32203e-05
4.51119e-05
0.000136788
0.000200712
0.000240293
0.00071902
0.000720858
0.000720865
0.000676109
0.000514647
0.000243387
7.43485e-06
0.000140509
0.000145503
6.32203e-05
4.51119e-05
0.000136788
0.000200712
0.000240293
0.00071902
0.000720858
0.000720865
0.000676109
0.000514647
0.000243387
7.43485e-06
0.000140509
0.000145503
6.32203e-05
4.51119e-05
0.000136788
0.000200712
0.000240293
0.00071902
0.000720858
0.000720865
0.000676109
0.000514647
0.000243387
7.43485e-06
0.000140509
0.000145503
6.32203e-05
4.51119e-05
0.000136788
0.000200712
0.000240293
0.00071902
0.000720858
0.000720865
0.000676109
0.000514647
0.000243387
7.43485e-06
0.000140509
0.000145503
6.32203e-05
4.51119e-05
0.000136788
0.000200712
0.000240293
0.00071902
0.000720858
0.000720865
0.000676109
0.000514647
0.000243387
7.43485e-06
0.000140509
0.000145503
6.32203e-05
4.51119e-05
0.000136788
0.000200712
0.000240293
0.00071902
0.000720858
0.000720865
0.000676109
0.000514647
0.000243387
7.43485e-06
0.000140509
0.000145503
6.32203e-05
4.51119e-05
0.000136788
0.000200712
0.000240293
0.00071902
0.000720858
0.000720865
0.000676109
0.000514647
0.000243387
7.43485e-06
0.000140509
0.000145503
6.32203e-05
4.51119e-05
0.000136788
0.000200712
0.000240293
0.00071902
0.000720858
0.000720865
0.000676109
0.000514647
0.000243387
7.43485e-06
0.000140509
0.000145503
6.32203e-05
4.51119e-05
0.000136788
0.000200712
0.000240293
0.00071902
0.000720858
0.000720865
0.000676109
0.000514647
0.000243387
7.43485e-06
0.000140509
0.000145503
6.32203e-05
4.51119e-05
0.000136788
0.000200712
0.000240293
0.00071902
0.000720858
0.000720865
0.000676109
0.000514647
0.000243387
7.43485e-06
0.000140509
0.000145503
6.32203e-05
4.51119e-05
0.000136788
0.000200712
0.000240293
0.00071902
0.000720858
0.000720865
0.000676109
0.000514647
0.000243387
7.43485e-06
0.000140509
0.000145503
6.32203e-05
4.51119e-05
0.000136788
0.000200712
0.000240293
0.00071902
0.000720858
0.000720865
0.000676109
0.000514647
0.000243387
7.43485e-06
0.000140509
0.000145503
6.32203e-05
4.51119e-05
0.000136788
0.000200712
0.000240293
0.00071902
0.000720858
0.000720865
0.000676109
0.000514647
0.000243387
7.43485e-06
0.000140509
0.000145503
6.32203e-05
4.51119e-05
0.000136788
0.000200712
0.000240293
0.00071902
0.000720858
0.000720865
0.000676109
0.000514647
0.000243387
7.43485e-06
0.000140509
0.000145503
6.32203e-05
4.51119e-05
0.000136788
0.000200712
0.000240293
0.00071902
0.000720858
0.000720865
0.000676109
0.000514647
0.000243387
7.43485e-06
0.000140509
0.000145503
6.32203e-05
4.51119e-05
0.000136788
0.000200712
0.000240293
0.00071902
0.000720858
0.000720865
0.000676109
0.000514647
0.000243387
7.43485e-06
0.000140509
0.000145503
6.32203e-05
4.51119e-05
0.000136788
0.000200712
0.000240293
0.00071902
0.000720858
0.000720865
0.000676109
0.000514647
0.000243387
7.43485e-06
0.000140509
0.000145503
6.32203e-05
4.51119e-05
0.000136788
0.000200712
0.000240293
0.00071902
0.000720858
0.000720865
0.000676109
0.000514647
0.000243387
7.43485e-06
0.000140509
0.000145503
6.32203e-05
4.51119e-05
0.000136788
0.000200712
0.000240293
0.00071902
0.000720858
0.000720865
0.000676109
0.000514647
0.000243387
7.43485e-06
0.000140509
0.000145503
6.32203e-05
4.51119e-05
0.000136788
0.000200712
0.000240293
0.00071902
0.000720858
0.000720865
0.000676109
0.000514647
0.000243387
7.43485e-06
0.000140509
0.000145503
6.32203e-05
4.51119e-05
0.000136788
0.000200712
0.000240293
0.00071902
0.000720858
0.000720865
0.000676109
0.000514647
0.000243387
7.43485e-06
0.000140509
0.000145503
6.32203e-05
4.51119e-05
0.000136788
0.000200712
0.000240293
0.00071902
0.000720858
0.000720865
0.000676109
0.000514647
0.000243387
7.43485e-06
0.000140509
0.000145503
6.32203e-05
4.51119e-05
0.000136788
0.000200712
0.000240293
0.00071902
0.000720858
0.000720865
0.000676109
0.000514647
0.000243387
7.43485e-06
0.000140509
0.000145503
6.32203e-05
4.51119e-05
0.000136788
0.000200712
0.000240293
0.00071902
0.000720858
0.000720865
0.000676109
0.000514647
0.000243387
7.43485e-06
0.000140509
0.000145503
6.32203e-05
4.51119e-05
0.000136788
0.000200712
0.000240293
0.00071902
0.000720858
0.000720865
0.000676109
0.000514647
0.000243387
7.43485e-06
0.000140509
0.000145503
6.32203e-05
4.51119e-05
0.000136788
0.000200712
0.000240293
0.00071902
0.000720858
0.000720865
0.000676109
0.000514647
0.000243387
7.43485e-06
0.000140509
0.000145503
6.32203e-05
4.51119e-05
0.000136788
0.000200712
0.000240293
0.00071902
0.000720858
0.000720865
0.000676109
0.000514647
0.000243387
7.43485e-06
0.000140509
0.000145503
6.32203e-05
4.51119e-05
0.000136788
0.000200712
0.000240293
0.00071902
0.000720858
0.000720865
0.000676109
0.000514647
0.000243387
7.43485e-06
0.000140509
0.000145503
6.32203e-05
4.51119e-05
0.000136788
0.000200712
0.000240293
0.00071902
0.000720858
0.000720865
0.000676109
0.000514647
0.000243387
7.43485e-06
0.000140509
0.000145503
6.32203e-05
4.51119e-05
0.000136788
0.000200712
0.000240293
0.00071902
0.000720858
0.000720865
0.000676109
0.000514647
0.000243387
7.43485e-06
0.000140509
0.000145503
6.32203e-05
4.51119e-05
0.000136788
0.000200712
0.000240293
0.00071902
0.000720858
0.000720865
0.000676109
0.000514647
0.000243387
7.43485e-06
0.000140509
0.000145503
6.32203e-05
4.51119e-05
0.000136788
0.000200712
0.000240293
0.00071902
0.000720858
0.000720865
0.000676109
0.000514647
0.000243387
7.43485e-06
0.000140509
0.000145503
6.32203e-05
4.51119e-05
0.000136788
0.000200712
0.000240293
0.00071902
0.000720858
0.000720865
0.000676109
0.000514647
0.000243387
7.43485e-06
0.000140509
0.000145503
6.32203e-05
4.51119e-05
0.000136788
0.000200712
0.000240293
0.00071902
0.000720858
0.000720865
0.000676109
0.000514647
0.000243387
7.43485e-06
0.000140509
0.000145503
6.32203e-05
4.51119e-05
0.000136788
0.000200712
0.000240293
0.00071902
0.000720858
0.000720865
0.000676109
0.000514647
0.000243387
7.43485e-06
0.000140509
0.000145503
6.32203e-05
4.51119e-05
0.000136788
0.000200712
0.000240293
0.00071902
0.000720858
0.000720865
0.000676109
0.000514647
0.000243387
7.43485e-06
0.000140509
0.000145503
6.32203e-05
4.51119e-05
0.000136788
0.000200712
0.000240293
0.00071902
0.000720858
0.000720865
0.000676109
0.000514647
0.000243387
7.43485e-06
0.000140509
0.000145503
6.32203e-05
4.51119e-05
0.000136788
0.000200712
0.000240293
0.00071902
0.000720858
0.000720865
0.000676109
0.000514647
0.000243387
7.43485e-06
0.000140509
0.000145503
6.32203e-05
4.51119e-05
0.000136788
0.000200712
0.000240293
0.00071902
0.000720858
0.000720865
0.000676109
0.000514647
0.000243387
7.43485e-06
0.000140509
0.000145503
6.32203e-05
4.51119e-05
0.000136788
0.000200712
0.000240293
0.00071902
0.000720858
0.000720865
0.000676109
0.000514647
0.000243387
7.43485e-06
0.000140509
0.000145503
6.32203e-05
4.51119e-05
0.000136788
0.000200712
0.000240293
0.00071902
0.000720858
0.000720865
0.000676109
0.000514647
0.000243387
7.43485e-06
0.000140509
0.000145503
6.32203e-05
4.51119e-05
0.000136788
0.000200712
0.000240293
0.00071902
0.000720858
0.000720865
0.000676109
0.000514647
0.000243387
7.43485e-06
0.000140509
0.000145503
6.32203e-05
4.51119e-05
0.000136788
0.000200712
0.000240293
0.00071902
0.000720858
0.000720865
0.000676109
0.000514647
0.000243387
7.43485e-06
0.000140509
0.000145503
6.32203e-05
4.51119e-05
0.000136788
0.000200712
0.000240293
0.00071902
0.000720858
0.000720865
0.000676109
0.000514647
0.000243387
7.43485e-06
0.000140509
0.000145503
6.32203e-05
4.51119e-05
0.000136788
0.000200712
0.000240293
0.00071902
0.000720858
0.000720865
0.000676109
0.000514647
0.000243387
7.43485e-06
0.000140509
0.000145503
6.32203e-05
4.51119e-05
0.000136788
0.000200712
0.000240293
0.00071902
0.000720858
0.000720865
0.000676109
0.000514647
0.000243387
7.43485e-06
0.000140509
0.000145503
6.32203e-05
4.51119e-05
0.000136788
0.000200712
0.000240293
0.00071902
0.000720858
0.000720865
0.000676109
0.000514647
0.000243387
7.43485e-06
0.000140509
0.000145503
6.32203e-05
4.51119e-05
0.000136788
0.000200712
0.000240293
0.00071902
0.000720858
0.000720865
0.000676109
0.000514647
0.000243387
7.43485e-06
0.000140509
0.000145503
6.32203e-05
4.51119e-05
0.000136788
0.000200712
0.000240293
0.00071902
0.000720858
0.000720865
0.000676109
0.000514647
0.000243387
7.43485e-06
0.000140509
0.000145503
6.32203e-05
4.51119e-05
0.000136788
0.000200712
0.000240293
0.00071902
0.000720858
0.000720865
0.000676109
0.000514647
0.000243387
7.43485e-06
0.000140509
0.000145503
6.32203e-05
4.51119e-05
0.000136788
0.000200712
0.000240293
0.00071902
0.000720858
0.000720865
0.000676109
0.000514647
0.000243387
7.43485e-06
0.000140509
0.000145503
6.32203e-05
4.51119e-05
0.000136788
0.000200712
0.000240293
0.00071902
0.000720858
0.000720865
0.000676109
0.000514647
0.000243387
7.43485e-06
0.000140509
0.000145503
6.32203e-05
4.51119e-05
0.000136788
0.000200712
0.000240293
0.00071902
0.000720858
0.000720865
0.000676109
0.000514647
0.000243387
7.43485e-06
0.000140509
0.000145503
6.32203e-05
4.51119e-05
0.000136788
0.000200712
0.000240293
0.00071902
0.000720858
0.000720865
0.000676109
0.000514647
0.000243387
7.43485e-06
0.000140509
0.000145503
6.32203e-05
4.51119e-05
0.000136788
0.000200712
0.000240293
0.00071902
0.000720858
0.000720865
0.000676109
0.000514647
0.000243387
7.43485e-06
0.000140509
0.000145503
6.32203e-05
4.51119e-05
0.000136788
0.000200712
0.000240293
0.00071902
0.000720858
0.000720865
0.000676109
0.000514647
0.000243387
7.43485e-06
0.000140509
0.000145503
6.32203e-05
4.51119e-05
0.000136788
0.000200712
0.000240293
0.00071902
0.000720858
0.000720865
0.000676109
0.000514647
0.000243387
7.43485e-06
0.000140509
0.000145503
6.32203e-05
4.51119e-05
0.000136788
0.000200712
0.000240293
0.00071902
0.000720858
0.000720865
0.000676109
0.000514647
0.000243387
7.43485e-06
0.000140509
0.000145503
6.32203e-05
4.51119e-05
0.000136788
0.000200712
0.000240293
0.00071902
0.000720858
0.000720865
0.000676109
0.000514647
0.000243387
7.43485e-06
0.000140509
0.000145503
6.32203e-05
4.51119e-05
0.000136788
0.000200712
0.000240293
0.00071902
0.000720858
0.000720865
0.000676109
0.000514647
0.000243387
7.43485e-06
0.000140509
0.000145503
6.32203e-05
4.51119e-05
0.000136788
0.000200712
0.000240293
0.00071902
0.000720858
0.000720865
0.000676109
0.000514647
0.000243387
7.43485e-06
0.000140509
0.000145503
6.32203e-05
4.51119e-05
0.000136788
0.000200712
0.000240293
0.00071902
0.000720858
0.000720865
0.000676109
0.000514647
0.000243387
7.43485e-06
0.000140509
0.000145503
6.32203e-05
4.51119e-05
0.000136788
0.000200712
0.000240293
0.00071902
0.000720858
0.000720865
0.000676109
0.000514647
0.000243387
7.43485e-06
0.000140509
0.000145503
6.32203e-05
4.51119e-05
0.000136788
0.000200712
0.000240293
0.00071902
0.000720858
0.000720865
0.000676109
0.000514647
0.000243387
7.43485e-06
0.000140509
0.000145503
6.32203e-05
4.51119e-05
0.000136788
0.000200712
0.000240293
0.00071902
0.000720858
0.000720865
0.000676109
0.000514647
0.000243387
7.43485e-06
0.000140509
0.000145503
6.32203e-05
4.51119e-05
0.000136788
0.000200712
0.000240293
0.00071902
0.000720858
0.000720865
0.000676109
0.000514647
0.000243387
7.43485e-06
0.000140509
0.000145503
6.32203e-05
4.51119e-05
0.000136788
0.000200712
0.000240293
0.00071902
0.000720858
0.000720865
0.000676109
0.000514647
0.000243387
7.43485e-06
0.000140509
0.000145503
6.32203e-05
4.51119e-05
0.000136788
0.000200712
0.000240293
0.00071902
0.000720858
0.000720865
0.000676109
0.000514647
0.000243387
7.43485e-06
0.000140509
0.000145503
6.32203e-05
4.51119e-05
0.000136788
0.000200712
0.000240293
0.00071902
0.000720858
0.000720865
0.000676109
0.000514647
0.000243387
7.43485e-06
0.000140509
0.000145503
6.32203e-05
4.51119e-05
0.000136788
0.000200712
0.000240293
0.00071902
0.000720858
0.000720865
0.000676109
0.000514647
0.000243387
7.43485e-06
0.000140509
0.000145503
6.32203e-05
4.51119e-05
0.000136788
0.000200712
0.000240293
0.00071902
0.000720858
0.000720865
0.000676109
0.000514647
0.000243387
7.43485e-06
0.000140509
0.000145503
6.32203e-05
4.51119e-05
0.000136788
0.000200712
0.000240293
0.00071902
0.000720858
0.000720865
0.000676109
0.000514647
0.000243387
7.43485e-06
0.000140509
0.000145503
6.32203e-05
4.51119e-05
0.000136788
0.000200712
0.000240293
0.000479347
0.00048183
0.000487468
0.000465903
0.000365764
0.000188527
1.89923e-05
7.67732e-05
8.78413e-05
3.81984e-05
3.25634e-05
9.59722e-05
0.000143857
0.000177288
0.000479347
0.000471513
0.000371269
1.44692e-06
0.000809867
0.00200514
0.00311415
0.00350473
0.00271094
0.000706901
0.00171472
0.00295256
0.00154424
0.00235503
0.000479347
0.000466292
0.000383604
0.00017396
0.000207073
0.000709133
0.00115399
0.0013613
0.00122366
0.000743239
7.89273e-05
0.000449046
0.000462416
0.000284846
0.000479347
0.000472943
0.000430498
0.000313046
8.05877e-05
0.000236366
0.000514664
0.000652647
0.000611945
0.000412574
0.000132193
0.000109923
0.000179702
2.75073e-05
0.000479347
0.000477216
0.000458219
0.000388454
0.000223531
1.96534e-05
0.000238222
0.000352026
0.000340393
0.000227076
6.77186e-05
7.28448e-05
0.000134621
7.18204e-05
0.000479347
0.000479491
0.000472701
0.000426994
0.00029475
8.53493e-05
0.00010756
0.000211635
0.000211941
0.000132767
2.11844e-05
7.79761e-05
0.000133029
0.000123114
0.000479347
0.000480654
0.000480054
0.000446411
0.000330285
0.00013715
4.38085e-05
0.000143559
0.000149372
8.54865e-05
4.88126e-06
8.54895e-05
0.000136965
0.000149781
0.000479347
0.00048124
0.000483754
0.000456149
0.000348032
0.00016289
1.22937e-05
0.000110011
0.00011848
6.18403e-05
1.85311e-05
9.03743e-05
0.000140051
0.000163424
0.000479347
0.000481535
0.000485609
0.000461024
0.0003569
0.000175721
3.37731e-06
9.33536e-05
0.000103129
5.00185e-05
2.55007e-05
9.30859e-05
0.000141865
0.000170327
0.000479347
0.000481683
0.000486538
0.000463463
0.000361333
0.000182127
1.11917e-05
8.50539e-05
9.54775e-05
4.41081e-05
2.90206e-05
9.45074e-05
0.000142839
0.0001738
0.000479347
0.000481756
0.000487003
0.000464683
0.000363549
0.000185328
1.50937e-05
8.09112e-05
9.16575e-05
4.11532e-05
3.07892e-05
9.52344e-05
0.000143342
0.000175542
0.000479347
0.000481793
0.000487236
0.000465293
0.000364656
0.000186928
1.70434e-05
7.88416e-05
8.97489e-05
3.96757e-05
3.16756e-05
9.5602e-05
0.000143598
0.000176415
0.000479347
0.000481812
0.000487352
0.000465598
0.00036521
0.000187728
1.8018e-05
7.78072e-05
8.8795e-05
3.8937e-05
3.21193e-05
9.57867e-05
0.000143727
0.000176851
0.000479347
0.000481821
0.00048741
0.000465751
0.000365487
0.000188128
1.85052e-05
7.72902e-05
8.83181e-05
3.85677e-05
3.23413e-05
9.58794e-05
0.000143792
0.000177069
0.000479347
0.000481826
0.000487439
0.000465827
0.000365626
0.000188328
1.87487e-05
7.70316e-05
8.80797e-05
3.8383e-05
3.24524e-05
9.59257e-05
0.000143824
0.000177179
0.000479347
0.000481828
0.000487454
0.000465865
0.000365695
0.000188428
1.88705e-05
7.69024e-05
8.79605e-05
3.82907e-05
3.25079e-05
9.5949e-05
0.000143841
0.000177233
0.000479347
0.000481829
0.000487461
0.000465884
0.00036573
0.000188478
1.89314e-05
7.68378e-05
8.79009e-05
3.82445e-05
3.25357e-05
9.59606e-05
0.000143849
0.000177261
0.000479347
0.00048183
0.000487464
0.000465894
0.000365747
0.000188502
1.89618e-05
7.68055e-05
8.78711e-05
3.82214e-05
3.25495e-05
9.59664e-05
0.000143853
0.000177274
0.000479347
0.00048183
0.000487466
0.000465899
0.000365756
0.000188515
1.89771e-05
7.67893e-05
8.78562e-05
3.82099e-05
3.25565e-05
9.59693e-05
0.000143855
0.000177281
0.000479347
0.00048183
0.000487467
0.000465901
0.00036576
0.000188521
1.89847e-05
7.67812e-05
8.78488e-05
3.82041e-05
3.25599e-05
9.59707e-05
0.000143856
0.000177284
0.000479347
0.00048183
0.000487468
0.000465902
0.000365762
0.000188524
1.89885e-05
7.67772e-05
8.7845e-05
3.82012e-05
3.25617e-05
9.59714e-05
0.000143856
0.000177286
0.000479347
0.00048183
0.000487468
0.000465903
0.000365763
0.000188526
1.89904e-05
7.67752e-05
8.78432e-05
3.81998e-05
3.25626e-05
9.59718e-05
0.000143857
0.000177287
0.000479347
0.00048183
0.000487468
0.000465903
0.000365764
0.000188527
1.89913e-05
7.67742e-05
8.78422e-05
3.81991e-05
3.2563e-05
9.5972e-05
0.000143857
0.000177287
0.000479347
0.00048183
0.000487468
0.000465903
0.000365764
0.000188527
1.89918e-05
7.67737e-05
8.78418e-05
3.81987e-05
3.25632e-05
9.59721e-05
0.000143857
0.000177288
0.000479347
0.00048183
0.000487468
0.000465903
0.000365764
0.000188527
1.8992e-05
7.67734e-05
8.78415e-05
3.81985e-05
3.25633e-05
9.59721e-05
0.000143857
0.000177288
0.000479347
0.00048183
0.000487468
0.000465903
0.000365764
0.000188527
1.89922e-05
7.67733e-05
8.78414e-05
3.81984e-05
3.25634e-05
9.59721e-05
0.000143857
0.000177288
0.000479347
0.00048183
0.000487468
0.000465903
0.000365764
0.000188527
1.89922e-05
7.67732e-05
8.78414e-05
3.81984e-05
3.25634e-05
9.59722e-05
0.000143857
0.000177288
0.000479347
0.00048183
0.000487468
0.000465903
0.000365764
0.000188527
1.89923e-05
7.67732e-05
8.78413e-05
3.81984e-05
3.25634e-05
9.59722e-05
0.000143857
0.000177288
0.000479347
0.00048183
0.000487468
0.000465903
0.000365764
0.000188527
1.89923e-05
7.67732e-05
8.78413e-05
3.81984e-05
3.25634e-05
9.59722e-05
0.000143857
0.000177288
0.000479347
0.00048183
0.000487468
0.000465903
0.000365764
0.000188527
1.89923e-05
7.67732e-05
8.78413e-05
3.81984e-05
3.25634e-05
9.59722e-05
0.000143857
0.000177288
0.000479347
0.00048183
0.000487468
0.000465903
0.000365764
0.000188527
1.89923e-05
7.67732e-05
8.78413e-05
3.81984e-05
3.25634e-05
9.59722e-05
0.000143857
0.000177288
0.000479347
0.00048183
0.000487468
0.000465903
0.000365764
0.000188527
1.89923e-05
7.67732e-05
8.78413e-05
3.81984e-05
3.25634e-05
9.59722e-05
0.000143857
0.000177288
0.000479347
0.00048183
0.000487468
0.000465903
0.000365764
0.000188527
1.89923e-05
7.67732e-05
8.78413e-05
3.81984e-05
3.25634e-05
9.59722e-05
0.000143857
0.000177288
0.000479347
0.00048183
0.000487468
0.000465903
0.000365764
0.000188527
1.89923e-05
7.67732e-05
8.78413e-05
3.81984e-05
3.25634e-05
9.59722e-05
0.000143857
0.000177288
0.000479347
0.00048183
0.000487468
0.000465903
0.000365764
0.000188527
1.89923e-05
7.67732e-05
8.78413e-05
3.81984e-05
3.25634e-05
9.59722e-05
0.000143857
0.000177288
0.000479347
0.00048183
0.000487468
0.000465903
0.000365764
0.000188527
1.89923e-05
7.67732e-05
8.78413e-05
3.81984e-05
3.25634e-05
9.59722e-05
0.000143857
0.000177288
0.000479347
0.00048183
0.000487468
0.000465903
0.000365764
0.000188527
1.89923e-05
7.67732e-05
8.78413e-05
3.81984e-05
3.25634e-05
9.59722e-05
0.000143857
0.000177288
0.000479347
0.00048183
0.000487468
0.000465903
0.000365764
0.000188527
1.89923e-05
7.67732e-05
8.78413e-05
3.81984e-05
3.25634e-05
9.59722e-05
0.000143857
0.000177288
0.000479347
0.00048183
0.000487468
0.000465903
0.000365764
0.000188527
1.89923e-05
7.67732e-05
8.78413e-05
3.81984e-05
3.25634e-05
9.59722e-05
0.000143857
0.000177288
0.000479347
0.00048183
0.000487468
0.000465903
0.000365764
0.000188527
1.89923e-05
7.67732e-05
8.78413e-05
3.81984e-05
3.25634e-05
9.59722e-05
0.000143857
0.000177288
0.000479347
0.00048183
0.000487468
0.000465903
0.000365764
0.000188527
1.89923e-05
7.67732e-05
8.78413e-05
3.81984e-05
3.25634e-05
9.59722e-05
0.000143857
0.000177288
0.000479347
0.00048183
0.000487468
0.000465903
0.000365764
0.000188527
1.89923e-05
7.67732e-05
8.78413e-05
3.81984e-05
3.25634e-05
9.59722e-05
0.000143857
0.000177288
0.000479347
0.00048183
0.000487468
0.000465903
0.000365764
0.000188527
1.89923e-05
7.67732e-05
8.78413e-05
3.81984e-05
3.25634e-05
9.59722e-05
0.000143857
0.000177288
0.000479347
0.00048183
0.000487468
0.000465903
0.000365764
0.000188527
1.89923e-05
7.67732e-05
8.78413e-05
3.81984e-05
3.25634e-05
9.59722e-05
0.000143857
0.000177288
0.000479347
0.00048183
0.000487468
0.000465903
0.000365764
0.000188527
1.89923e-05
7.67732e-05
8.78413e-05
3.81984e-05
3.25634e-05
9.59722e-05
0.000143857
0.000177288
0.000479347
0.00048183
0.000487468
0.000465903
0.000365764
0.000188527
1.89923e-05
7.67732e-05
8.78413e-05
3.81984e-05
3.25634e-05
9.59722e-05
0.000143857
0.000177288
0.000479347
0.00048183
0.000487468
0.000465903
0.000365764
0.000188527
1.89923e-05
7.67732e-05
8.78413e-05
3.81984e-05
3.25634e-05
9.59722e-05
0.000143857
0.000177288
0.000479347
0.00048183
0.000487468
0.000465903
0.000365764
0.000188527
1.89923e-05
7.67732e-05
8.78413e-05
3.81984e-05
3.25634e-05
9.59722e-05
0.000143857
0.000177288
0.000479347
0.00048183
0.000487468
0.000465903
0.000365764
0.000188527
1.89923e-05
7.67732e-05
8.78413e-05
3.81984e-05
3.25634e-05
9.59722e-05
0.000143857
0.000177288
0.000479347
0.00048183
0.000487468
0.000465903
0.000365764
0.000188527
1.89923e-05
7.67732e-05
8.78413e-05
3.81984e-05
3.25634e-05
9.59722e-05
0.000143857
0.000177288
0.000479347
0.00048183
0.000487468
0.000465903
0.000365764
0.000188527
1.89923e-05
7.67732e-05
8.78413e-05
3.81984e-05
3.25634e-05
9.59722e-05
0.000143857
0.000177288
0.000479347
0.00048183
0.000487468
0.000465903
0.000365764
0.000188527
1.89923e-05
7.67732e-05
8.78413e-05
3.81984e-05
3.25634e-05
9.59722e-05
0.000143857
0.000177288
0.000479347
0.00048183
0.000487468
0.000465903
0.000365764
0.000188527
1.89923e-05
7.67732e-05
8.78413e-05
3.81984e-05
3.25634e-05
9.59722e-05
0.000143857
0.000177288
0.000479347
0.00048183
0.000487468
0.000465903
0.000365764
0.000188527
1.89923e-05
7.67732e-05
8.78413e-05
3.81984e-05
3.25634e-05
9.59722e-05
0.000143857
0.000177288
0.000479347
0.00048183
0.000487468
0.000465903
0.000365764
0.000188527
1.89923e-05
7.67732e-05
8.78413e-05
3.81984e-05
3.25634e-05
9.59722e-05
0.000143857
0.000177288
0.000479347
0.00048183
0.000487468
0.000465903
0.000365764
0.000188527
1.89923e-05
7.67732e-05
8.78413e-05
3.81984e-05
3.25634e-05
9.59722e-05
0.000143857
0.000177288
0.000479347
0.00048183
0.000487468
0.000465903
0.000365764
0.000188527
1.89923e-05
7.67732e-05
8.78413e-05
3.81984e-05
3.25634e-05
9.59722e-05
0.000143857
0.000177288
0.000479347
0.00048183
0.000487468
0.000465903
0.000365764
0.000188527
1.89923e-05
7.67732e-05
8.78413e-05
3.81984e-05
3.25634e-05
9.59722e-05
0.000143857
0.000177288
0.000479347
0.00048183
0.000487468
0.000465903
0.000365764
0.000188527
1.89923e-05
7.67732e-05
8.78413e-05
3.81984e-05
3.25634e-05
9.59722e-05
0.000143857
0.000177288
0.000479347
0.00048183
0.000487468
0.000465903
0.000365764
0.000188527
1.89923e-05
7.67732e-05
8.78413e-05
3.81984e-05
3.25634e-05
9.59722e-05
0.000143857
0.000177288
0.000479347
0.00048183
0.000487468
0.000465903
0.000365764
0.000188527
1.89923e-05
7.67732e-05
8.78413e-05
3.81984e-05
3.25634e-05
9.59722e-05
0.000143857
0.000177288
0.000479347
0.00048183
0.000487468
0.000465903
0.000365764
0.000188527
1.89923e-05
7.67732e-05
8.78413e-05
3.81984e-05
3.25634e-05
9.59722e-05
0.000143857
0.000177288
0.000479347
0.00048183
0.000487468
0.000465903
0.000365764
0.000188527
1.89923e-05
7.67732e-05
8.78413e-05
3.81984e-05
3.25634e-05
9.59722e-05
0.000143857
0.000177288
0.000479347
0.00048183
0.000487468
0.000465903
0.000365764
0.000188527
1.89923e-05
7.67732e-05
8.78413e-05
3.81984e-05
3.25634e-05
9.59722e-05
0.000143857
0.000177288
0.000479347
0.00048183
0.000487468
0.000465903
0.000365764
0.000188527
1.89923e-05
7.67732e-05
8.78413e-05
3.81984e-05
3.25634e-05
9.59722e-05
0.000143857
0.000177288
0.000479347
0.00048183
0.000487468
0.000465903
0.000365764
0.000188527
1.89923e-05
7.67732e-05
8.78413e-05
3.81984e-05
3.25634e-05
9.59722e-05
0.000143857
0.000177288
0.000479347
0.00048183
0.000487468
0.000465903
0.000365764
0.000188527
1.89923e-05
7.67732e-05
8.78413e-05
3.81984e-05
3.25634e-05
9.59722e-05
0.000143857
0.000177288
0.000479347
0.00048183
0.000487468
0.000465903
0.000365764
0.000188527
1.89923e-05
7.67732e-05
8.78413e-05
3.81984e-05
3.25634e-05
9.59722e-05
0.000143857
0.000177288
0.000479347
0.00048183
0.000487468
0.000465903
0.000365764
0.000188527
1.89923e-05
7.67732e-05
8.78413e-05
3.81984e-05
3.25634e-05
9.59722e-05
0.000143857
0.000177288
0.000479347
0.00048183
0.000487468
0.000465903
0.000365764
0.000188527
1.89923e-05
7.67732e-05
8.78413e-05
3.81984e-05
3.25634e-05
9.59722e-05
0.000143857
0.000177288
0.000479347
0.00048183
0.000487468
0.000465903
0.000365764
0.000188527
1.89923e-05
7.67732e-05
8.78413e-05
3.81984e-05
3.25634e-05
9.59722e-05
0.000143857
0.000177288
0.000479347
0.00048183
0.000487468
0.000465903
0.000365764
0.000188527
1.89923e-05
7.67732e-05
8.78413e-05
3.81984e-05
3.25634e-05
9.59722e-05
0.000143857
0.000177288
0.000479347
0.00048183
0.000487468
0.000465903
0.000365764
0.000188527
1.89923e-05
7.67732e-05
8.78413e-05
3.81984e-05
3.25634e-05
9.59722e-05
0.000143857
0.000177288
0.000479347
0.00048183
0.000487468
0.000465903
0.000365764
0.000188527
1.89923e-05
7.67732e-05
8.78413e-05
3.81984e-05
3.25634e-05
9.59722e-05
0.000143857
0.000177288
0.000479347
0.00048183
0.000487468
0.000465903
0.000365764
0.000188527
1.89923e-05
7.67732e-05
8.78413e-05
3.81984e-05
3.25634e-05
9.59722e-05
0.000143857
0.000177288
0.000479347
0.00048183
0.000487468
0.000465903
0.000365764
0.000188527
1.89923e-05
7.67732e-05
8.78413e-05
3.81984e-05
3.25634e-05
9.59722e-05
0.000143857
0.000177288
0.000479347
0.00048183
0.000487468
0.000465903
0.000365764
0.000188527
1.89923e-05
7.67732e-05
8.78413e-05
3.81984e-05
3.25634e-05
9.59722e-05
0.000143857
0.000177288
0.000479347
0.00048183
0.000487468
0.000465903
0.000365764
0.000188527
1.89923e-05
7.67732e-05
8.78413e-05
3.81984e-05
3.25634e-05
9.59722e-05
0.000143857
0.000177288
0.000479347
0.00048183
0.000487468
0.000465903
0.000365764
0.000188527
1.89923e-05
7.67732e-05
8.78413e-05
3.81984e-05
3.25634e-05
9.59722e-05
0.000143857
0.000177288
0.000479347
0.00048183
0.000487468
0.000465903
0.000365764
0.000188527
1.89923e-05
7.67732e-05
8.78413e-05
3.81984e-05
3.25634e-05
9.59722e-05
0.000143857
0.000177288
0.000479347
0.00048183
0.000487468
0.000465903
0.000365764
0.000188527
1.89923e-05
7.67732e-05
8.78413e-05
3.81984e-05
3.25634e-05
9.59722e-05
0.000143857
0.000177288
0.000479347
0.00048183
0.000487468
0.000465903
0.000365764
0.000188527
1.89923e-05
7.67732e-05
8.78413e-05
3.81984e-05
3.25634e-05
9.59722e-05
0.000143857
0.000177288
0.000479347
0.00048183
0.000487468
0.000465903
0.000365764
0.000188527
1.89923e-05
7.67732e-05
8.78413e-05
3.81984e-05
3.25634e-05
9.59722e-05
0.000143857
0.000177288
0.000479347
0.00048183
0.000487468
0.000465903
0.000365764
0.000188527
1.89923e-05
7.67732e-05
8.78413e-05
3.81984e-05
3.25634e-05
9.59722e-05
0.000143857
0.000177288
0.000479347
0.00048183
0.000487468
0.000465903
0.000365764
0.000188527
1.89923e-05
7.67732e-05
8.78413e-05
3.81984e-05
3.25634e-05
9.59722e-05
0.000143857
0.000177288
0.000479347
0.00048183
0.000487468
0.000465903
0.000365764
0.000188527
1.89923e-05
7.67732e-05
8.78413e-05
3.81984e-05
3.25634e-05
9.59722e-05
0.000143857
0.000177288
0.000479347
0.00048183
0.000487468
0.000465903
0.000365764
0.000188527
1.89923e-05
7.67732e-05
8.78413e-05
3.81984e-05
3.25634e-05
9.59722e-05
0.000143857
0.000177288
0.000479347
0.00048183
0.000487468
0.000465903
0.000365764
0.000188527
1.89923e-05
7.67732e-05
8.78413e-05
3.81984e-05
3.25634e-05
9.59722e-05
0.000143857
0.000177288
0.000479347
0.00048183
0.000487468
0.000465903
0.000365764
0.000188527
1.89923e-05
7.67732e-05
8.78413e-05
3.81984e-05
3.25634e-05
9.59722e-05
0.000143857
0.000177288
0.000479347
0.00048183
0.000487468
0.000465903
0.000365764
0.000188527
1.89923e-05
7.67732e-05
8.78413e-05
3.81984e-05
3.25634e-05
9.59722e-05
0.000143857
0.000177288
0.000479347
0.00048183
0.000487468
0.000465903
0.000365764
0.000188527
1.89923e-05
7.67732e-05
8.78413e-05
3.81984e-05
3.25634e-05
9.59722e-05
0.000143857
0.000177288
0.000479347
0.00048183
0.000487468
0.000465903
0.000365764
0.000188527
1.89923e-05
7.67732e-05
8.78413e-05
3.81984e-05
3.25634e-05
9.59722e-05
0.000143857
0.000177288
0.000479347
0.00048183
0.000487468
0.000465903
0.000365764
0.000188527
1.89923e-05
7.67732e-05
8.78413e-05
3.81984e-05
3.25634e-05
9.59722e-05
0.000143857
0.000177288
0.000479347
0.00048183
0.000487468
0.000465903
0.000365764
0.000188527
1.89923e-05
7.67732e-05
8.78413e-05
3.81984e-05
3.25634e-05
9.59722e-05
0.000143857
0.000177288
0.000479347
0.00048183
0.000487468
0.000465903
0.000365764
0.000188527
1.89923e-05
7.67732e-05
8.78413e-05
3.81984e-05
3.25634e-05
9.59722e-05
0.000143857
0.000177288
0.000479347
0.00048183
0.000487468
0.000465903
0.000365764
0.000188527
1.89923e-05
7.67732e-05
8.78413e-05
3.81984e-05
3.25634e-05
9.59722e-05
0.000143857
0.000177288
0.000479347
0.00048183
0.000487468
0.000465903
0.000365764
0.000188527
1.89923e-05
7.67732e-05
8.78413e-05
3.81984e-05
3.25634e-05
9.59722e-05
0.000143857
0.000177288
0.000479347
0.00048183
0.000487468
0.000465903
0.000365764
0.000188527
1.89923e-05
7.67732e-05
8.78413e-05
3.81984e-05
3.25634e-05
9.59722e-05
0.000143857
0.000177288
0.000479347
0.00048183
0.000487468
0.000465903
0.000365764
0.000188527
1.89923e-05
7.67732e-05
8.78413e-05
3.81984e-05
3.25634e-05
9.59722e-05
0.000143857
0.000177288
0.000479347
0.00048183
0.000487468
0.000465903
0.000365764
0.000188527
1.89923e-05
7.67732e-05
8.78413e-05
3.81984e-05
3.25634e-05
9.59722e-05
0.000143857
0.000177288
0.000479347
0.00048183
0.000487468
0.000465903
0.000365764
0.000188527
1.89923e-05
7.67732e-05
8.78413e-05
3.81984e-05
3.25634e-05
9.59722e-05
0.000143857
0.000177288
0.000479347
0.00048183
0.000487468
0.000465903
0.000365764
0.000188527
1.89923e-05
7.67732e-05
8.78413e-05
3.81984e-05
3.25634e-05
9.59722e-05
0.000143857
0.000177288
0.000479347
0.00048183
0.000487468
0.000465903
0.000365764
0.000188527
1.89923e-05
7.67732e-05
8.78413e-05
3.81984e-05
3.25634e-05
9.59722e-05
0.000143857
0.000177288
0.000479347
0.00048183
0.000487468
0.000465903
0.000365764
0.000188527
1.89923e-05
7.67732e-05
8.78413e-05
3.81984e-05
3.25634e-05
9.59722e-05
0.000143857
0.000177288
0.000479347
0.00048183
0.000487468
0.000465903
0.000365764
0.000188527
1.89923e-05
7.67732e-05
8.78413e-05
3.81984e-05
3.25634e-05
9.59722e-05
0.000143857
0.000177288
0.000479347
0.00048183
0.000487468
0.000465903
0.000365764
0.000188527
1.89923e-05
7.67732e-05
8.78413e-05
3.81984e-05
3.25634e-05
9.59722e-05
0.000143857
0.000177288
0.000479347
0.00048183
0.000487468
0.000465903
0.000365764
0.000188527
1.89923e-05
7.67732e-05
8.78413e-05
3.81984e-05
3.25634e-05
9.59722e-05
0.000143857
0.000177288
0.000479347
0.00048183
0.000487468
0.000465903
0.000365764
0.000188527
1.89923e-05
7.67732e-05
8.78413e-05
3.81984e-05
3.25634e-05
9.59722e-05
0.000143857
0.000177288
0.000479347
0.00048183
0.000487468
0.000465903
0.000365764
0.000188527
1.89923e-05
7.67732e-05
8.78413e-05
3.81984e-05
3.25634e-05
9.59722e-05
0.000143857
0.000177288
0.000479347
0.00048183
0.000487468
0.000465903
0.000365764
0.000188527
1.89923e-05
7.67732e-05
8.78413e-05
3.81984e-05
3.25634e-05
9.59722e-05
0.000143857
0.000177288
0.000479347
0.00048183
0.000487468
0.000465903
0.000365764
0.000188527
1.89923e-05
7.67732e-05
8.78413e-05
3.81984e-05
3.25634e-05
9.59722e-05
0.000143857
0.000177288
0.000479347
0.00048183
0.000487468
0.000465903
0.000365764
0.000188527
1.89923e-05
7.67732e-05
8.78413e-05
3.81984e-05
3.25634e-05
9.59722e-05
0.000143857
0.000177288
0.000479347
0.00048183
0.000487468
0.000465903
0.000365764
0.000188527
1.89923e-05
7.67732e-05
8.78413e-05
3.81984e-05
3.25634e-05
9.59722e-05
0.000143857
0.000177288
0.000479347
0.00048183
0.000487468
0.000465903
0.000365764
0.000188527
1.89923e-05
7.67732e-05
8.78413e-05
3.81984e-05
3.25634e-05
9.59722e-05
0.000143857
0.000177288
0.000479347
0.00048183
0.000487468
0.000465903
0.000365764
0.000188527
1.89923e-05
7.67732e-05
8.78413e-05
3.81984e-05
3.25634e-05
9.59722e-05
0.000143857
0.000177288
0.000479347
0.00048183
0.000487468
0.000465903
0.000365764
0.000188527
1.89923e-05
7.67732e-05
8.78413e-05
3.81984e-05
3.25634e-05
9.59722e-05
0.000143857
0.000177288
0.000479347
0.00048183
0.000487468
0.000465903
0.000365764
0.000188527
1.89923e-05
7.67732e-05
8.78413e-05
3.81984e-05
3.25634e-05
9.59722e-05
0.000143857
0.000177288
0.000479347
0.00048183
0.000487468
0.000465903
0.000365764
0.000188527
1.89923e-05
7.67732e-05
8.78413e-05
3.81984e-05
3.25634e-05
9.59722e-05
0.000143857
0.000177288
0.000479347
0.00048183
0.000487468
0.000465903
0.000365764
0.000188527
1.89923e-05
7.67732e-05
8.78413e-05
3.81984e-05
3.25634e-05
9.59722e-05
0.000143857
0.000177288
0.000479347
0.00048183
0.000487468
0.000465903
0.000365764
0.000188527
1.89923e-05
7.67732e-05
8.78413e-05
3.81984e-05
3.25634e-05
9.59722e-05
0.000143857
0.000177288
0.000479347
0.00048183
0.000487468
0.000465903
0.000365764
0.000188527
1.89923e-05
7.67732e-05
8.78413e-05
3.81984e-05
3.25634e-05
9.59722e-05
0.000143857
0.000177288
