0.00204261
0.00203094
0.00192736
0.00155606
0.000909748
0.00041186
0.00024685
0.000130384
2.29148e-05
5.7679e-05
6.42153e-05
0.000220297
0.000321335
0.00037337
0.00204261
0.00201643
0.00176355
0.000943976
0.000180323
0.000261399
0.000224304
9.21128e-05
0.000417108
0.000556563
5.23816e-05
0.000141502
0.000930274
0.000888116
0.00204261
0.00202556
0.00187127
0.00133929
0.000575256
0.000240645
0.00021481
8.40773e-05
1.60048e-05
0.000117027
0.000166676
6.36906e-05
1.73367e-05
7.14389e-05
0.00204261
0.00202851
0.00190267
0.00146016
0.000751427
0.000314919
0.000224571
0.000108146
2.1863e-05
6.98265e-06
0.000127363
0.000191424
0.000198988
0.000244805
0.00204261
0.00202977
0.00191564
0.00151048
0.000832459
0.000361078
0.000233934
0.000119586
2.52024e-05
2.99881e-05
9.73607e-05
0.000216271
0.000273891
0.000318786
0.00204261
0.00203037
0.00192163
0.00153379
0.000871525
0.000385931
0.000239921
0.000125052
2.46085e-05
4.48843e-05
8.10365e-05
0.000220605
0.000300941
0.000348642
0.00204261
0.00203066
0.00192452
0.00154505
0.000890737
0.000398765
0.000243264
0.000127732
2.38834e-05
5.15318e-05
7.26717e-05
0.000220996
0.000311947
0.000361651
0.00204261
0.0020308
0.00192595
0.00155058
0.000900267
0.00040528
0.000245027
0.000129061
2.34277e-05
5.46665e-05
6.84531e-05
0.000220778
0.000316841
0.000367672
0.00204261
0.00203087
0.00192665
0.00155333
0.000905013
0.000408562
0.000245931
0.000129724
2.31782e-05
5.61878e-05
6.63363e-05
0.00022057
0.000319137
0.000370561
0.00204261
0.00203091
0.001927
0.00155469
0.000907382
0.000410209
0.000246389
0.000130054
2.30482e-05
5.69372e-05
6.52763e-05
0.000220442
0.000320249
0.000371976
0.00204261
0.00203092
0.00192718
0.00155538
0.000908565
0.000411034
0.000246619
0.000130219
2.29819e-05
5.7309e-05
6.4746e-05
0.000220371
0.000320795
0.000372675
0.00204261
0.00203093
0.00192727
0.00155572
0.000909157
0.000411447
0.000246735
0.000130302
2.29485e-05
5.74943e-05
6.44807e-05
0.000220335
0.000321066
0.000373023
0.00204261
0.00203094
0.00192731
0.00155589
0.000909452
0.000411653
0.000246792
0.000130343
2.29317e-05
5.75867e-05
6.4348e-05
0.000220316
0.000321201
0.000373197
0.00204261
0.00203094
0.00192733
0.00155597
0.0009096
0.000411757
0.000246821
0.000130364
2.29232e-05
5.76329e-05
6.42817e-05
0.000220306
0.000321268
0.000373283
0.00204261
0.00203094
0.00192734
0.00155602
0.000909674
0.000411808
0.000246836
0.000130374
2.2919e-05
5.7656e-05
6.42485e-05
0.000220302
0.000321302
0.000373327
0.00204261
0.00203094
0.00192735
0.00155604
0.000909711
0.000411834
0.000246843
0.000130379
2.29169e-05
5.76675e-05
6.42319e-05
0.000220299
0.000321318
0.000373348
0.00204261
0.00203094
0.00192735
0.00155605
0.000909729
0.000411847
0.000246847
0.000130382
2.29159e-05
5.76733e-05
6.42236e-05
0.000220298
0.000321327
0.000373359
0.00204261
0.00203094
0.00192735
0.00155605
0.000909739
0.000411853
0.000246849
0.000130383
2.29153e-05
5.76762e-05
6.42195e-05
0.000220297
0.000321331
0.000373364
0.00204261
0.00203094
0.00192735
0.00155606
0.000909743
0.000411857
0.000246849
0.000130384
2.29151e-05
5.76776e-05
6.42174e-05
0.000220297
0.000321333
0.000373367
0.00204261
0.00203094
0.00192736
0.00155606
0.000909745
0.000411858
0.00024685
0.000130384
2.29149e-05
5.76783e-05
6.42164e-05
0.000220297
0.000321334
0.000373368
0.00204261
0.00203094
0.00192736
0.00155606
0.000909747
0.000411859
0.00024685
0.000130384
2.29149e-05
5.76787e-05
6.42159e-05
0.000220297
0.000321335
0.000373369
0.00204261
0.00203094
0.00192736
0.00155606
0.000909747
0.000411859
0.00024685
0.000130384
2.29148e-05
5.76789e-05
6.42156e-05
0.000220297
0.000321335
0.000373369
0.00204261
0.00203094
0.00192736
0.00155606
0.000909747
0.00041186
0.00024685
0.000130384
2.29148e-05
5.76789e-05
6.42155e-05
0.000220297
0.000321335
0.00037337
0.00204261
0.00203094
0.00192736
0.00155606
0.000909748
0.00041186
0.00024685
0.000130384
2.29148e-05
5.7679e-05
6.42154e-05
0.000220297
0.000321335
0.00037337
0.00204261
0.00203094
0.00192736
0.00155606
0.000909748
0.00041186
0.00024685
0.000130384
2.29148e-05
5.7679e-05
6.42154e-05
0.000220297
0.000321335
0.00037337
0.00204261
0.00203094
0.00192736
0.00155606
0.000909748
0.00041186
0.00024685
0.000130384
2.29148e-05
5.7679e-05
6.42154e-05
0.000220297
0.000321335
0.00037337
0.00204261
0.00203094
0.00192736
0.00155606
0.000909748
0.00041186
0.00024685
0.000130384
2.29148e-05
5.7679e-05
6.42154e-05
0.000220297
0.000321335
0.00037337
0.00204261
0.00203094
0.00192736
0.00155606
0.000909748
0.00041186
0.00024685
0.000130384
2.29148e-05
5.7679e-05
6.42153e-05
0.000220297
0.000321335
0.00037337
0.00204261
0.00203094
0.00192736
0.00155606
0.000909748
0.00041186
0.00024685
0.000130384
2.29148e-05
5.7679e-05
6.42153e-05
0.000220297
0.000321335
0.00037337
0.00204261
0.00203094
0.00192736
0.00155606
0.000909748
0.00041186
0.00024685
0.000130384
2.29148e-05
5.7679e-05
6.42153e-05
0.000220297
0.000321335
0.00037337
0.00204261
0.00203094
0.00192736
0.00155606
0.000909748
0.00041186
0.00024685
0.000130384
2.29148e-05
5.7679e-05
6.42153e-05
0.000220297
0.000321335
0.00037337
0.00204261
0.00203094
0.00192736
0.00155606
0.000909748
0.00041186
0.00024685
0.000130384
2.29148e-05
5.7679e-05
6.42153e-05
0.000220297
0.000321335
0.00037337
0.00204261
0.00203094
0.00192736
0.00155606
0.000909748
0.00041186
0.00024685
0.000130384
2.29148e-05
5.7679e-05
6.42153e-05
0.000220297
0.000321335
0.00037337
0.00204261
0.00203094
0.00192736
0.00155606
0.000909748
0.00041186
0.00024685
0.000130384
2.29148e-05
5.7679e-05
6.42153e-05
0.000220297
0.000321335
0.00037337
0.00204261
0.00203094
0.00192736
0.00155606
0.000909748
0.00041186
0.00024685
0.000130384
2.29148e-05
5.7679e-05
6.42153e-05
0.000220297
0.000321335
0.00037337
0.00204261
0.00203094
0.00192736
0.00155606
0.000909748
0.00041186
0.00024685
0.000130384
2.29148e-05
5.7679e-05
6.42153e-05
0.000220297
0.000321335
0.00037337
0.00204261
0.00203094
0.00192736
0.00155606
0.000909748
0.00041186
0.00024685
0.000130384
2.29148e-05
5.7679e-05
6.42153e-05
0.000220297
0.000321335
0.00037337
0.00204261
0.00203094
0.00192736
0.00155606
0.000909748
0.00041186
0.00024685
0.000130384
2.29148e-05
5.7679e-05
6.42153e-05
0.000220297
0.000321335
0.00037337
0.00204261
0.00203094
0.00192736
0.00155606
0.000909748
0.00041186
0.00024685
0.000130384
2.29148e-05
5.7679e-05
6.42153e-05
0.000220297
0.000321335
0.00037337
0.00204261
0.00203094
0.00192736
0.00155606
0.000909748
0.00041186
0.00024685
0.000130384
2.29148e-05
5.7679e-05
6.42153e-05
0.000220297
0.000321335
0.00037337
0.00204261
0.00203094
0.00192736
0.00155606
0.000909748
0.00041186
0.00024685
0.000130384
2.29148e-05
5.7679e-05
6.42153e-05
0.000220297
0.000321335
0.00037337
0.00204261
0.00203094
0.00192736
0.00155606
0.000909748
0.00041186
0.00024685
0.000130384
2.29148e-05
5.7679e-05
6.42153e-05
0.000220297
0.000321335
0.00037337
0.00204261
0.00203094
0.00192736
0.00155606
0.000909748
0.00041186
0.00024685
0.000130384
2.29148e-05
5.7679e-05
6.42153e-05
0.000220297
0.000321335
0.00037337
0.00204261
0.00203094
0.00192736
0.00155606
0.000909748
0.00041186
0.00024685
0.000130384
2.29148e-05
5.7679e-05
6.42153e-05
0.000220297
0.000321335
0.00037337
0.00204261
0.00203094
0.00192736
0.00155606
0.000909748
0.00041186
0.00024685
0.000130384
2.29148e-05
5.7679e-05
6.42153e-05
0.000220297
0.000321335
0.00037337
0.00204261
0.00203094
0.00192736
0.00155606
0.000909748
0.00041186
0.00024685
0.000130384
2.29148e-05
5.7679e-05
6.42153e-05
0.000220297
0.000321335
0.00037337
0.00204261
0.00203094
0.00192736
0.00155606
0.000909748
0.00041186
0.00024685
0.000130384
2.29148e-05
5.7679e-05
6.42153e-05
0.000220297
0.000321335
0.00037337
0.00204261
0.00203094
0.00192736
0.00155606
0.000909748
0.00041186
0.00024685
0.000130384
2.29148e-05
5.7679e-05
6.42153e-05
0.000220297
0.000321335
0.00037337
0.00204261
0.00203094
0.00192736
0.00155606
0.000909748
0.00041186
0.00024685
0.000130384
2.29148e-05
5.7679e-05
6.42153e-05
0.000220297
0.000321335
0.00037337
0.00204261
0.00203094
0.00192736
0.00155606
0.000909748
0.00041186
0.00024685
0.000130384
2.29148e-05
5.7679e-05
6.42153e-05
0.000220297
0.000321335
0.00037337
0.00204261
0.00203094
0.00192736
0.00155606
0.000909748
0.00041186
0.00024685
0.000130384
2.29148e-05
5.7679e-05
6.42153e-05
0.000220297
0.000321335
0.00037337
0.00204261
0.00203094
0.00192736
0.00155606
0.000909748
0.00041186
0.00024685
0.000130384
2.29148e-05
5.7679e-05
6.42153e-05
0.000220297
0.000321335
0.00037337
0.00204261
0.00203094
0.00192736
0.00155606
0.000909748
0.00041186
0.00024685
0.000130384
2.29148e-05
5.7679e-05
6.42153e-05
0.000220297
0.000321335
0.00037337
0.00204261
0.00203094
0.00192736
0.00155606
0.000909748
0.00041186
0.00024685
0.000130384
2.29148e-05
5.7679e-05
6.42153e-05
0.000220297
0.000321335
0.00037337
0.00204261
0.00203094
0.00192736
0.00155606
0.000909748
0.00041186
0.00024685
0.000130384
2.29148e-05
5.7679e-05
6.42153e-05
0.000220297
0.000321335
0.00037337
0.00204261
0.00203094
0.00192736
0.00155606
0.000909748
0.00041186
0.00024685
0.000130384
2.29148e-05
5.7679e-05
6.42153e-05
0.000220297
0.000321335
0.00037337
0.00204261
0.00203094
0.00192736
0.00155606
0.000909748
0.00041186
0.00024685
0.000130384
2.29148e-05
5.7679e-05
6.42153e-05
0.000220297
0.000321335
0.00037337
0.00204261
0.00203094
0.00192736
0.00155606
0.000909748
0.00041186
0.00024685
0.000130384
2.29148e-05
5.7679e-05
6.42153e-05
0.000220297
0.000321335
0.00037337
0.00204261
0.00203094
0.00192736
0.00155606
0.000909748
0.00041186
0.00024685
0.000130384
2.29148e-05
5.7679e-05
6.42153e-05
0.000220297
0.000321335
0.00037337
0.00204261
0.00203094
0.00192736
0.00155606
0.000909748
0.00041186
0.00024685
0.000130384
2.29148e-05
5.7679e-05
6.42153e-05
0.000220297
0.000321335
0.00037337
0.00204261
0.00203094
0.00192736
0.00155606
0.000909748
0.00041186
0.00024685
0.000130384
2.29148e-05
5.7679e-05
6.42153e-05
0.000220297
0.000321335
0.00037337
0.00204261
0.00203094
0.00192736
0.00155606
0.000909748
0.00041186
0.00024685
0.000130384
2.29148e-05
5.7679e-05
6.42153e-05
0.000220297
0.000321335
0.00037337
0.00204261
0.00203094
0.00192736
0.00155606
0.000909748
0.00041186
0.00024685
0.000130384
2.29148e-05
5.7679e-05
6.42153e-05
0.000220297
0.000321335
0.00037337
0.00204261
0.00203094
0.00192736
0.00155606
0.000909748
0.00041186
0.00024685
0.000130384
2.29148e-05
5.7679e-05
6.42153e-05
0.000220297
0.000321335
0.00037337
0.00204261
0.00203094
0.00192736
0.00155606
0.000909748
0.00041186
0.00024685
0.000130384
2.29148e-05
5.7679e-05
6.42153e-05
0.000220297
0.000321335
0.00037337
0.00204261
0.00203094
0.00192736
0.00155606
0.000909748
0.00041186
0.00024685
0.000130384
2.29148e-05
5.7679e-05
6.42153e-05
0.000220297
0.000321335
0.00037337
0.00204261
0.00203094
0.00192736
0.00155606
0.000909748
0.00041186
0.00024685
0.000130384
2.29148e-05
5.7679e-05
6.42153e-05
0.000220297
0.000321335
0.00037337
0.00204261
0.00203094
0.00192736
0.00155606
0.000909748
0.00041186
0.00024685
0.000130384
2.29148e-05
5.7679e-05
6.42153e-05
0.000220297
0.000321335
0.00037337
0.00204261
0.00203094
0.00192736
0.00155606
0.000909748
0.00041186
0.00024685
0.000130384
2.29148e-05
5.7679e-05
6.42153e-05
0.000220297
0.000321335
0.00037337
0.00204261
0.00203094
0.00192736
0.00155606
0.000909748
0.00041186
0.00024685
0.000130384
2.29148e-05
5.7679e-05
6.42153e-05
0.000220297
0.000321335
0.00037337
0.00204261
0.00203094
0.00192736
0.00155606
0.000909748
0.00041186
0.00024685
0.000130384
2.29148e-05
5.7679e-05
6.42153e-05
0.000220297
0.000321335
0.00037337
0.00204261
0.00203094
0.00192736
0.00155606
0.000909748
0.00041186
0.00024685
0.000130384
2.29148e-05
5.7679e-05
6.42153e-05
0.000220297
0.000321335
0.00037337
0.00204261
0.00203094
0.00192736
0.00155606
0.000909748
0.00041186
0.00024685
0.000130384
2.29148e-05
5.7679e-05
6.42153e-05
0.000220297
0.000321335
0.00037337
0.00204261
0.00203094
0.00192736
0.00155606
0.000909748
0.00041186
0.00024685
0.000130384
2.29148e-05
5.7679e-05
6.42153e-05
0.000220297
0.000321335
0.00037337
0.00204261
0.00203094
0.00192736
0.00155606
0.000909748
0.00041186
0.00024685
0.000130384
2.29148e-05
5.7679e-05
6.42153e-05
0.000220297
0.000321335
0.00037337
0.00204261
0.00203094
0.00192736
0.00155606
0.000909748
0.00041186
0.00024685
0.000130384
2.29148e-05
5.7679e-05
6.42153e-05
0.000220297
0.000321335
0.00037337
0.00204261
0.00203094
0.00192736
0.00155606
0.000909748
0.00041186
0.00024685
0.000130384
2.29148e-05
5.7679e-05
6.42153e-05
0.000220297
0.000321335
0.00037337
0.00204261
0.00203094
0.00192736
0.00155606
0.000909748
0.00041186
0.00024685
0.000130384
2.29148e-05
5.7679e-05
6.42153e-05
0.000220297
0.000321335
0.00037337
0.00204261
0.00203094
0.00192736
0.00155606
0.000909748
0.00041186
0.00024685
0.000130384
2.29148e-05
5.7679e-05
6.42153e-05
0.000220297
0.000321335
0.00037337
0.00204261
0.00203094
0.00192736
0.00155606
0.000909748
0.00041186
0.00024685
0.000130384
2.29148e-05
5.7679e-05
6.42153e-05
0.000220297
0.000321335
0.00037337
0.00204261
0.00203094
0.00192736
0.00155606
0.000909748
0.00041186
0.00024685
0.000130384
2.29148e-05
5.7679e-05
6.42153e-05
0.000220297
0.000321335
0.00037337
0.00204261
0.00203094
0.00192736
0.00155606
0.000909748
0.00041186
0.00024685
0.000130384
2.29148e-05
5.7679e-05
6.42153e-05
0.000220297
0.000321335
0.00037337
0.00204261
0.00203094
0.00192736
0.00155606
0.000909748
0.00041186
0.00024685
0.000130384
2.29148e-05
5.7679e-05
6.42153e-05
0.000220297
0.000321335
0.00037337
0.00204261
0.00203094
0.00192736
0.00155606
0.000909748
0.00041186
0.00024685
0.000130384
2.29148e-05
5.7679e-05
6.42153e-05
0.000220297
0.000321335
0.00037337
0.00204261
0.00203094
0.00192736
0.00155606
0.000909748
0.00041186
0.00024685
0.000130384
2.29148e-05
5.7679e-05
6.42153e-05
0.000220297
0.000321335
0.00037337
0.00204261
0.00203094
0.00192736
0.00155606
0.000909748
0.00041186
0.00024685
0.000130384
2.29148e-05
5.7679e-05
6.42153e-05
0.000220297
0.000321335
0.00037337
0.00204261
0.00203094
0.00192736
0.00155606
0.000909748
0.00041186
0.00024685
0.000130384
2.29148e-05
5.7679e-05
6.42153e-05
0.000220297
0.000321335
0.00037337
0.00204261
0.00203094
0.00192736
0.00155606
0.000909748
0.00041186
0.00024685
0.000130384
2.29148e-05
5.7679e-05
6.42153e-05
0.000220297
0.000321335
0.00037337
0.00204261
0.00203094
0.00192736
0.00155606
0.000909748
0.00041186
0.00024685
0.000130384
2.29148e-05
5.7679e-05
6.42153e-05
0.000220297
0.000321335
0.00037337
0.00204261
0.00203094
0.00192736
0.00155606
0.000909748
0.00041186
0.00024685
0.000130384
2.29148e-05
5.7679e-05
6.42153e-05
0.000220297
0.000321335
0.00037337
0.00204261
0.00203094
0.00192736
0.00155606
0.000909748
0.00041186
0.00024685
0.000130384
2.29148e-05
5.7679e-05
6.42153e-05
0.000220297
0.000321335
0.00037337
0.00204261
0.00203094
0.00192736
0.00155606
0.000909748
0.00041186
0.00024685
0.000130384
2.29148e-05
5.7679e-05
6.42153e-05
0.000220297
0.000321335
0.00037337
0.00204261
0.00203094
0.00192736
0.00155606
0.000909748
0.00041186
0.00024685
0.000130384
2.29148e-05
5.7679e-05
6.42153e-05
0.000220297
0.000321335
0.00037337
0.00204261
0.00203094
0.00192736
0.00155606
0.000909748
0.00041186
0.00024685
0.000130384
2.29148e-05
5.7679e-05
6.42153e-05
0.000220297
0.000321335
0.00037337
0.00204261
0.00203094
0.00192736
0.00155606
0.000909748
0.00041186
0.00024685
0.000130384
2.29148e-05
5.7679e-05
6.42153e-05
0.000220297
0.000321335
0.00037337
0.00204261
0.00203094
0.00192736
0.00155606
0.000909748
0.00041186
0.00024685
0.000130384
2.29148e-05
5.7679e-05
6.42153e-05
0.000220297
0.000321335
0.00037337
0.00204261
0.00203094
0.00192736
0.00155606
0.000909748
0.00041186
0.00024685
0.000130384
2.29148e-05
5.7679e-05
6.42153e-05
0.000220297
0.000321335
0.00037337
0.00204261
0.00203094
0.00192736
0.00155606
0.000909748
0.00041186
0.00024685
0.000130384
2.29148e-05
5.7679e-05
6.42153e-05
0.000220297
0.000321335
0.00037337
0.00204261
0.00203094
0.00192736
0.00155606
0.000909748
0.00041186
0.00024685
0.000130384
2.29148e-05
5.7679e-05
6.42153e-05
0.000220297
0.000321335
0.00037337
0.00204261
0.00203094
0.00192736
0.00155606
0.000909748
0.00041186
0.00024685
0.000130384
2.29148e-05
5.7679e-05
6.42153e-05
0.000220297
0.000321335
0.00037337
0.00204261
0.00203094
0.00192736
0.00155606
0.000909748
0.00041186
0.00024685
0.000130384
2.29148e-05
5.7679e-05
6.42153e-05
0.000220297
0.000321335
0.00037337
0.00204261
0.00203094
0.00192736
0.00155606
0.000909748
0.00041186
0.00024685
0.000130384
2.29148e-05
5.7679e-05
6.42153e-05
0.000220297
0.000321335
0.00037337
0.00204261
0.00203094
0.00192736
0.00155606
0.000909748
0.00041186
0.00024685
0.000130384
2.29148e-05
5.7679e-05
6.42153e-05
0.000220297
0.000321335
0.00037337
0.00204261
0.00203094
0.00192736
0.00155606
0.000909748
0.00041186
0.00024685
0.000130384
2.29148e-05
5.7679e-05
6.42153e-05
0.000220297
0.000321335
0.00037337
0.00204261
0.00203094
0.00192736
0.00155606
0.000909748
0.00041186
0.00024685
0.000130384
2.29148e-05
5.7679e-05
6.42153e-05
0.000220297
0.000321335
0.00037337
0.00204261
0.00203094
0.00192736
0.00155606
0.000909748
0.00041186
0.00024685
0.000130384
2.29148e-05
5.7679e-05
6.42153e-05
0.000220297
0.000321335
0.00037337
0.00204261
0.00203094
0.00192736
0.00155606
0.000909748
0.00041186
0.00024685
0.000130384
2.29148e-05
5.7679e-05
6.42153e-05
0.000220297
0.000321335
0.00037337
0.00204261
0.00203094
0.00192736
0.00155606
0.000909748
0.00041186
0.00024685
0.000130384
2.29148e-05
5.7679e-05
6.42153e-05
0.000220297
0.000321335
0.00037337
0.00204261
0.00203094
0.00192736
0.00155606
0.000909748
0.00041186
0.00024685
0.000130384
2.29148e-05
5.7679e-05
6.42153e-05
0.000220297
0.000321335
0.00037337
0.00204261
0.00203094
0.00192736
0.00155606
0.000909748
0.00041186
0.00024685
0.000130384
2.29148e-05
5.7679e-05
6.42153e-05
0.000220297
0.000321335
0.00037337
0.00204261
0.00203094
0.00192736
0.00155606
0.000909748
0.00041186
0.00024685
0.000130384
2.29148e-05
5.7679e-05
6.42153e-05
0.000220297
0.000321335
0.00037337
0.00204261
0.00203094
0.00192736
0.00155606
0.000909748
0.00041186
0.00024685
0.000130384
2.29148e-05
5.7679e-05
6.42153e-05
0.000220297
0.000321335
0.00037337
0.00204261
0.00203094
0.00192736
0.00155606
0.000909748
0.00041186
0.00024685
0.000130384
2.29148e-05
5.7679e-05
6.42153e-05
0.000220297
0.000321335
0.00037337
0.00204261
0.00203094
0.00192736
0.00155606
0.000909748
0.00041186
0.00024685
0.000130384
2.29148e-05
5.7679e-05
6.42153e-05
0.000220297
0.000321335
0.00037337
0.00204261
0.00203094
0.00192736
0.00155606
0.000909748
0.00041186
0.00024685
0.000130384
2.29148e-05
5.7679e-05
6.42153e-05
0.000220297
0.000321335
0.00037337
0.00204261
0.00203094
0.00192736
0.00155606
0.000909748
0.00041186
0.00024685
0.000130384
2.29148e-05
5.7679e-05
6.42153e-05
0.000220297
0.000321335
0.00037337
0.00204261
0.00203094
0.00192736
0.00155606
0.000909748
0.00041186
0.00024685
0.000130384
2.29148e-05
5.7679e-05
6.42153e-05
0.000220297
0.000321335
0.00037337
0.00204261
0.00203094
0.00192736
0.00155606
0.000909748
0.00041186
0.00024685
0.000130384
2.29148e-05
5.7679e-05
6.42153e-05
0.000220297
0.000321335
0.00037337
0.00204261
0.00203094
0.00192736
0.00155606
0.000909748
0.00041186
0.00024685
0.000130384
2.29148e-05
5.7679e-05
6.42153e-05
0.000220297
0.000321335
0.00037337
0.00204261
0.00203094
0.00192736
0.00155606
0.000909748
0.00041186
0.00024685
0.000130384
2.29148e-05
5.7679e-05
6.42153e-05
0.000220297
0.000321335
0.00037337
0.00204261
0.00203094
0.00192736
0.00155606
0.000909748
0.00041186
0.00024685
0.000130384
2.29148e-05
5.7679e-05
6.42153e-05
0.000220297
0.000321335
0.00037337
0.00102131
0.00101565
0.00096497
0.000783823
0.00047463
0.000244597
0.000167312
9.7292e-05
4.3441e-06
2.32895e-05
3.49099e-05
0.00011497
0.000171261
0.000207287
0.00102131
0.00100916
0.000889835
0.00050217
0.000150355
0.000205745
0.000183202
8.6138e-05
0.000216205
0.000279394
3.46005e-05
5.70697e-05
0.000531973
0.000574472
0.00102131
0.00101332
0.00093995
0.00068624
0.000327539
0.000178953
0.000166078
8.2831e-05
2.14797e-05
5.14371e-05
7.05743e-05
2.55835e-05
7.96317e-07
6.3378e-05
0.00102131
0.00101461
0.000954054
0.000740907
0.000405238
0.000206398
0.000163863
9.13503e-05
5.40476e-06
3.33943e-06
5.69624e-05
9.13603e-05
0.000104618
0.000142022
0.00102131
0.00101515
0.000959805
0.000763465
0.000440781
0.000224398
0.00016477
9.46229e-05
3.84453e-06
1.19858e-05
4.65633e-05
0.000107766
0.000143951
0.000178713
0.00102131
0.00101541
0.000962451
0.000773884
0.000457894
0.00023424
0.000165823
9.60189e-05
3.90373e-06
1.80758e-05
4.08497e-05
0.00011241
0.000159091
0.00019411
0.00102131
0.00101553
0.000963725
0.000778909
0.000466306
0.000239356
0.000166511
9.66687e-05
4.08285e-06
2.07851e-05
3.79031e-05
0.000113937
0.00016554
0.000200981
0.00102131
0.00101559
0.000964351
0.00078138
0.000470479
0.000241961
0.000166897
9.69834e-05
4.20394e-06
2.20621e-05
3.64118e-05
0.000114513
0.00016849
0.000204205
0.00102131
0.00101562
0.000964661
0.000782605
0.000472557
0.000243275
0.000167101
9.71384e-05
4.27172e-06
2.26819e-05
3.56621e-05
0.000114756
0.000169898
0.000205764
0.00102131
0.00101563
0.000964816
0.000783215
0.000473594
0.000243935
0.000167206
9.72154e-05
4.30735e-06
2.29873e-05
3.52863e-05
0.000114867
0.000170585
0.00020653
0.00102131
0.00101564
0.000964893
0.000783519
0.000474112
0.000244265
0.000167259
9.72537e-05
4.32559e-06
2.31388e-05
3.50982e-05
0.000114919
0.000170925
0.00020691
0.00102131
0.00101565
0.000964931
0.000783671
0.000474371
0.000244431
0.000167285
9.72729e-05
4.33481e-06
2.32143e-05
3.50041e-05
0.000114945
0.000171093
0.000207099
0.00102131
0.00101565
0.000964951
0.000783747
0.000474501
0.000244514
0.000167299
9.72825e-05
4.33945e-06
2.32519e-05
3.4957e-05
0.000114957
0.000171178
0.000207193
0.00102131
0.00101565
0.00096496
0.000783785
0.000474565
0.000244555
0.000167305
9.72872e-05
4.34177e-06
2.32707e-05
3.49335e-05
0.000114963
0.000171219
0.00020724
0.00102131
0.00101565
0.000964965
0.000783804
0.000474598
0.000244576
0.000167309
9.72896e-05
4.34294e-06
2.32801e-05
3.49217e-05
0.000114966
0.00017124
0.000207264
0.00102131
0.00101565
0.000964967
0.000783813
0.000474614
0.000244586
0.00016731
9.72908e-05
4.34352e-06
2.32848e-05
3.49158e-05
0.000114968
0.000171251
0.000207275
0.00102131
0.00101565
0.000964969
0.000783818
0.000474622
0.000244591
0.000167311
9.72914e-05
4.34381e-06
2.32872e-05
3.49129e-05
0.000114969
0.000171256
0.000207281
0.00102131
0.00101565
0.000964969
0.000783821
0.000474626
0.000244594
0.000167311
9.72917e-05
4.34396e-06
2.32884e-05
3.49114e-05
0.000114969
0.000171259
0.000207284
0.00102131
0.00101565
0.00096497
0.000783822
0.000474628
0.000244595
0.000167312
9.72919e-05
4.34403e-06
2.3289e-05
3.49107e-05
0.000114969
0.00017126
0.000207286
0.00102131
0.00101565
0.00096497
0.000783822
0.000474629
0.000244596
0.000167312
9.72919e-05
4.34407e-06
2.32893e-05
3.49103e-05
0.000114969
0.000171261
0.000207287
0.00102131
0.00101565
0.00096497
0.000783823
0.00047463
0.000244596
0.000167312
9.7292e-05
4.34409e-06
2.32894e-05
3.49101e-05
0.00011497
0.000171261
0.000207287
0.00102131
0.00101565
0.00096497
0.000783823
0.00047463
0.000244596
0.000167312
9.7292e-05
4.3441e-06
2.32895e-05
3.491e-05
0.00011497
0.000171261
0.000207287
0.00102131
0.00101565
0.00096497
0.000783823
0.00047463
0.000244596
0.000167312
9.7292e-05
4.3441e-06
2.32895e-05
3.491e-05
0.00011497
0.000171261
0.000207287
0.00102131
0.00101565
0.00096497
0.000783823
0.00047463
0.000244597
0.000167312
9.7292e-05
4.3441e-06
2.32895e-05
3.491e-05
0.00011497
0.000171261
0.000207287
0.00102131
0.00101565
0.00096497
0.000783823
0.00047463
0.000244597
0.000167312
9.7292e-05
4.3441e-06
2.32895e-05
3.491e-05
0.00011497
0.000171261
0.000207287
0.00102131
0.00101565
0.00096497
0.000783823
0.00047463
0.000244597
0.000167312
9.7292e-05
4.3441e-06
2.32895e-05
3.49099e-05
0.00011497
0.000171261
0.000207287
0.00102131
0.00101565
0.00096497
0.000783823
0.00047463
0.000244597
0.000167312
9.7292e-05
4.3441e-06
2.32895e-05
3.49099e-05
0.00011497
0.000171261
0.000207287
0.00102131
0.00101565
0.00096497
0.000783823
0.00047463
0.000244597
0.000167312
9.7292e-05
4.3441e-06
2.32895e-05
3.49099e-05
0.00011497
0.000171261
0.000207287
0.00102131
0.00101565
0.00096497
0.000783823
0.00047463
0.000244597
0.000167312
9.7292e-05
4.3441e-06
2.32895e-05
3.49099e-05
0.00011497
0.000171261
0.000207287
0.00102131
0.00101565
0.00096497
0.000783823
0.00047463
0.000244597
0.000167312
9.7292e-05
4.3441e-06
2.32895e-05
3.49099e-05
0.00011497
0.000171261
0.000207287
0.00102131
0.00101565
0.00096497
0.000783823
0.00047463
0.000244597
0.000167312
9.7292e-05
4.3441e-06
2.32895e-05
3.49099e-05
0.00011497
0.000171261
0.000207287
0.00102131
0.00101565
0.00096497
0.000783823
0.00047463
0.000244597
0.000167312
9.7292e-05
4.3441e-06
2.32895e-05
3.49099e-05
0.00011497
0.000171261
0.000207287
0.00102131
0.00101565
0.00096497
0.000783823
0.00047463
0.000244597
0.000167312
9.7292e-05
4.3441e-06
2.32895e-05
3.49099e-05
0.00011497
0.000171261
0.000207287
0.00102131
0.00101565
0.00096497
0.000783823
0.00047463
0.000244597
0.000167312
9.7292e-05
4.3441e-06
2.32895e-05
3.49099e-05
0.00011497
0.000171261
0.000207287
0.00102131
0.00101565
0.00096497
0.000783823
0.00047463
0.000244597
0.000167312
9.7292e-05
4.3441e-06
2.32895e-05
3.49099e-05
0.00011497
0.000171261
0.000207287
0.00102131
0.00101565
0.00096497
0.000783823
0.00047463
0.000244597
0.000167312
9.7292e-05
4.3441e-06
2.32895e-05
3.49099e-05
0.00011497
0.000171261
0.000207287
0.00102131
0.00101565
0.00096497
0.000783823
0.00047463
0.000244597
0.000167312
9.7292e-05
4.3441e-06
2.32895e-05
3.49099e-05
0.00011497
0.000171261
0.000207287
0.00102131
0.00101565
0.00096497
0.000783823
0.00047463
0.000244597
0.000167312
9.7292e-05
4.3441e-06
2.32895e-05
3.49099e-05
0.00011497
0.000171261
0.000207287
0.00102131
0.00101565
0.00096497
0.000783823
0.00047463
0.000244597
0.000167312
9.7292e-05
4.3441e-06
2.32895e-05
3.49099e-05
0.00011497
0.000171261
0.000207287
0.00102131
0.00101565
0.00096497
0.000783823
0.00047463
0.000244597
0.000167312
9.7292e-05
4.3441e-06
2.32895e-05
3.49099e-05
0.00011497
0.000171261
0.000207287
0.00102131
0.00101565
0.00096497
0.000783823
0.00047463
0.000244597
0.000167312
9.7292e-05
4.3441e-06
2.32895e-05
3.49099e-05
0.00011497
0.000171261
0.000207287
0.00102131
0.00101565
0.00096497
0.000783823
0.00047463
0.000244597
0.000167312
9.7292e-05
4.3441e-06
2.32895e-05
3.49099e-05
0.00011497
0.000171261
0.000207287
0.00102131
0.00101565
0.00096497
0.000783823
0.00047463
0.000244597
0.000167312
9.7292e-05
4.3441e-06
2.32895e-05
3.49099e-05
0.00011497
0.000171261
0.000207287
0.00102131
0.00101565
0.00096497
0.000783823
0.00047463
0.000244597
0.000167312
9.7292e-05
4.3441e-06
2.32895e-05
3.49099e-05
0.00011497
0.000171261
0.000207287
0.00102131
0.00101565
0.00096497
0.000783823
0.00047463
0.000244597
0.000167312
9.7292e-05
4.3441e-06
2.32895e-05
3.49099e-05
0.00011497
0.000171261
0.000207287
0.00102131
0.00101565
0.00096497
0.000783823
0.00047463
0.000244597
0.000167312
9.7292e-05
4.3441e-06
2.32895e-05
3.49099e-05
0.00011497
0.000171261
0.000207287
0.00102131
0.00101565
0.00096497
0.000783823
0.00047463
0.000244597
0.000167312
9.7292e-05
4.3441e-06
2.32895e-05
3.49099e-05
0.00011497
0.000171261
0.000207287
0.00102131
0.00101565
0.00096497
0.000783823
0.00047463
0.000244597
0.000167312
9.7292e-05
4.3441e-06
2.32895e-05
3.49099e-05
0.00011497
0.000171261
0.000207287
0.00102131
0.00101565
0.00096497
0.000783823
0.00047463
0.000244597
0.000167312
9.7292e-05
4.3441e-06
2.32895e-05
3.49099e-05
0.00011497
0.000171261
0.000207287
0.00102131
0.00101565
0.00096497
0.000783823
0.00047463
0.000244597
0.000167312
9.7292e-05
4.3441e-06
2.32895e-05
3.49099e-05
0.00011497
0.000171261
0.000207287
0.00102131
0.00101565
0.00096497
0.000783823
0.00047463
0.000244597
0.000167312
9.7292e-05
4.3441e-06
2.32895e-05
3.49099e-05
0.00011497
0.000171261
0.000207287
0.00102131
0.00101565
0.00096497
0.000783823
0.00047463
0.000244597
0.000167312
9.7292e-05
4.3441e-06
2.32895e-05
3.49099e-05
0.00011497
0.000171261
0.000207287
0.00102131
0.00101565
0.00096497
0.000783823
0.00047463
0.000244597
0.000167312
9.7292e-05
4.3441e-06
2.32895e-05
3.49099e-05
0.00011497
0.000171261
0.000207287
0.00102131
0.00101565
0.00096497
0.000783823
0.00047463
0.000244597
0.000167312
9.7292e-05
4.3441e-06
2.32895e-05
3.49099e-05
0.00011497
0.000171261
0.000207287
0.00102131
0.00101565
0.00096497
0.000783823
0.00047463
0.000244597
0.000167312
9.7292e-05
4.3441e-06
2.32895e-05
3.49099e-05
0.00011497
0.000171261
0.000207287
0.00102131
0.00101565
0.00096497
0.000783823
0.00047463
0.000244597
0.000167312
9.7292e-05
4.3441e-06
2.32895e-05
3.49099e-05
0.00011497
0.000171261
0.000207287
0.00102131
0.00101565
0.00096497
0.000783823
0.00047463
0.000244597
0.000167312
9.7292e-05
4.3441e-06
2.32895e-05
3.49099e-05
0.00011497
0.000171261
0.000207287
0.00102131
0.00101565
0.00096497
0.000783823
0.00047463
0.000244597
0.000167312
9.7292e-05
4.3441e-06
2.32895e-05
3.49099e-05
0.00011497
0.000171261
0.000207287
0.00102131
0.00101565
0.00096497
0.000783823
0.00047463
0.000244597
0.000167312
9.7292e-05
4.3441e-06
2.32895e-05
3.49099e-05
0.00011497
0.000171261
0.000207287
0.00102131
0.00101565
0.00096497
0.000783823
0.00047463
0.000244597
0.000167312
9.7292e-05
4.3441e-06
2.32895e-05
3.49099e-05
0.00011497
0.000171261
0.000207287
0.00102131
0.00101565
0.00096497
0.000783823
0.00047463
0.000244597
0.000167312
9.7292e-05
4.3441e-06
2.32895e-05
3.49099e-05
0.00011497
0.000171261
0.000207287
0.00102131
0.00101565
0.00096497
0.000783823
0.00047463
0.000244597
0.000167312
9.7292e-05
4.3441e-06
2.32895e-05
3.49099e-05
0.00011497
0.000171261
0.000207287
0.00102131
0.00101565
0.00096497
0.000783823
0.00047463
0.000244597
0.000167312
9.7292e-05
4.3441e-06
2.32895e-05
3.49099e-05
0.00011497
0.000171261
0.000207287
0.00102131
0.00101565
0.00096497
0.000783823
0.00047463
0.000244597
0.000167312
9.7292e-05
4.3441e-06
2.32895e-05
3.49099e-05
0.00011497
0.000171261
0.000207287
0.00102131
0.00101565
0.00096497
0.000783823
0.00047463
0.000244597
0.000167312
9.7292e-05
4.3441e-06
2.32895e-05
3.49099e-05
0.00011497
0.000171261
0.000207287
0.00102131
0.00101565
0.00096497
0.000783823
0.00047463
0.000244597
0.000167312
9.7292e-05
4.3441e-06
2.32895e-05
3.49099e-05
0.00011497
0.000171261
0.000207287
0.00102131
0.00101565
0.00096497
0.000783823
0.00047463
0.000244597
0.000167312
9.7292e-05
4.3441e-06
2.32895e-05
3.49099e-05
0.00011497
0.000171261
0.000207287
0.00102131
0.00101565
0.00096497
0.000783823
0.00047463
0.000244597
0.000167312
9.7292e-05
4.3441e-06
2.32895e-05
3.49099e-05
0.00011497
0.000171261
0.000207287
0.00102131
0.00101565
0.00096497
0.000783823
0.00047463
0.000244597
0.000167312
9.7292e-05
4.3441e-06
2.32895e-05
3.49099e-05
0.00011497
0.000171261
0.000207287
0.00102131
0.00101565
0.00096497
0.000783823
0.00047463
0.000244597
0.000167312
9.7292e-05
4.3441e-06
2.32895e-05
3.49099e-05
0.00011497
0.000171261
0.000207287
0.00102131
0.00101565
0.00096497
0.000783823
0.00047463
0.000244597
0.000167312
9.7292e-05
4.3441e-06
2.32895e-05
3.49099e-05
0.00011497
0.000171261
0.000207287
0.00102131
0.00101565
0.00096497
0.000783823
0.00047463
0.000244597
0.000167312
9.7292e-05
4.3441e-06
2.32895e-05
3.49099e-05
0.00011497
0.000171261
0.000207287
0.00102131
0.00101565
0.00096497
0.000783823
0.00047463
0.000244597
0.000167312
9.7292e-05
4.3441e-06
2.32895e-05
3.49099e-05
0.00011497
0.000171261
0.000207287
0.00102131
0.00101565
0.00096497
0.000783823
0.00047463
0.000244597
0.000167312
9.7292e-05
4.3441e-06
2.32895e-05
3.49099e-05
0.00011497
0.000171261
0.000207287
0.00102131
0.00101565
0.00096497
0.000783823
0.00047463
0.000244597
0.000167312
9.7292e-05
4.3441e-06
2.32895e-05
3.49099e-05
0.00011497
0.000171261
0.000207287
0.00102131
0.00101565
0.00096497
0.000783823
0.00047463
0.000244597
0.000167312
9.7292e-05
4.3441e-06
2.32895e-05
3.49099e-05
0.00011497
0.000171261
0.000207287
0.00102131
0.00101565
0.00096497
0.000783823
0.00047463
0.000244597
0.000167312
9.7292e-05
4.3441e-06
2.32895e-05
3.49099e-05
0.00011497
0.000171261
0.000207287
0.00102131
0.00101565
0.00096497
0.000783823
0.00047463
0.000244597
0.000167312
9.7292e-05
4.3441e-06
2.32895e-05
3.49099e-05
0.00011497
0.000171261
0.000207287
0.00102131
0.00101565
0.00096497
0.000783823
0.00047463
0.000244597
0.000167312
9.7292e-05
4.3441e-06
2.32895e-05
3.49099e-05
0.00011497
0.000171261
0.000207287
0.00102131
0.00101565
0.00096497
0.000783823
0.00047463
0.000244597
0.000167312
9.7292e-05
4.3441e-06
2.32895e-05
3.49099e-05
0.00011497
0.000171261
0.000207287
0.00102131
0.00101565
0.00096497
0.000783823
0.00047463
0.000244597
0.000167312
9.7292e-05
4.3441e-06
2.32895e-05
3.49099e-05
0.00011497
0.000171261
0.000207287
0.00102131
0.00101565
0.00096497
0.000783823
0.00047463
0.000244597
0.000167312
9.7292e-05
4.3441e-06
2.32895e-05
3.49099e-05
0.00011497
0.000171261
0.000207287
0.00102131
0.00101565
0.00096497
0.000783823
0.00047463
0.000244597
0.000167312
9.7292e-05
4.3441e-06
2.32895e-05
3.49099e-05
0.00011497
0.000171261
0.000207287
0.00102131
0.00101565
0.00096497
0.000783823
0.00047463
0.000244597
0.000167312
9.7292e-05
4.3441e-06
2.32895e-05
3.49099e-05
0.00011497
0.000171261
0.000207287
0.00102131
0.00101565
0.00096497
0.000783823
0.00047463
0.000244597
0.000167312
9.7292e-05
4.3441e-06
2.32895e-05
3.49099e-05
0.00011497
0.000171261
0.000207287
0.00102131
0.00101565
0.00096497
0.000783823
0.00047463
0.000244597
0.000167312
9.7292e-05
4.3441e-06
2.32895e-05
3.49099e-05
0.00011497
0.000171261
0.000207287
0.00102131
0.00101565
0.00096497
0.000783823
0.00047463
0.000244597
0.000167312
9.7292e-05
4.3441e-06
2.32895e-05
3.49099e-05
0.00011497
0.000171261
0.000207287
0.00102131
0.00101565
0.00096497
0.000783823
0.00047463
0.000244597
0.000167312
9.7292e-05
4.3441e-06
2.32895e-05
3.49099e-05
0.00011497
0.000171261
0.000207287
0.00102131
0.00101565
0.00096497
0.000783823
0.00047463
0.000244597
0.000167312
9.7292e-05
4.3441e-06
2.32895e-05
3.49099e-05
0.00011497
0.000171261
0.000207287
0.00102131
0.00101565
0.00096497
0.000783823
0.00047463
0.000244597
0.000167312
9.7292e-05
4.3441e-06
2.32895e-05
3.49099e-05
0.00011497
0.000171261
0.000207287
0.00102131
0.00101565
0.00096497
0.000783823
0.00047463
0.000244597
0.000167312
9.7292e-05
4.3441e-06
2.32895e-05
3.49099e-05
0.00011497
0.000171261
0.000207287
0.00102131
0.00101565
0.00096497
0.000783823
0.00047463
0.000244597
0.000167312
9.7292e-05
4.3441e-06
2.32895e-05
3.49099e-05
0.00011497
0.000171261
0.000207287
0.00102131
0.00101565
0.00096497
0.000783823
0.00047463
0.000244597
0.000167312
9.7292e-05
4.3441e-06
2.32895e-05
3.49099e-05
0.00011497
0.000171261
0.000207287
0.00102131
0.00101565
0.00096497
0.000783823
0.00047463
0.000244597
0.000167312
9.7292e-05
4.3441e-06
2.32895e-05
3.49099e-05
0.00011497
0.000171261
0.000207287
0.00102131
0.00101565
0.00096497
0.000783823
0.00047463
0.000244597
0.000167312
9.7292e-05
4.3441e-06
2.32895e-05
3.49099e-05
0.00011497
0.000171261
0.000207287
0.00102131
0.00101565
0.00096497
0.000783823
0.00047463
0.000244597
0.000167312
9.7292e-05
4.3441e-06
2.32895e-05
3.49099e-05
0.00011497
0.000171261
0.000207287
0.00102131
0.00101565
0.00096497
0.000783823
0.00047463
0.000244597
0.000167312
9.7292e-05
4.3441e-06
2.32895e-05
3.49099e-05
0.00011497
0.000171261
0.000207287
0.00102131
0.00101565
0.00096497
0.000783823
0.00047463
0.000244597
0.000167312
9.7292e-05
4.3441e-06
2.32895e-05
3.49099e-05
0.00011497
0.000171261
0.000207287
0.00102131
0.00101565
0.00096497
0.000783823
0.00047463
0.000244597
0.000167312
9.7292e-05
4.3441e-06
2.32895e-05
3.49099e-05
0.00011497
0.000171261
0.000207287
0.00102131
0.00101565
0.00096497
0.000783823
0.00047463
0.000244597
0.000167312
9.7292e-05
4.3441e-06
2.32895e-05
3.49099e-05
0.00011497
0.000171261
0.000207287
0.00102131
0.00101565
0.00096497
0.000783823
0.00047463
0.000244597
0.000167312
9.7292e-05
4.3441e-06
2.32895e-05
3.49099e-05
0.00011497
0.000171261
0.000207287
0.00102131
0.00101565
0.00096497
0.000783823
0.00047463
0.000244597
0.000167312
9.7292e-05
4.3441e-06
2.32895e-05
3.49099e-05
0.00011497
0.000171261
0.000207287
0.00102131
0.00101565
0.00096497
0.000783823
0.00047463
0.000244597
0.000167312
9.7292e-05
4.3441e-06
2.32895e-05
3.49099e-05
0.00011497
0.000171261
0.000207287
0.00102131
0.00101565
0.00096497
0.000783823
0.00047463
0.000244597
0.000167312
9.7292e-05
4.3441e-06
2.32895e-05
3.49099e-05
0.00011497
0.000171261
0.000207287
0.00102131
0.00101565
0.00096497
0.000783823
0.00047463
0.000244597
0.000167312
9.7292e-05
4.3441e-06
2.32895e-05
3.49099e-05
0.00011497
0.000171261
0.000207287
0.00102131
0.00101565
0.00096497
0.000783823
0.00047463
0.000244597
0.000167312
9.7292e-05
4.3441e-06
2.32895e-05
3.49099e-05
0.00011497
0.000171261
0.000207287
0.00102131
0.00101565
0.00096497
0.000783823
0.00047463
0.000244597
0.000167312
9.7292e-05
4.3441e-06
2.32895e-05
3.49099e-05
0.00011497
0.000171261
0.000207287
0.00102131
0.00101565
0.00096497
0.000783823
0.00047463
0.000244597
0.000167312
9.7292e-05
4.3441e-06
2.32895e-05
3.49099e-05
0.00011497
0.000171261
0.000207287
0.00102131
0.00101565
0.00096497
0.000783823
0.00047463
0.000244597
0.000167312
9.7292e-05
4.3441e-06
2.32895e-05
3.49099e-05
0.00011497
0.000171261
0.000207287
0.00102131
0.00101565
0.00096497
0.000783823
0.00047463
0.000244597
0.000167312
9.7292e-05
4.3441e-06
2.32895e-05
3.49099e-05
0.00011497
0.000171261
0.000207287
0.00102131
0.00101565
0.00096497
0.000783823
0.00047463
0.000244597
0.000167312
9.7292e-05
4.3441e-06
2.32895e-05
3.49099e-05
0.00011497
0.000171261
0.000207287
0.00102131
0.00101565
0.00096497
0.000783823
0.00047463
0.000244597
0.000167312
9.7292e-05
4.3441e-06
2.32895e-05
3.49099e-05
0.00011497
0.000171261
0.000207287
0.00102131
0.00101565
0.00096497
0.000783823
0.00047463
0.000244597
0.000167312
9.7292e-05
4.3441e-06
2.32895e-05
3.49099e-05
0.00011497
0.000171261
0.000207287
0.00102131
0.00101565
0.00096497
0.000783823
0.00047463
0.000244597
0.000167312
9.7292e-05
4.3441e-06
2.32895e-05
3.49099e-05
0.00011497
0.000171261
0.000207287
0.00102131
0.00101565
0.00096497
0.000783823
0.00047463
0.000244597
0.000167312
9.7292e-05
4.3441e-06
2.32895e-05
3.49099e-05
0.00011497
0.000171261
0.000207287
0.00102131
0.00101565
0.00096497
0.000783823
0.00047463
0.000244597
0.000167312
9.7292e-05
4.3441e-06
2.32895e-05
3.49099e-05
0.00011497
0.000171261
0.000207287
0.00102131
0.00101565
0.00096497
0.000783823
0.00047463
0.000244597
0.000167312
9.7292e-05
4.3441e-06
2.32895e-05
3.49099e-05
0.00011497
0.000171261
0.000207287
0.00102131
0.00101565
0.00096497
0.000783823
0.00047463
0.000244597
0.000167312
9.7292e-05
4.3441e-06
2.32895e-05
3.49099e-05
0.00011497
0.000171261
0.000207287
0.00102131
0.00101565
0.00096497
0.000783823
0.00047463
0.000244597
0.000167312
9.7292e-05
4.3441e-06
2.32895e-05
3.49099e-05
0.00011497
0.000171261
0.000207287
0.00102131
0.00101565
0.00096497
0.000783823
0.00047463
0.000244597
0.000167312
9.7292e-05
4.3441e-06
2.32895e-05
3.49099e-05
0.00011497
0.000171261
0.000207287
0.00102131
0.00101565
0.00096497
0.000783823
0.00047463
0.000244597
0.000167312
9.7292e-05
4.3441e-06
2.32895e-05
3.49099e-05
0.00011497
0.000171261
0.000207287
0.00068087
0.000677099
0.000643313
0.000522547
0.000316417
0.000163066
0.000111556
6.48858e-05
2.91747e-06
1.55192e-05
2.32634e-05
7.66189e-05
0.000114125
0.000138115
0.00068087
0.000672945
0.000594045
0.000334799
0.000101543
0.000154567
0.000146265
5.47353e-05
0.000123299
0.000177775
3.26472e-05
4.57739e-05
0.000348663
0.000440897
0.00068087
0.000675614
0.000626901
0.000457381
0.000217517
0.000121425
0.000117284
5.97739e-05
1.16042e-05
2.77204e-05
4.21027e-05
1.47186e-05
9.35467e-07
4.07134e-05
0.00068087
0.000676434
0.000636144
0.000493836
0.000269594
0.000137994
0.0001117
6.34067e-05
3.45206e-06
5.6494e-07
3.45792e-05
5.81097e-05
6.74008e-05
9.22963e-05
0.00068087
0.000676781
0.000639918
0.000508913
0.000293539
0.00014967
0.000110902
6.43262e-05
2.69517e-06
9.2319e-06
2.92371e-05
7.01515e-05
9.44763e-05
0.000117709
0.00068087
0.000676943
0.000641656
0.000515887
0.000305097
0.000156168
0.00011104
6.46352e-05
2.71778e-06
1.26295e-05
2.63123e-05
7.40247e-05
0.00010523
0.000128613
0.00068087
0.000677022
0.000642494
0.000519254
0.000310785
0.000159569
0.00011125
6.47657e-05
2.79867e-06
1.41332e-05
2.48015e-05
7.54743e-05
0.000109906
0.000133544
0.00068087
0.000677061
0.000642906
0.000520909
0.000313608
0.000161306
0.000111391
6.48268e-05
2.85368e-06
1.48404e-05
2.40356e-05
7.60838e-05
0.000112072
0.000135874
0.00068087
0.00067708
0.00064311
0.000521731
0.000315014
0.000162183
0.00011147
6.48565e-05
2.88451e-06
1.51833e-05
2.36503e-05
7.63605e-05
0.000113113
0.000137006
0.00068087
0.00067709
0.000643212
0.000522139
0.000315716
0.000162624
0.000111512
6.48712e-05
2.90073e-06
1.53521e-05
2.3457e-05
7.6492e-05
0.000113622
0.000137563
0.00068087
0.000677095
0.000643262
0.000522344
0.000316067
0.000162845
0.000111534
6.48785e-05
2.90904e-06
1.54358e-05
2.33603e-05
7.6556e-05
0.000113874
0.000137839
0.00068087
0.000677097
0.000643288
0.000522446
0.000316242
0.000162956
0.000111545
6.48822e-05
2.91324e-06
1.54776e-05
2.33118e-05
7.65876e-05
0.000114
0.000137977
0.00068087
0.000677098
0.0006433
0.000522496
0.00031633
0.000163011
0.00011155
6.4884e-05
2.91535e-06
1.54984e-05
2.32876e-05
7.66033e-05
0.000114062
0.000138046
0.00068087
0.000677099
0.000643307
0.000522522
0.000316374
0.000163039
0.000111553
6.48849e-05
2.91641e-06
1.55088e-05
2.32755e-05
7.66111e-05
0.000114094
0.00013808
0.00068087
0.000677099
0.00064331
0.000522535
0.000316396
0.000163052
0.000111554
6.48854e-05
2.91694e-06
1.5514e-05
2.32695e-05
7.6615e-05
0.000114109
0.000138097
0.00068087
0.000677099
0.000643311
0.000522541
0.000316407
0.000163059
0.000111555
6.48856e-05
2.9172e-06
1.55166e-05
2.32664e-05
7.66169e-05
0.000114117
0.000138106
0.00068087
0.000677099
0.000643312
0.000522544
0.000316412
0.000163063
0.000111555
6.48857e-05
2.91734e-06
1.55179e-05
2.32649e-05
7.66179e-05
0.000114121
0.00013811
0.00068087
0.000677099
0.000643313
0.000522546
0.000316415
0.000163065
0.000111556
6.48858e-05
2.9174e-06
1.55185e-05
2.32642e-05
7.66184e-05
0.000114123
0.000138112
0.00068087
0.000677099
0.000643313
0.000522547
0.000316416
0.000163065
0.000111556
6.48858e-05
2.91744e-06
1.55189e-05
2.32638e-05
7.66186e-05
0.000114124
0.000138113
0.00068087
0.000677099
0.000643313
0.000522547
0.000316417
0.000163066
0.000111556
6.48858e-05
2.91745e-06
1.5519e-05
2.32636e-05
7.66188e-05
0.000114124
0.000138114
0.00068087
0.000677099
0.000643313
0.000522547
0.000316417
0.000163066
0.000111556
6.48858e-05
2.91746e-06
1.55191e-05
2.32635e-05
7.66188e-05
0.000114125
0.000138114
0.00068087
0.000677099
0.000643313
0.000522547
0.000316417
0.000163066
0.000111556
6.48858e-05
2.91747e-06
1.55191e-05
2.32635e-05
7.66189e-05
0.000114125
0.000138114
0.00068087
0.000677099
0.000643313
0.000522547
0.000316417
0.000163066
0.000111556
6.48858e-05
2.91747e-06
1.55192e-05
2.32634e-05
7.66189e-05
0.000114125
0.000138114
0.00068087
0.000677099
0.000643313
0.000522547
0.000316417
0.000163066
0.000111556
6.48858e-05
2.91747e-06
1.55192e-05
2.32634e-05
7.66189e-05
0.000114125
0.000138114
0.00068087
0.000677099
0.000643313
0.000522547
0.000316417
0.000163066
0.000111556
6.48858e-05
2.91747e-06
1.55192e-05
2.32634e-05
7.66189e-05
0.000114125
0.000138115
0.00068087
0.000677099
0.000643313
0.000522547
0.000316417
0.000163066
0.000111556
6.48858e-05
2.91747e-06
1.55192e-05
2.32634e-05
7.66189e-05
0.000114125
0.000138115
0.00068087
0.000677099
0.000643313
0.000522547
0.000316417
0.000163066
0.000111556
6.48858e-05
2.91747e-06
1.55192e-05
2.32634e-05
7.66189e-05
0.000114125
0.000138115
0.00068087
0.000677099
0.000643313
0.000522547
0.000316417
0.000163066
0.000111556
6.48858e-05
2.91747e-06
1.55192e-05
2.32634e-05
7.66189e-05
0.000114125
0.000138115
0.00068087
0.000677099
0.000643313
0.000522547
0.000316417
0.000163066
0.000111556
6.48858e-05
2.91747e-06
1.55192e-05
2.32634e-05
7.66189e-05
0.000114125
0.000138115
0.00068087
0.000677099
0.000643313
0.000522547
0.000316417
0.000163066
0.000111556
6.48858e-05
2.91747e-06
1.55192e-05
2.32634e-05
7.66189e-05
0.000114125
0.000138115
0.00068087
0.000677099
0.000643313
0.000522547
0.000316417
0.000163066
0.000111556
6.48858e-05
2.91747e-06
1.55192e-05
2.32634e-05
7.66189e-05
0.000114125
0.000138115
0.00068087
0.000677099
0.000643313
0.000522547
0.000316417
0.000163066
0.000111556
6.48858e-05
2.91747e-06
1.55192e-05
2.32634e-05
7.66189e-05
0.000114125
0.000138115
0.00068087
0.000677099
0.000643313
0.000522547
0.000316417
0.000163066
0.000111556
6.48858e-05
2.91747e-06
1.55192e-05
2.32634e-05
7.66189e-05
0.000114125
0.000138115
0.00068087
0.000677099
0.000643313
0.000522547
0.000316417
0.000163066
0.000111556
6.48858e-05
2.91747e-06
1.55192e-05
2.32634e-05
7.66189e-05
0.000114125
0.000138115
0.00068087
0.000677099
0.000643313
0.000522547
0.000316417
0.000163066
0.000111556
6.48858e-05
2.91747e-06
1.55192e-05
2.32634e-05
7.66189e-05
0.000114125
0.000138115
0.00068087
0.000677099
0.000643313
0.000522547
0.000316417
0.000163066
0.000111556
6.48858e-05
2.91747e-06
1.55192e-05
2.32634e-05
7.66189e-05
0.000114125
0.000138115
0.00068087
0.000677099
0.000643313
0.000522547
0.000316417
0.000163066
0.000111556
6.48858e-05
2.91747e-06
1.55192e-05
2.32634e-05
7.66189e-05
0.000114125
0.000138115
0.00068087
0.000677099
0.000643313
0.000522547
0.000316417
0.000163066
0.000111556
6.48858e-05
2.91747e-06
1.55192e-05
2.32634e-05
7.66189e-05
0.000114125
0.000138115
0.00068087
0.000677099
0.000643313
0.000522547
0.000316417
0.000163066
0.000111556
6.48858e-05
2.91747e-06
1.55192e-05
2.32634e-05
7.66189e-05
0.000114125
0.000138115
0.00068087
0.000677099
0.000643313
0.000522547
0.000316417
0.000163066
0.000111556
6.48858e-05
2.91747e-06
1.55192e-05
2.32634e-05
7.66189e-05
0.000114125
0.000138115
0.00068087
0.000677099
0.000643313
0.000522547
0.000316417
0.000163066
0.000111556
6.48858e-05
2.91747e-06
1.55192e-05
2.32634e-05
7.66189e-05
0.000114125
0.000138115
0.00068087
0.000677099
0.000643313
0.000522547
0.000316417
0.000163066
0.000111556
6.48858e-05
2.91747e-06
1.55192e-05
2.32634e-05
7.66189e-05
0.000114125
0.000138115
0.00068087
0.000677099
0.000643313
0.000522547
0.000316417
0.000163066
0.000111556
6.48858e-05
2.91747e-06
1.55192e-05
2.32634e-05
7.66189e-05
0.000114125
0.000138115
0.00068087
0.000677099
0.000643313
0.000522547
0.000316417
0.000163066
0.000111556
6.48858e-05
2.91747e-06
1.55192e-05
2.32634e-05
7.66189e-05
0.000114125
0.000138115
0.00068087
0.000677099
0.000643313
0.000522547
0.000316417
0.000163066
0.000111556
6.48858e-05
2.91747e-06
1.55192e-05
2.32634e-05
7.66189e-05
0.000114125
0.000138115
0.00068087
0.000677099
0.000643313
0.000522547
0.000316417
0.000163066
0.000111556
6.48858e-05
2.91747e-06
1.55192e-05
2.32634e-05
7.66189e-05
0.000114125
0.000138115
0.00068087
0.000677099
0.000643313
0.000522547
0.000316417
0.000163066
0.000111556
6.48858e-05
2.91747e-06
1.55192e-05
2.32634e-05
7.66189e-05
0.000114125
0.000138115
0.00068087
0.000677099
0.000643313
0.000522547
0.000316417
0.000163066
0.000111556
6.48858e-05
2.91747e-06
1.55192e-05
2.32634e-05
7.66189e-05
0.000114125
0.000138115
0.00068087
0.000677099
0.000643313
0.000522547
0.000316417
0.000163066
0.000111556
6.48858e-05
2.91747e-06
1.55192e-05
2.32634e-05
7.66189e-05
0.000114125
0.000138115
0.00068087
0.000677099
0.000643313
0.000522547
0.000316417
0.000163066
0.000111556
6.48858e-05
2.91747e-06
1.55192e-05
2.32634e-05
7.66189e-05
0.000114125
0.000138115
0.00068087
0.000677099
0.000643313
0.000522547
0.000316417
0.000163066
0.000111556
6.48858e-05
2.91747e-06
1.55192e-05
2.32634e-05
7.66189e-05
0.000114125
0.000138115
0.00068087
0.000677099
0.000643313
0.000522547
0.000316417
0.000163066
0.000111556
6.48858e-05
2.91747e-06
1.55192e-05
2.32634e-05
7.66189e-05
0.000114125
0.000138115
0.00068087
0.000677099
0.000643313
0.000522547
0.000316417
0.000163066
0.000111556
6.48858e-05
2.91747e-06
1.55192e-05
2.32634e-05
7.66189e-05
0.000114125
0.000138115
0.00068087
0.000677099
0.000643313
0.000522547
0.000316417
0.000163066
0.000111556
6.48858e-05
2.91747e-06
1.55192e-05
2.32634e-05
7.66189e-05
0.000114125
0.000138115
0.00068087
0.000677099
0.000643313
0.000522547
0.000316417
0.000163066
0.000111556
6.48858e-05
2.91747e-06
1.55192e-05
2.32634e-05
7.66189e-05
0.000114125
0.000138115
0.00068087
0.000677099
0.000643313
0.000522547
0.000316417
0.000163066
0.000111556
6.48858e-05
2.91747e-06
1.55192e-05
2.32634e-05
7.66189e-05
0.000114125
0.000138115
0.00068087
0.000677099
0.000643313
0.000522547
0.000316417
0.000163066
0.000111556
6.48858e-05
2.91747e-06
1.55192e-05
2.32634e-05
7.66189e-05
0.000114125
0.000138115
0.00068087
0.000677099
0.000643313
0.000522547
0.000316417
0.000163066
0.000111556
6.48858e-05
2.91747e-06
1.55192e-05
2.32634e-05
7.66189e-05
0.000114125
0.000138115
0.00068087
0.000677099
0.000643313
0.000522547
0.000316417
0.000163066
0.000111556
6.48858e-05
2.91747e-06
1.55192e-05
2.32634e-05
7.66189e-05
0.000114125
0.000138115
0.00068087
0.000677099
0.000643313
0.000522547
0.000316417
0.000163066
0.000111556
6.48858e-05
2.91747e-06
1.55192e-05
2.32634e-05
7.66189e-05
0.000114125
0.000138115
0.00068087
0.000677099
0.000643313
0.000522547
0.000316417
0.000163066
0.000111556
6.48858e-05
2.91747e-06
1.55192e-05
2.32634e-05
7.66189e-05
0.000114125
0.000138115
0.00068087
0.000677099
0.000643313
0.000522547
0.000316417
0.000163066
0.000111556
6.48858e-05
2.91747e-06
1.55192e-05
2.32634e-05
7.66189e-05
0.000114125
0.000138115
0.00068087
0.000677099
0.000643313
0.000522547
0.000316417
0.000163066
0.000111556
6.48858e-05
2.91747e-06
1.55192e-05
2.32634e-05
7.66189e-05
0.000114125
0.000138115
0.00068087
0.000677099
0.000643313
0.000522547
0.000316417
0.000163066
0.000111556
6.48858e-05
2.91747e-06
1.55192e-05
2.32634e-05
7.66189e-05
0.000114125
0.000138115
0.00068087
0.000677099
0.000643313
0.000522547
0.000316417
0.000163066
0.000111556
6.48858e-05
2.91747e-06
1.55192e-05
2.32634e-05
7.66189e-05
0.000114125
0.000138115
0.00068087
0.000677099
0.000643313
0.000522547
0.000316417
0.000163066
0.000111556
6.48858e-05
2.91747e-06
1.55192e-05
2.32634e-05
7.66189e-05
0.000114125
0.000138115
0.00068087
0.000677099
0.000643313
0.000522547
0.000316417
0.000163066
0.000111556
6.48858e-05
2.91747e-06
1.55192e-05
2.32634e-05
7.66189e-05
0.000114125
0.000138115
0.00068087
0.000677099
0.000643313
0.000522547
0.000316417
0.000163066
0.000111556
6.48858e-05
2.91747e-06
1.55192e-05
2.32634e-05
7.66189e-05
0.000114125
0.000138115
0.00068087
0.000677099
0.000643313
0.000522547
0.000316417
0.000163066
0.000111556
6.48858e-05
2.91747e-06
1.55192e-05
2.32634e-05
7.66189e-05
0.000114125
0.000138115
0.00068087
0.000677099
0.000643313
0.000522547
0.000316417
0.000163066
0.000111556
6.48858e-05
2.91747e-06
1.55192e-05
2.32634e-05
7.66189e-05
0.000114125
0.000138115
0.00068087
0.000677099
0.000643313
0.000522547
0.000316417
0.000163066
0.000111556
6.48858e-05
2.91747e-06
1.55192e-05
2.32634e-05
7.66189e-05
0.000114125
0.000138115
0.00068087
0.000677099
0.000643313
0.000522547
0.000316417
0.000163066
0.000111556
6.48858e-05
2.91747e-06
1.55192e-05
2.32634e-05
7.66189e-05
0.000114125
0.000138115
0.00068087
0.000677099
0.000643313
0.000522547
0.000316417
0.000163066
0.000111556
6.48858e-05
2.91747e-06
1.55192e-05
2.32634e-05
7.66189e-05
0.000114125
0.000138115
0.00068087
0.000677099
0.000643313
0.000522547
0.000316417
0.000163066
0.000111556
6.48858e-05
2.91747e-06
1.55192e-05
2.32634e-05
7.66189e-05
0.000114125
0.000138115
0.00068087
0.000677099
0.000643313
0.000522547
0.000316417
0.000163066
0.000111556
6.48858e-05
2.91747e-06
1.55192e-05
2.32634e-05
7.66189e-05
0.000114125
0.000138115
0.00068087
0.000677099
0.000643313
0.000522547
0.000316417
0.000163066
0.000111556
6.48858e-05
2.91747e-06
1.55192e-05
2.32634e-05
7.66189e-05
0.000114125
0.000138115
0.00068087
0.000677099
0.000643313
0.000522547
0.000316417
0.000163066
0.000111556
6.48858e-05
2.91747e-06
1.55192e-05
2.32634e-05
7.66189e-05
0.000114125
0.000138115
0.00068087
0.000677099
0.000643313
0.000522547
0.000316417
0.000163066
0.000111556
6.48858e-05
2.91747e-06
1.55192e-05
2.32634e-05
7.66189e-05
0.000114125
0.000138115
0.00068087
0.000677099
0.000643313
0.000522547
0.000316417
0.000163066
0.000111556
6.48858e-05
2.91747e-06
1.55192e-05
2.32634e-05
7.66189e-05
0.000114125
0.000138115
0.00068087
0.000677099
0.000643313
0.000522547
0.000316417
0.000163066
0.000111556
6.48858e-05
2.91747e-06
1.55192e-05
2.32634e-05
7.66189e-05
0.000114125
0.000138115
0.00068087
0.000677099
0.000643313
0.000522547
0.000316417
0.000163066
0.000111556
6.48858e-05
2.91747e-06
1.55192e-05
2.32634e-05
7.66189e-05
0.000114125
0.000138115
0.00068087
0.000677099
0.000643313
0.000522547
0.000316417
0.000163066
0.000111556
6.48858e-05
2.91747e-06
1.55192e-05
2.32634e-05
7.66189e-05
0.000114125
0.000138115
0.00068087
0.000677099
0.000643313
0.000522547
0.000316417
0.000163066
0.000111556
6.48858e-05
2.91747e-06
1.55192e-05
2.32634e-05
7.66189e-05
0.000114125
0.000138115
0.00068087
0.000677099
0.000643313
0.000522547
0.000316417
0.000163066
0.000111556
6.48858e-05
2.91747e-06
1.55192e-05
2.32634e-05
7.66189e-05
0.000114125
0.000138115
0.00068087
0.000677099
0.000643313
0.000522547
0.000316417
0.000163066
0.000111556
6.48858e-05
2.91747e-06
1.55192e-05
2.32634e-05
7.66189e-05
0.000114125
0.000138115
0.00068087
0.000677099
0.000643313
0.000522547
0.000316417
0.000163066
0.000111556
6.48858e-05
2.91747e-06
1.55192e-05
2.32634e-05
7.66189e-05
0.000114125
0.000138115
0.00068087
0.000677099
0.000643313
0.000522547
0.000316417
0.000163066
0.000111556
6.48858e-05
2.91747e-06
1.55192e-05
2.32634e-05
7.66189e-05
0.000114125
0.000138115
0.00068087
0.000677099
0.000643313
0.000522547
0.000316417
0.000163066
0.000111556
6.48858e-05
2.91747e-06
1.55192e-05
2.32634e-05
7.66189e-05
0.000114125
0.000138115
0.00068087
0.000677099
0.000643313
0.000522547
0.000316417
0.000163066
0.000111556
6.48858e-05
2.91747e-06
1.55192e-05
2.32634e-05
7.66189e-05
0.000114125
0.000138115
0.00068087
0.000677099
0.000643313
0.000522547
0.000316417
0.000163066
0.000111556
6.48858e-05
2.91747e-06
1.55192e-05
2.32634e-05
7.66189e-05
0.000114125
0.000138115
0.00068087
0.000677099
0.000643313
0.000522547
0.000316417
0.000163066
0.000111556
6.48858e-05
2.91747e-06
1.55192e-05
2.32634e-05
7.66189e-05
0.000114125
0.000138115
0.00068087
0.000677099
0.000643313
0.000522547
0.000316417
0.000163066
0.000111556
6.48858e-05
2.91747e-06
1.55192e-05
2.32634e-05
7.66189e-05
0.000114125
0.000138115
0.00068087
0.000677099
0.000643313
0.000522547
0.000316417
0.000163066
0.000111556
6.48858e-05
2.91747e-06
1.55192e-05
2.32634e-05
7.66189e-05
0.000114125
0.000138115
0.00068087
0.000677099
0.000643313
0.000522547
0.000316417
0.000163066
0.000111556
6.48858e-05
2.91747e-06
1.55192e-05
2.32634e-05
7.66189e-05
0.000114125
0.000138115
0.00068087
0.000677099
0.000643313
0.000522547
0.000316417
0.000163066
0.000111556
6.48858e-05
2.91747e-06
1.55192e-05
2.32634e-05
7.66189e-05
0.000114125
0.000138115
0.00068087
0.000677099
0.000643313
0.000522547
0.000316417
0.000163066
0.000111556
6.48858e-05
2.91747e-06
1.55192e-05
2.32634e-05
7.66189e-05
0.000114125
0.000138115
0.00068087
0.000677099
0.000643313
0.000522547
0.000316417
0.000163066
0.000111556
6.48858e-05
2.91747e-06
1.55192e-05
2.32634e-05
7.66189e-05
0.000114125
0.000138115
0.00068087
0.000677099
0.000643313
0.000522547
0.000316417
0.000163066
0.000111556
6.48858e-05
2.91747e-06
1.55192e-05
2.32634e-05
7.66189e-05
0.000114125
0.000138115
0.00068087
0.000677099
0.000643313
0.000522547
0.000316417
0.000163066
0.000111556
6.48858e-05
2.91747e-06
1.55192e-05
2.32634e-05
7.66189e-05
0.000114125
0.000138115
0.00068087
0.000677099
0.000643313
0.000522547
0.000316417
0.000163066
0.000111556
6.48858e-05
2.91747e-06
1.55192e-05
2.32634e-05
7.66189e-05
0.000114125
0.000138115
0.00068087
0.000677099
0.000643313
0.000522547
0.000316417
0.000163066
0.000111556
6.48858e-05
2.91747e-06
1.55192e-05
2.32634e-05
7.66189e-05
0.000114125
0.000138115
0.00068087
0.000677099
0.000643313
0.000522547
0.000316417
0.000163066
0.000111556
6.48858e-05
2.91747e-06
1.55192e-05
2.32634e-05
7.66189e-05
0.000114125
0.000138115
0.00068087
0.000677099
0.000643313
0.000522547
0.000316417
0.000163066
0.000111556
6.48858e-05
2.91747e-06
1.55192e-05
2.32634e-05
7.66189e-05
0.000114125
0.000138115
0.00068087
0.000677099
0.000643313
0.000522547
0.000316417
0.000163066
0.000111556
6.48858e-05
2.91747e-06
1.55192e-05
2.32634e-05
7.66189e-05
0.000114125
0.000138115
0.00068087
0.000677099
0.000643313
0.000522547
0.000316417
0.000163066
0.000111556
6.48858e-05
2.91747e-06
1.55192e-05
2.32634e-05
7.66189e-05
0.000114125
0.000138115
0.00068087
0.000677099
0.000643313
0.000522547
0.000316417
0.000163066
0.000111556
6.48858e-05
2.91747e-06
1.55192e-05
2.32634e-05
7.66189e-05
0.000114125
0.000138115
0.00068087
0.000677099
0.000643313
0.000522547
0.000316417
0.000163066
0.000111556
6.48858e-05
2.91747e-06
1.55192e-05
2.32634e-05
7.66189e-05
0.000114125
0.000138115
0.00068087
0.000677099
0.000643313
0.000522547
0.000316417
0.000163066
0.000111556
6.48858e-05
2.91747e-06
1.55192e-05
2.32634e-05
7.66189e-05
0.000114125
0.000138115
0.00068087
0.000677099
0.000643313
0.000522547
0.000316417
0.000163066
0.000111556
6.48858e-05
2.91747e-06
1.55192e-05
2.32634e-05
7.66189e-05
0.000114125
0.000138115
0.00068087
0.000677099
0.000643313
0.000522547
0.000316417
0.000163066
0.000111556
6.48858e-05
2.91747e-06
1.55192e-05
2.32634e-05
7.66189e-05
0.000114125
0.000138115
0.00068087
0.000677099
0.000643313
0.000522547
0.000316417
0.000163066
0.000111556
6.48858e-05
2.91747e-06
1.55192e-05
2.32634e-05
7.66189e-05
0.000114125
0.000138115
0.00068087
0.000677099
0.000643313
0.000522547
0.000316417
0.000163066
0.000111556
6.48858e-05
2.91747e-06
1.55192e-05
2.32634e-05
7.66189e-05
0.000114125
0.000138115
0.00068087
0.000677099
0.000643313
0.000522547
0.000316417
0.000163066
0.000111556
6.48858e-05
2.91747e-06
1.55192e-05
2.32634e-05
7.66189e-05
0.000114125
0.000138115
0.00068087
0.000677099
0.000643313
0.000522547
0.000316417
0.000163066
0.000111556
6.48858e-05
2.91747e-06
1.55192e-05
2.32634e-05
7.66189e-05
0.000114125
0.000138115
0.00068087
0.000677099
0.000643313
0.000522547
0.000316417
0.000163066
0.000111556
6.48858e-05
2.91747e-06
1.55192e-05
2.32634e-05
7.66189e-05
0.000114125
0.000138115
0.00068087
0.000677099
0.000643313
0.000522547
0.000316417
0.000163066
0.000111556
6.48858e-05
2.91747e-06
1.55192e-05
2.32634e-05
7.66189e-05
0.000114125
0.000138115
0.00068087
0.000677099
0.000643313
0.000522547
0.000316417
0.000163066
0.000111556
6.48858e-05
2.91747e-06
1.55192e-05
2.32634e-05
7.66189e-05
0.000114125
0.000138115
0.00068087
0.000677099
0.000643313
0.000522547
0.000316417
0.000163066
0.000111556
6.48858e-05
2.91747e-06
1.55192e-05
2.32634e-05
7.66189e-05
0.000114125
0.000138115
0.00068087
0.000677099
0.000643313
0.000522547
0.000316417
0.000163066
0.000111556
6.48858e-05
2.91747e-06
1.55192e-05
2.32634e-05
7.66189e-05
0.000114125
0.000138115
0.00068087
0.000677099
0.000643313
0.000522547
0.000316417
0.000163066
0.000111556
6.48858e-05
2.91747e-06
1.55192e-05
2.32634e-05
7.66189e-05
0.000114125
0.000138115
0.00068087
0.000677099
0.000643313
0.000522547
0.000316417
0.000163066
0.000111556
6.48858e-05
2.91747e-06
1.55192e-05
2.32634e-05
7.66189e-05
0.000114125
0.000138115
