1.43158e-05
1.01567e-05
9.77272e-06
3.65327e-05
4.14072e-05
0
6.25613e-05
9.09283e-05
7.08365e-05
3.11773e-05
0
1.55965e-05
1.96886e-05
1.63514e-05
1.43158e-05
6.97159e-05
0.00100955
0.00221435
0.00255551
0.00213263
0.00116427
0.000231131
5.88117e-05
3.17487e-05
8.47467e-05
0.00056641
0.00127318
0.0017504
1.43158e-05
4.15739e-07
0.000140423
0.000501718
0.000810255
0.000800795
0.00053531
0.000220464
3.22187e-05
6.48191e-06
1.70432e-05
7.82796e-05
0.000238218
0.000501917
1.43158e-05
7.01028e-06
3.85716e-05
0.000139939
0.000236061
0.000225712
0.000123219
2.31108e-05
1.89169e-05
1.21392e-05
9.38931e-06
2.99282e-05
6.10721e-05
0.000120323
1.43158e-05
8.89881e-06
1.89716e-05
6.52482e-05
9.34672e-05
5.92988e-05
1.43735e-05
6.03148e-05
5.49816e-05
2.38132e-05
4.08494e-06
2.0239e-05
3.01215e-05
4.116e-05
1.43158e-05
8.05248e-06
2.71051e-05
9.56799e-05
0.000152589
0.000129776
4.51138e-05
2.30463e-05
3.78656e-05
1.77436e-05
6.82604e-06
2.43812e-05
4.23588e-05
7.26731e-05
1.43158e-05
7.55881e-06
3.23665e-05
0.000115929
0.000191221
0.000174709
8.2106e-05
8.1334e-07
2.8446e-05
1.48153e-05
8.14459e-06
2.69575e-05
5.08027e-05
9.43335e-05
1.43158e-05
0.00143065
8.35123e-05
0.000110625
0.00166272
0.00771288
0.00257071
0.00101759
0.00102189
0.00309305
2.80895e-06
7.21846e-07
3.44913e-08
0
1.43158e-05
0.00148758
0.00388998
0.00362981
0.0037506
0.00295023
3.23509e-05
0.00042652
0.000583475
2.65974e-05
0.00178826
0.00276316
0.00273612
0.00370415
1.43158e-05
8.17857e-05
0.00113419
0.00237225
0.0026821
0.00221865
0.00116311
0.000156688
6.90588e-05
1.3836e-05
5.15639e-05
0.000668847
0.0015972
0.00208946
1.43158e-05
7.41278e-06
0.000248938
0.000822581
0.00122563
0.00116577
0.000762887
0.000291702
2.10917e-05
2.08418e-05
1.04297e-05
0.000111406
0.000420064
0.000883699
1.43158e-05
2.77754e-06
9.55363e-05
0.000352714
0.000594591
0.000601513
0.00040547
0.000168894
2.43049e-05
7.31714e-06
1.12551e-05
4.95622e-05
0.000153908
0.000360575
1.43158e-05
5.59745e-06
5.63787e-05
0.000208961
0.000360005
0.000362142
0.000230464
8.28994e-05
2.26374e-06
8.02945e-06
1.06439e-05
3.59071e-05
8.85979e-05
0.000196818
1.43158e-05
6.66497e-06
4.28353e-05
0.000156751
0.000267192
0.000260943
0.00015172
3.96941e-05
1.25862e-05
1.07767e-05
9.64711e-06
3.10244e-05
6.69819e-05
0.000138676
1.43158e-05
7.1315e-06
3.72549e-05
0.000135002
0.000227102
0.000215847
0.000115617
1.89604e-05
2.04771e-05
1.26612e-05
8.95658e-06
2.89046e-05
5.82904e-05
0.000114893
1.43158e-05
7.34982e-06
3.47287e-05
0.000125141
0.000208637
0.000194771
9.85182e-05
8.93517e-06
2.44636e-05
1.37087e-05
8.56509e-06
2.7911e-05
5.4405e-05
0.000104225
1.43158e-05
7.45545e-06
3.35276e-05
0.000120455
0.000199799
0.000184612
9.02239e-05
4.02401e-06
2.64568e-05
1.42552e-05
8.35836e-06
2.74294e-05
5.25695e-05
9.91843e-05
1.43158e-05
7.50741e-06
3.29421e-05
0.000118172
0.000195477
0.000179628
8.61426e-05
1.59582e-06
2.74521e-05
1.45336e-05
8.25234e-06
2.71923e-05
5.16776e-05
9.67353e-05
1.43158e-05
7.53318e-06
3.26531e-05
0.000117046
0.000193341
0.00017716
8.41187e-05
3.88822e-07
2.79492e-05
1.46741e-05
8.19868e-06
2.70746e-05
5.12381e-05
9.55286e-05
1.43158e-05
7.54601e-06
3.25095e-05
0.000116486
0.000192279
0.000175933
8.31109e-05
2.12868e-07
2.81977e-05
1.47446e-05
8.17169e-06
2.7016e-05
5.10199e-05
9.49296e-05
1.43158e-05
7.55241e-06
3.24379e-05
0.000116207
0.00019175
0.00017532
8.26081e-05
5.13257e-07
2.83218e-05
1.47799e-05
8.15816e-06
2.69867e-05
5.09112e-05
9.46312e-05
1.43158e-05
7.55561e-06
3.24022e-05
0.000116068
0.000191485
0.000175014
8.2357e-05
6.63337e-07
2.83839e-05
1.47976e-05
8.15138e-06
2.69721e-05
5.08569e-05
9.44823e-05
1.43158e-05
7.55721e-06
3.23843e-05
0.000115998
0.000191353
0.000174862
8.22315e-05
7.38348e-07
2.84149e-05
1.48065e-05
8.14799e-06
2.69648e-05
5.08298e-05
9.44079e-05
1.43158e-05
7.55801e-06
3.23754e-05
0.000115963
0.000191287
0.000174785
8.21687e-05
7.75847e-07
2.84305e-05
1.48109e-05
8.14629e-06
2.69612e-05
5.08163e-05
9.43707e-05
1.43158e-05
7.55841e-06
3.2371e-05
0.000115946
0.000191254
0.000174747
8.21374e-05
7.94594e-07
2.84382e-05
1.48131e-05
8.14544e-06
2.69593e-05
5.08095e-05
9.43521e-05
1.43158e-05
7.55861e-06
3.23687e-05
0.000115937
0.000191238
0.000174728
8.21217e-05
8.03967e-07
2.84421e-05
1.48142e-05
8.14502e-06
2.69584e-05
5.08061e-05
9.43428e-05
1.43158e-05
7.55871e-06
3.23676e-05
0.000115933
0.00019123
0.000174718
8.21138e-05
8.08654e-07
2.8444e-05
1.48148e-05
8.14481e-06
2.6958e-05
5.08044e-05
9.43382e-05
1.43158e-05
7.55876e-06
3.23671e-05
0.000115931
0.000191225
0.000174714
8.21099e-05
8.10997e-07
2.8445e-05
1.48151e-05
8.1447e-06
2.69577e-05
5.08036e-05
9.43358e-05
1.43158e-05
7.55878e-06
3.23668e-05
0.00011593
0.000191223
0.000174711
8.2108e-05
8.12169e-07
2.84455e-05
1.48152e-05
8.14465e-06
2.69576e-05
5.08031e-05
9.43347e-05
1.43158e-05
7.55879e-06
3.23666e-05
0.000115929
0.000191222
0.00017471
8.2107e-05
8.12755e-07
2.84457e-05
1.48153e-05
8.14462e-06
2.69576e-05
5.08029e-05
9.43341e-05
1.43158e-05
7.5588e-06
3.23666e-05
0.000115929
0.000191222
0.00017471
8.21065e-05
8.13048e-07
2.84459e-05
1.48153e-05
8.14461e-06
2.69575e-05
5.08028e-05
9.43338e-05
1.43158e-05
7.5588e-06
3.23665e-05
0.000115929
0.000191222
0.000174709
8.21062e-05
8.13194e-07
2.84459e-05
1.48153e-05
8.1446e-06
2.69575e-05
5.08028e-05
9.43337e-05
1.43158e-05
7.55881e-06
3.23665e-05
0.000115929
0.000191221
0.000174709
8.21061e-05
8.13267e-07
2.84459e-05
1.48153e-05
8.1446e-06
2.69575e-05
5.08027e-05
9.43336e-05
1.43158e-05
7.55881e-06
3.23665e-05
0.000115929
0.000191221
0.000174709
8.21061e-05
8.13304e-07
2.8446e-05
1.48153e-05
8.1446e-06
2.69575e-05
5.08027e-05
9.43335e-05
1.43158e-05
7.55881e-06
3.23665e-05
0.000115929
0.000191221
0.000174709
8.2106e-05
8.13322e-07
2.8446e-05
1.48153e-05
8.14459e-06
2.69575e-05
5.08027e-05
9.43335e-05
1.43158e-05
7.55881e-06
3.23665e-05
0.000115929
0.000191221
0.000174709
8.2106e-05
8.13331e-07
2.8446e-05
1.48153e-05
8.14459e-06
2.69575e-05
5.08027e-05
9.43335e-05
1.43158e-05
7.55881e-06
3.23665e-05
0.000115929
0.000191221
0.000174709
8.2106e-05
8.13336e-07
2.8446e-05
1.48153e-05
8.14459e-06
2.69575e-05
5.08027e-05
9.43335e-05
1.43158e-05
7.55881e-06
3.23665e-05
0.000115929
0.000191221
0.000174709
8.2106e-05
8.13338e-07
2.8446e-05
1.48153e-05
8.14459e-06
2.69575e-05
5.08027e-05
9.43335e-05
1.43158e-05
7.55881e-06
3.23665e-05
0.000115929
0.000191221
0.000174709
8.2106e-05
8.13339e-07
2.8446e-05
1.48153e-05
8.14459e-06
2.69575e-05
5.08027e-05
9.43335e-05
1.43158e-05
7.55881e-06
3.23665e-05
0.000115929
0.000191221
0.000174709
8.2106e-05
8.1334e-07
2.8446e-05
1.48153e-05
8.14459e-06
2.69575e-05
5.08027e-05
9.43335e-05
1.43158e-05
7.55881e-06
3.23665e-05
0.000115929
0.000191221
0.000174709
8.2106e-05
8.1334e-07
2.8446e-05
1.48153e-05
8.14459e-06
2.69575e-05
5.08027e-05
9.43335e-05
1.43158e-05
7.55881e-06
3.23665e-05
0.000115929
0.000191221
0.000174709
8.2106e-05
8.1334e-07
2.8446e-05
1.48153e-05
8.14459e-06
2.69575e-05
5.08027e-05
9.43335e-05
1.43158e-05
7.55881e-06
3.23665e-05
0.000115929
0.000191221
0.000174709
8.2106e-05
8.1334e-07
2.8446e-05
1.48153e-05
8.14459e-06
2.69575e-05
5.08027e-05
9.43335e-05
1.43158e-05
7.55881e-06
3.23665e-05
0.000115929
0.000191221
0.000174709
8.2106e-05
8.1334e-07
2.8446e-05
1.48153e-05
8.14459e-06
2.69575e-05
5.08027e-05
9.43335e-05
1.43158e-05
7.55881e-06
3.23665e-05
0.000115929
0.000191221
0.000174709
8.2106e-05
8.1334e-07
2.8446e-05
1.48153e-05
8.14459e-06
2.69575e-05
5.08027e-05
9.43335e-05
1.43158e-05
7.55881e-06
3.23665e-05
0.000115929
0.000191221
0.000174709
8.2106e-05
8.1334e-07
2.8446e-05
1.48153e-05
8.14459e-06
2.69575e-05
5.08027e-05
9.43335e-05
1.43158e-05
7.55881e-06
3.23665e-05
0.000115929
0.000191221
0.000174709
8.2106e-05
8.1334e-07
2.8446e-05
1.48153e-05
8.14459e-06
2.69575e-05
5.08027e-05
9.43335e-05
1.43158e-05
7.55881e-06
3.23665e-05
0.000115929
0.000191221
0.000174709
8.2106e-05
8.1334e-07
2.8446e-05
1.48153e-05
8.14459e-06
2.69575e-05
5.08027e-05
9.43335e-05
1.43158e-05
7.55881e-06
3.23665e-05
0.000115929
0.000191221
0.000174709
8.2106e-05
8.1334e-07
2.8446e-05
1.48153e-05
8.14459e-06
2.69575e-05
5.08027e-05
9.43335e-05
1.43158e-05
7.55881e-06
3.23665e-05
0.000115929
0.000191221
0.000174709
8.2106e-05
8.1334e-07
2.8446e-05
1.48153e-05
8.14459e-06
2.69575e-05
5.08027e-05
9.43335e-05
1.43158e-05
7.55881e-06
3.23665e-05
0.000115929
0.000191221
0.000174709
8.2106e-05
8.1334e-07
2.8446e-05
1.48153e-05
8.14459e-06
2.69575e-05
5.08027e-05
9.43335e-05
1.43158e-05
7.55881e-06
3.23665e-05
0.000115929
0.000191221
0.000174709
8.2106e-05
8.1334e-07
2.8446e-05
1.48153e-05
8.14459e-06
2.69575e-05
5.08027e-05
9.43335e-05
1.43158e-05
7.55881e-06
3.23665e-05
0.000115929
0.000191221
0.000174709
8.2106e-05
8.1334e-07
2.8446e-05
1.48153e-05
8.14459e-06
2.69575e-05
5.08027e-05
9.43335e-05
1.43158e-05
7.55881e-06
3.23665e-05
0.000115929
0.000191221
0.000174709
8.2106e-05
8.1334e-07
2.8446e-05
1.48153e-05
8.14459e-06
2.69575e-05
5.08027e-05
9.43335e-05
1.43158e-05
7.55881e-06
3.23665e-05
0.000115929
0.000191221
0.000174709
8.2106e-05
8.1334e-07
2.8446e-05
1.48153e-05
8.14459e-06
2.69575e-05
5.08027e-05
9.43335e-05
1.43158e-05
7.55881e-06
3.23665e-05
0.000115929
0.000191221
0.000174709
8.2106e-05
8.1334e-07
2.8446e-05
1.48153e-05
8.14459e-06
2.69575e-05
5.08027e-05
9.43335e-05
1.43158e-05
7.55881e-06
3.23665e-05
0.000115929
0.000191221
0.000174709
8.2106e-05
8.1334e-07
2.8446e-05
1.48153e-05
8.14459e-06
2.69575e-05
5.08027e-05
9.43335e-05
1.43158e-05
7.55881e-06
3.23665e-05
0.000115929
0.000191221
0.000174709
8.2106e-05
8.1334e-07
2.8446e-05
1.48153e-05
8.14459e-06
2.69575e-05
5.08027e-05
9.43335e-05
1.43158e-05
7.55881e-06
3.23665e-05
0.000115929
0.000191221
0.000174709
8.2106e-05
8.1334e-07
2.8446e-05
1.48153e-05
8.14459e-06
2.69575e-05
5.08027e-05
9.43335e-05
1.43158e-05
7.55881e-06
3.23665e-05
0.000115929
0.000191221
0.000174709
8.2106e-05
8.1334e-07
2.8446e-05
1.48153e-05
8.14459e-06
2.69575e-05
5.08027e-05
9.43335e-05
1.43158e-05
7.55881e-06
3.23665e-05
0.000115929
0.000191221
0.000174709
8.2106e-05
8.1334e-07
2.8446e-05
1.48153e-05
8.14459e-06
2.69575e-05
5.08027e-05
9.43335e-05
1.43158e-05
7.55881e-06
3.23665e-05
0.000115929
0.000191221
0.000174709
8.2106e-05
8.1334e-07
2.8446e-05
1.48153e-05
8.14459e-06
2.69575e-05
5.08027e-05
9.43335e-05
1.43158e-05
7.55881e-06
3.23665e-05
0.000115929
0.000191221
0.000174709
8.2106e-05
8.1334e-07
2.8446e-05
1.48153e-05
8.14459e-06
2.69575e-05
5.08027e-05
9.43335e-05
1.43158e-05
7.55881e-06
3.23665e-05
0.000115929
0.000191221
0.000174709
8.2106e-05
8.1334e-07
2.8446e-05
1.48153e-05
8.14459e-06
2.69575e-05
5.08027e-05
9.43335e-05
1.43158e-05
7.55881e-06
3.23665e-05
0.000115929
0.000191221
0.000174709
8.2106e-05
8.1334e-07
2.8446e-05
1.48153e-05
8.14459e-06
2.69575e-05
5.08027e-05
9.43335e-05
1.43158e-05
7.55881e-06
3.23665e-05
0.000115929
0.000191221
0.000174709
8.2106e-05
8.1334e-07
2.8446e-05
1.48153e-05
8.14459e-06
2.69575e-05
5.08027e-05
9.43335e-05
1.43158e-05
7.55881e-06
3.23665e-05
0.000115929
0.000191221
0.000174709
8.2106e-05
8.1334e-07
2.8446e-05
1.48153e-05
8.14459e-06
2.69575e-05
5.08027e-05
9.43335e-05
1.43158e-05
7.55881e-06
3.23665e-05
0.000115929
0.000191221
0.000174709
8.2106e-05
8.1334e-07
2.8446e-05
1.48153e-05
8.14459e-06
2.69575e-05
5.08027e-05
9.43335e-05
1.43158e-05
7.55881e-06
3.23665e-05
0.000115929
0.000191221
0.000174709
8.2106e-05
8.1334e-07
2.8446e-05
1.48153e-05
8.14459e-06
2.69575e-05
5.08027e-05
9.43335e-05
1.43158e-05
7.55881e-06
3.23665e-05
0.000115929
0.000191221
0.000174709
8.2106e-05
8.1334e-07
2.8446e-05
1.48153e-05
8.14459e-06
2.69575e-05
5.08027e-05
9.43335e-05
1.43158e-05
7.55881e-06
3.23665e-05
0.000115929
0.000191221
0.000174709
8.2106e-05
8.1334e-07
2.8446e-05
1.48153e-05
8.14459e-06
2.69575e-05
5.08027e-05
9.43335e-05
1.43158e-05
7.55881e-06
3.23665e-05
0.000115929
0.000191221
0.000174709
8.2106e-05
8.1334e-07
2.8446e-05
1.48153e-05
8.14459e-06
2.69575e-05
5.08027e-05
9.43335e-05
1.43158e-05
7.55881e-06
3.23665e-05
0.000115929
0.000191221
0.000174709
8.2106e-05
8.1334e-07
2.8446e-05
1.48153e-05
8.14459e-06
2.69575e-05
5.08027e-05
9.43335e-05
1.43158e-05
7.55881e-06
3.23665e-05
0.000115929
0.000191221
0.000174709
8.2106e-05
8.1334e-07
2.8446e-05
1.48153e-05
8.14459e-06
2.69575e-05
5.08027e-05
9.43335e-05
1.43158e-05
7.55881e-06
3.23665e-05
0.000115929
0.000191221
0.000174709
8.2106e-05
8.1334e-07
2.8446e-05
1.48153e-05
8.14459e-06
2.69575e-05
5.08027e-05
9.43335e-05
1.43158e-05
7.55881e-06
3.23665e-05
0.000115929
0.000191221
0.000174709
8.2106e-05
8.1334e-07
2.8446e-05
1.48153e-05
8.14459e-06
2.69575e-05
5.08027e-05
9.43335e-05
1.43158e-05
7.55881e-06
3.23665e-05
0.000115929
0.000191221
0.000174709
8.2106e-05
8.1334e-07
2.8446e-05
1.48153e-05
8.14459e-06
2.69575e-05
5.08027e-05
9.43335e-05
1.43158e-05
7.55881e-06
3.23665e-05
0.000115929
0.000191221
0.000174709
8.2106e-05
8.1334e-07
2.8446e-05
1.48153e-05
8.14459e-06
2.69575e-05
5.08027e-05
9.43335e-05
1.43158e-05
7.55881e-06
3.23665e-05
0.000115929
0.000191221
0.000174709
8.2106e-05
8.1334e-07
2.8446e-05
1.48153e-05
8.14459e-06
2.69575e-05
5.08027e-05
9.43335e-05
1.43158e-05
7.55881e-06
3.23665e-05
0.000115929
0.000191221
0.000174709
8.2106e-05
8.1334e-07
2.8446e-05
1.48153e-05
8.14459e-06
2.69575e-05
5.08027e-05
9.43335e-05
1.43158e-05
7.55881e-06
3.23665e-05
0.000115929
0.000191221
0.000174709
8.2106e-05
8.1334e-07
2.8446e-05
1.48153e-05
8.14459e-06
2.69575e-05
5.08027e-05
9.43335e-05
1.43158e-05
7.55881e-06
3.23665e-05
0.000115929
0.000191221
0.000174709
8.2106e-05
8.1334e-07
2.8446e-05
1.48153e-05
8.14459e-06
2.69575e-05
5.08027e-05
9.43335e-05
1.43158e-05
7.55881e-06
3.23665e-05
0.000115929
0.000191221
0.000174709
8.2106e-05
8.1334e-07
2.8446e-05
1.48153e-05
8.14459e-06
2.69575e-05
5.08027e-05
9.43335e-05
1.43158e-05
7.55881e-06
3.23665e-05
0.000115929
0.000191221
0.000174709
8.2106e-05
8.1334e-07
2.8446e-05
1.48153e-05
8.14459e-06
2.69575e-05
5.08027e-05
9.43335e-05
1.43158e-05
7.55881e-06
3.23665e-05
0.000115929
0.000191221
0.000174709
8.2106e-05
8.1334e-07
2.8446e-05
1.48153e-05
8.14459e-06
2.69575e-05
5.08027e-05
9.43335e-05
1.43158e-05
7.55881e-06
3.23665e-05
0.000115929
0.000191221
0.000174709
8.2106e-05
8.1334e-07
2.8446e-05
1.48153e-05
8.14459e-06
2.69575e-05
5.08027e-05
9.43335e-05
1.43158e-05
7.55881e-06
3.23665e-05
0.000115929
0.000191221
0.000174709
8.2106e-05
8.1334e-07
2.8446e-05
1.48153e-05
8.14459e-06
2.69575e-05
5.08027e-05
9.43335e-05
1.43158e-05
7.55881e-06
3.23665e-05
0.000115929
0.000191221
0.000174709
8.2106e-05
8.1334e-07
2.8446e-05
1.48153e-05
8.14459e-06
2.69575e-05
5.08027e-05
9.43335e-05
1.43158e-05
7.55881e-06
3.23665e-05
0.000115929
0.000191221
0.000174709
8.2106e-05
8.1334e-07
2.8446e-05
1.48153e-05
8.14459e-06
2.69575e-05
5.08027e-05
9.43335e-05
1.43158e-05
7.55881e-06
3.23665e-05
0.000115929
0.000191221
0.000174709
8.2106e-05
8.1334e-07
2.8446e-05
1.48153e-05
8.14459e-06
2.69575e-05
5.08027e-05
9.43335e-05
1.43158e-05
7.55881e-06
3.23665e-05
0.000115929
0.000191221
0.000174709
8.2106e-05
8.1334e-07
2.8446e-05
1.48153e-05
8.14459e-06
2.69575e-05
5.08027e-05
9.43335e-05
1.43158e-05
7.55881e-06
3.23665e-05
0.000115929
0.000191221
0.000174709
8.2106e-05
8.1334e-07
2.8446e-05
1.48153e-05
8.14459e-06
2.69575e-05
5.08027e-05
9.43335e-05
1.43158e-05
7.55881e-06
3.23665e-05
0.000115929
0.000191221
0.000174709
8.2106e-05
8.1334e-07
2.8446e-05
1.48153e-05
8.14459e-06
2.69575e-05
5.08027e-05
9.43335e-05
1.43158e-05
7.55881e-06
3.23665e-05
0.000115929
0.000191221
0.000174709
8.2106e-05
8.1334e-07
2.8446e-05
1.48153e-05
8.14459e-06
2.69575e-05
5.08027e-05
9.43335e-05
1.43158e-05
7.55881e-06
3.23665e-05
0.000115929
0.000191221
0.000174709
8.2106e-05
8.1334e-07
2.8446e-05
1.48153e-05
8.14459e-06
2.69575e-05
5.08027e-05
9.43335e-05
1.43158e-05
7.55881e-06
3.23665e-05
0.000115929
0.000191221
0.000174709
8.2106e-05
8.1334e-07
2.8446e-05
1.48153e-05
8.14459e-06
2.69575e-05
5.08027e-05
9.43335e-05
1.43158e-05
7.55881e-06
3.23665e-05
0.000115929
0.000191221
0.000174709
8.2106e-05
8.1334e-07
2.8446e-05
1.48153e-05
8.14459e-06
2.69575e-05
5.08027e-05
9.43335e-05
1.43158e-05
7.55881e-06
3.23665e-05
0.000115929
0.000191221
0.000174709
8.2106e-05
8.1334e-07
2.8446e-05
1.48153e-05
8.14459e-06
2.69575e-05
5.08027e-05
9.43335e-05
1.43158e-05
7.55881e-06
3.23665e-05
0.000115929
0.000191221
0.000174709
8.2106e-05
8.1334e-07
2.8446e-05
1.48153e-05
8.14459e-06
2.69575e-05
5.08027e-05
9.43335e-05
1.43158e-05
7.55881e-06
3.23665e-05
0.000115929
0.000191221
0.000174709
8.2106e-05
8.1334e-07
2.8446e-05
1.48153e-05
8.14459e-06
2.69575e-05
5.08027e-05
9.43335e-05
1.43158e-05
7.55881e-06
3.23665e-05
0.000115929
0.000191221
0.000174709
8.2106e-05
8.1334e-07
2.8446e-05
1.48153e-05
8.14459e-06
2.69575e-05
5.08027e-05
9.43335e-05
1.43158e-05
7.55881e-06
3.23665e-05
0.000115929
0.000191221
0.000174709
8.2106e-05
8.1334e-07
2.8446e-05
1.48153e-05
8.14459e-06
2.69575e-05
5.08027e-05
9.43335e-05
1.43158e-05
7.55881e-06
3.23665e-05
0.000115929
0.000191221
0.000174709
8.2106e-05
8.1334e-07
2.8446e-05
1.48153e-05
8.14459e-06
2.69575e-05
5.08027e-05
9.43335e-05
1.43158e-05
7.55881e-06
3.23665e-05
0.000115929
0.000191221
0.000174709
8.2106e-05
8.1334e-07
2.8446e-05
1.48153e-05
8.14459e-06
2.69575e-05
5.08027e-05
9.43335e-05
1.43158e-05
7.55881e-06
3.23665e-05
0.000115929
0.000191221
0.000174709
8.2106e-05
8.1334e-07
2.8446e-05
1.48153e-05
8.14459e-06
2.69575e-05
5.08027e-05
9.43335e-05
1.43158e-05
7.55881e-06
3.23665e-05
0.000115929
0.000191221
0.000174709
8.2106e-05
8.1334e-07
2.8446e-05
1.48153e-05
8.14459e-06
2.69575e-05
5.08027e-05
9.43335e-05
1.43158e-05
7.55881e-06
3.23665e-05
0.000115929
0.000191221
0.000174709
8.2106e-05
8.1334e-07
2.8446e-05
1.48153e-05
8.14459e-06
2.69575e-05
5.08027e-05
9.43335e-05
1.43158e-05
7.55881e-06
3.23665e-05
0.000115929
0.000191221
0.000174709
8.2106e-05
8.1334e-07
2.8446e-05
1.48153e-05
8.14459e-06
2.69575e-05
5.08027e-05
9.43335e-05
1.43158e-05
7.55881e-06
3.23665e-05
0.000115929
0.000191221
0.000174709
8.2106e-05
8.1334e-07
2.8446e-05
1.48153e-05
8.14459e-06
2.69575e-05
5.08027e-05
9.43335e-05
1.43158e-05
7.55881e-06
3.23665e-05
0.000115929
0.000191221
0.000174709
8.2106e-05
8.1334e-07
2.8446e-05
1.48153e-05
8.14459e-06
2.69575e-05
5.08027e-05
9.43335e-05
1.43158e-05
7.55881e-06
3.23665e-05
0.000115929
0.000191221
0.000174709
8.2106e-05
8.1334e-07
2.8446e-05
1.48153e-05
8.14459e-06
2.69575e-05
5.08027e-05
9.43335e-05
1.43158e-05
7.55881e-06
3.23665e-05
0.000115929
0.000191221
0.000174709
8.2106e-05
8.1334e-07
2.8446e-05
1.48153e-05
8.14459e-06
2.69575e-05
5.08027e-05
9.43335e-05
1.43158e-05
7.55881e-06
3.23665e-05
0.000115929
0.000191221
0.000174709
8.2106e-05
8.1334e-07
2.8446e-05
1.48153e-05
8.14459e-06
2.69575e-05
5.08027e-05
9.43335e-05
1.43158e-05
7.55881e-06
3.23665e-05
0.000115929
0.000191221
0.000174709
8.2106e-05
8.1334e-07
2.8446e-05
1.48153e-05
8.14459e-06
2.69575e-05
5.08027e-05
9.43335e-05
1.43158e-05
7.55881e-06
3.23665e-05
0.000115929
0.000191221
0.000174709
8.2106e-05
8.1334e-07
2.8446e-05
1.48153e-05
8.14459e-06
2.69575e-05
5.08027e-05
9.43335e-05
1.43158e-05
7.55881e-06
3.23665e-05
0.000115929
0.000191221
0.000174709
8.2106e-05
8.1334e-07
2.8446e-05
1.48153e-05
8.14459e-06
2.69575e-05
5.08027e-05
9.43335e-05
1.43158e-05
7.55881e-06
3.23665e-05
0.000115929
0.000191221
0.000174709
8.2106e-05
8.1334e-07
2.8446e-05
1.48153e-05
8.14459e-06
2.69575e-05
5.08027e-05
9.43335e-05
1.43158e-05
7.55881e-06
3.23665e-05
0.000115929
0.000191221
0.000174709
8.2106e-05
8.1334e-07
2.8446e-05
1.48153e-05
8.14459e-06
2.69575e-05
5.08027e-05
9.43335e-05
1.43158e-05
7.55881e-06
3.23665e-05
0.000115929
0.000191221
0.000174709
8.2106e-05
8.1334e-07
2.8446e-05
1.48153e-05
8.14459e-06
2.69575e-05
5.08027e-05
9.43335e-05
1.43158e-05
7.55881e-06
3.23665e-05
0.000115929
0.000191221
0.000174709
8.2106e-05
8.1334e-07
2.8446e-05
1.48153e-05
8.14459e-06
2.69575e-05
5.08027e-05
9.43335e-05
1.43158e-05
7.55881e-06
3.23665e-05
0.000115929
0.000191221
0.000174709
8.2106e-05
8.1334e-07
2.8446e-05
1.48153e-05
8.14459e-06
2.69575e-05
5.08027e-05
9.43335e-05
1.43158e-05
7.55881e-06
3.23665e-05
0.000115929
0.000191221
0.000174709
8.2106e-05
8.1334e-07
2.8446e-05
1.48153e-05
8.14459e-06
2.69575e-05
5.08027e-05
9.43335e-05
1.43158e-05
7.55881e-06
3.23665e-05
0.000115929
0.000191221
0.000174709
8.2106e-05
8.1334e-07
2.8446e-05
1.48153e-05
8.14459e-06
2.69575e-05
5.08027e-05
9.43335e-05
1.43158e-05
7.55881e-06
3.23665e-05
0.000115929
0.000191221
0.000174709
8.2106e-05
8.1334e-07
2.8446e-05
1.48153e-05
8.14459e-06
2.69575e-05
5.08027e-05
9.43335e-05
1.43158e-05
7.55881e-06
3.23665e-05
0.000115929
0.000191221
0.000174709
8.2106e-05
8.1334e-07
2.8446e-05
1.48153e-05
8.14459e-06
2.69575e-05
5.08027e-05
9.43335e-05
1.43158e-05
7.55881e-06
3.23665e-05
0.000115929
0.000191221
0.000174709
8.2106e-05
8.1334e-07
2.8446e-05
1.48153e-05
8.14459e-06
2.69575e-05
5.08027e-05
9.43335e-05
1.43158e-05
7.55881e-06
3.23665e-05
0.000115929
0.000191221
0.000174709
8.2106e-05
8.1334e-07
2.8446e-05
1.48153e-05
8.14459e-06
2.69575e-05
5.08027e-05
9.43335e-05
7.15788e-06
5.07836e-06
4.88636e-06
1.82663e-05
2.07036e-05
0
3.12806e-05
4.54641e-05
3.54182e-05
1.55887e-05
0
7.79827e-06
9.84429e-06
8.17571e-06
7.15788e-06
3.47625e-05
0.000504356
0.00110667
0.0012774
0.00106637
0.000582558
0.000115668
2.95005e-05
1.57038e-05
4.16467e-05
0.000280918
0.000634082
0.000873552
7.15788e-06
1.9134e-07
7.0112e-05
0.000250649
0.000404878
0.000400195
0.000267532
0.000110137
1.59838e-05
3.35112e-06
8.45452e-06
3.89446e-05
0.000118558
0.000250089
7.15788e-06
3.51018e-06
1.92543e-05
6.98913e-05
0.00011791
0.000112718
6.14775e-05
1.14371e-05
9.56441e-06
6.15492e-06
4.64309e-06
1.4932e-05
3.04672e-05
5.99962e-05
7.15788e-06
1.0652e-06
5.2097e-05
0.000189841
0.000313871
0.000310503
0.000201582
7.61968e-05
5.39044e-06
5.02659e-06
9.54482e-06
4.82682e-05
0.000156464
0.000337953
7.15788e-06
2.49668e-06
3.20699e-05
0.000118626
0.000202835
0.000202925
0.000128934
4.5957e-05
8.19835e-07
4.44378e-06
6.58883e-06
2.51459e-05
7.07578e-05
0.00016008
7.15788e-06
3.0462e-06
2.49168e-05
9.16819e-05
0.000156947
0.000155185
9.402e-05
2.88078e-05
3.81094e-06
4.99864e-06
5.57501e-06
1.90219e-05
4.64555e-05
0.000101256
7.15788e-06
3.2879e-06
2.19164e-05
8.01746e-05
0.000136562
0.000133239
7.7384e-05
2.00925e-05
6.57494e-06
5.50419e-06
5.10545e-06
1.67741e-05
3.75859e-05
7.86163e-05
7.15788e-06
3.40135e-06
2.0545e-05
7.48841e-05
0.000127018
0.000122794
6.9331e-05
1.57499e-05
8.04536e-06
5.81204e-06
4.87399e-06
1.58076e-05
3.38261e-05
6.8829e-05
7.15788e-06
3.45633e-06
1.98898e-05
7.2351e-05
0.00012241
0.000117709
6.53783e-05
1.35888e-05
8.79932e-06
5.9792e-06
4.75853e-06
1.53591e-05
3.20988e-05
6.42965e-05
7.15788e-06
3.48339e-06
1.95696e-05
7.11121e-05
0.000120146
0.000115202
6.34212e-05
1.25117e-05
9.18054e-06
6.06601e-06
4.70082e-06
1.51429e-05
3.12713e-05
6.21177e-05
7.15788e-06
3.49682e-06
1.94114e-05
7.04994e-05
0.000119025
0.000113957
6.24477e-05
1.19741e-05
9.37215e-06
6.1102e-06
4.67196e-06
1.50369e-05
3.08664e-05
6.10498e-05
7.15788e-06
3.50351e-06
1.93327e-05
7.01948e-05
0.000118466
0.000113337
6.19622e-05
1.17055e-05
9.4682e-06
6.1325e-06
4.65752e-06
1.49843e-05
3.06661e-05
6.05212e-05
7.15788e-06
3.50684e-06
1.92935e-05
7.00429e-05
0.000118188
0.000113027
6.17197e-05
1.15713e-05
9.51629e-06
6.1437e-06
4.65031e-06
1.49581e-05
3.05665e-05
6.02583e-05
7.15788e-06
3.50851e-06
1.92739e-05
6.99671e-05
0.000118049
0.000112873
6.15986e-05
1.15042e-05
9.54035e-06
6.14931e-06
4.6467e-06
1.49451e-05
3.05168e-05
6.01271e-05
7.15788e-06
3.50934e-06
1.92641e-05
6.99292e-05
0.000117979
0.000112795
6.1538e-05
1.14707e-05
9.55238e-06
6.15211e-06
4.64489e-06
1.49386e-05
3.0492e-05
6.00616e-05
7.15788e-06
3.50976e-06
1.92592e-05
6.99103e-05
0.000117945
0.000112757
6.15078e-05
1.14539e-05
9.5584e-06
6.15352e-06
4.64399e-06
1.49353e-05
3.04796e-05
6.00289e-05
7.15788e-06
3.50997e-06
1.92568e-05
6.99008e-05
0.000117927
0.000112737
6.14926e-05
1.14455e-05
9.5614e-06
6.15422e-06
4.64354e-06
1.49337e-05
3.04734e-05
6.00125e-05
7.15788e-06
3.51007e-06
1.92555e-05
6.98961e-05
0.000117919
0.000112728
6.14851e-05
1.14413e-05
9.56291e-06
6.15457e-06
4.64332e-06
1.49329e-05
3.04703e-05
6.00043e-05
7.15788e-06
3.51012e-06
1.92549e-05
6.98937e-05
0.000117914
0.000112723
6.14813e-05
1.14392e-05
9.56366e-06
6.15475e-06
4.6432e-06
1.49325e-05
3.04688e-05
6.00003e-05
7.15788e-06
3.51015e-06
1.92546e-05
6.98925e-05
0.000117912
0.000112721
6.14794e-05
1.14382e-05
9.56404e-06
6.15484e-06
4.64315e-06
1.49322e-05
3.0468e-05
5.99982e-05
7.15788e-06
3.51016e-06
1.92545e-05
6.98919e-05
0.000117911
0.000112719
6.14784e-05
1.14377e-05
9.56422e-06
6.15488e-06
4.64312e-06
1.49321e-05
3.04676e-05
5.99972e-05
7.15788e-06
3.51017e-06
1.92544e-05
6.98916e-05
0.00011791
0.000112719
6.1478e-05
1.14374e-05
9.56432e-06
6.1549e-06
4.6431e-06
1.49321e-05
3.04674e-05
5.99967e-05
7.15788e-06
3.51017e-06
1.92543e-05
6.98915e-05
0.00011791
0.000112718
6.14777e-05
1.14373e-05
9.56437e-06
6.15491e-06
4.6431e-06
1.49321e-05
3.04673e-05
5.99964e-05
7.15788e-06
3.51017e-06
1.92543e-05
6.98914e-05
0.00011791
0.000112718
6.14776e-05
1.14372e-05
9.56439e-06
6.15492e-06
4.64309e-06
1.49321e-05
3.04673e-05
5.99963e-05
7.15788e-06
3.51018e-06
1.92543e-05
6.98914e-05
0.00011791
0.000112718
6.14776e-05
1.14372e-05
9.5644e-06
6.15492e-06
4.64309e-06
1.49321e-05
3.04673e-05
5.99962e-05
7.15788e-06
3.51018e-06
1.92543e-05
6.98914e-05
0.00011791
0.000112718
6.14775e-05
1.14371e-05
9.56441e-06
6.15492e-06
4.64309e-06
1.4932e-05
3.04672e-05
5.99962e-05
7.15788e-06
3.51018e-06
1.92543e-05
6.98914e-05
0.00011791
0.000112718
6.14775e-05
1.14371e-05
9.56441e-06
6.15492e-06
4.64309e-06
1.4932e-05
3.04672e-05
5.99962e-05
7.15788e-06
3.51018e-06
1.92543e-05
6.98914e-05
0.00011791
0.000112718
6.14775e-05
1.14371e-05
9.56441e-06
6.15492e-06
4.64309e-06
1.4932e-05
3.04672e-05
5.99962e-05
7.15788e-06
3.51018e-06
1.92543e-05
6.98914e-05
0.00011791
0.000112718
6.14775e-05
1.14371e-05
9.56441e-06
6.15492e-06
4.64309e-06
1.4932e-05
3.04672e-05
5.99962e-05
7.15788e-06
3.51018e-06
1.92543e-05
6.98913e-05
0.00011791
0.000112718
6.14775e-05
1.14371e-05
9.56441e-06
6.15492e-06
4.64309e-06
1.4932e-05
3.04672e-05
5.99962e-05
7.15788e-06
3.51018e-06
1.92543e-05
6.98913e-05
0.00011791
0.000112718
6.14775e-05
1.14371e-05
9.56441e-06
6.15492e-06
4.64309e-06
1.4932e-05
3.04672e-05
5.99962e-05
7.15788e-06
3.51018e-06
1.92543e-05
6.98913e-05
0.00011791
0.000112718
6.14775e-05
1.14371e-05
9.56441e-06
6.15492e-06
4.64309e-06
1.4932e-05
3.04672e-05
5.99962e-05
7.15788e-06
3.51018e-06
1.92543e-05
6.98913e-05
0.00011791
0.000112718
6.14775e-05
1.14371e-05
9.56441e-06
6.15492e-06
4.64309e-06
1.4932e-05
3.04672e-05
5.99962e-05
7.15788e-06
3.51018e-06
1.92543e-05
6.98913e-05
0.00011791
0.000112718
6.14775e-05
1.14371e-05
9.56441e-06
6.15492e-06
4.64309e-06
1.4932e-05
3.04672e-05
5.99962e-05
7.15788e-06
3.51018e-06
1.92543e-05
6.98913e-05
0.00011791
0.000112718
6.14775e-05
1.14371e-05
9.56441e-06
6.15492e-06
4.64309e-06
1.4932e-05
3.04672e-05
5.99962e-05
7.15788e-06
3.51018e-06
1.92543e-05
6.98913e-05
0.00011791
0.000112718
6.14775e-05
1.14371e-05
9.56441e-06
6.15492e-06
4.64309e-06
1.4932e-05
3.04672e-05
5.99962e-05
7.15788e-06
3.51018e-06
1.92543e-05
6.98913e-05
0.00011791
0.000112718
6.14775e-05
1.14371e-05
9.56441e-06
6.15492e-06
4.64309e-06
1.4932e-05
3.04672e-05
5.99962e-05
7.15788e-06
3.51018e-06
1.92543e-05
6.98913e-05
0.00011791
0.000112718
6.14775e-05
1.14371e-05
9.56441e-06
6.15492e-06
4.64309e-06
1.4932e-05
3.04672e-05
5.99962e-05
7.15788e-06
3.51018e-06
1.92543e-05
6.98913e-05
0.00011791
0.000112718
6.14775e-05
1.14371e-05
9.56441e-06
6.15492e-06
4.64309e-06
1.4932e-05
3.04672e-05
5.99962e-05
7.15788e-06
3.51018e-06
1.92543e-05
6.98913e-05
0.00011791
0.000112718
6.14775e-05
1.14371e-05
9.56441e-06
6.15492e-06
4.64309e-06
1.4932e-05
3.04672e-05
5.99962e-05
7.15788e-06
3.51018e-06
1.92543e-05
6.98913e-05
0.00011791
0.000112718
6.14775e-05
1.14371e-05
9.56441e-06
6.15492e-06
4.64309e-06
1.4932e-05
3.04672e-05
5.99962e-05
7.15788e-06
3.51018e-06
1.92543e-05
6.98913e-05
0.00011791
0.000112718
6.14775e-05
1.14371e-05
9.56441e-06
6.15492e-06
4.64309e-06
1.4932e-05
3.04672e-05
5.99962e-05
7.15788e-06
3.51018e-06
1.92543e-05
6.98913e-05
0.00011791
0.000112718
6.14775e-05
1.14371e-05
9.56441e-06
6.15492e-06
4.64309e-06
1.4932e-05
3.04672e-05
5.99962e-05
7.15788e-06
3.51018e-06
1.92543e-05
6.98913e-05
0.00011791
0.000112718
6.14775e-05
1.14371e-05
9.56441e-06
6.15492e-06
4.64309e-06
1.4932e-05
3.04672e-05
5.99962e-05
7.15788e-06
3.51018e-06
1.92543e-05
6.98913e-05
0.00011791
0.000112718
6.14775e-05
1.14371e-05
9.56441e-06
6.15492e-06
4.64309e-06
1.4932e-05
3.04672e-05
5.99962e-05
7.15788e-06
3.51018e-06
1.92543e-05
6.98913e-05
0.00011791
0.000112718
6.14775e-05
1.14371e-05
9.56441e-06
6.15492e-06
4.64309e-06
1.4932e-05
3.04672e-05
5.99962e-05
7.15788e-06
3.51018e-06
1.92543e-05
6.98913e-05
0.00011791
0.000112718
6.14775e-05
1.14371e-05
9.56441e-06
6.15492e-06
4.64309e-06
1.4932e-05
3.04672e-05
5.99962e-05
7.15788e-06
3.51018e-06
1.92543e-05
6.98913e-05
0.00011791
0.000112718
6.14775e-05
1.14371e-05
9.56441e-06
6.15492e-06
4.64309e-06
1.4932e-05
3.04672e-05
5.99962e-05
7.15788e-06
3.51018e-06
1.92543e-05
6.98913e-05
0.00011791
0.000112718
6.14775e-05
1.14371e-05
9.56441e-06
6.15492e-06
4.64309e-06
1.4932e-05
3.04672e-05
5.99962e-05
7.15788e-06
3.51018e-06
1.92543e-05
6.98913e-05
0.00011791
0.000112718
6.14775e-05
1.14371e-05
9.56441e-06
6.15492e-06
4.64309e-06
1.4932e-05
3.04672e-05
5.99962e-05
7.15788e-06
3.51018e-06
1.92543e-05
6.98913e-05
0.00011791
0.000112718
6.14775e-05
1.14371e-05
9.56441e-06
6.15492e-06
4.64309e-06
1.4932e-05
3.04672e-05
5.99962e-05
7.15788e-06
3.51018e-06
1.92543e-05
6.98913e-05
0.00011791
0.000112718
6.14775e-05
1.14371e-05
9.56441e-06
6.15492e-06
4.64309e-06
1.4932e-05
3.04672e-05
5.99962e-05
7.15788e-06
3.51018e-06
1.92543e-05
6.98913e-05
0.00011791
0.000112718
6.14775e-05
1.14371e-05
9.56441e-06
6.15492e-06
4.64309e-06
1.4932e-05
3.04672e-05
5.99962e-05
7.15788e-06
3.51018e-06
1.92543e-05
6.98913e-05
0.00011791
0.000112718
6.14775e-05
1.14371e-05
9.56441e-06
6.15492e-06
4.64309e-06
1.4932e-05
3.04672e-05
5.99962e-05
7.15788e-06
3.51018e-06
1.92543e-05
6.98913e-05
0.00011791
0.000112718
6.14775e-05
1.14371e-05
9.56441e-06
6.15492e-06
4.64309e-06
1.4932e-05
3.04672e-05
5.99962e-05
7.15788e-06
3.51018e-06
1.92543e-05
6.98913e-05
0.00011791
0.000112718
6.14775e-05
1.14371e-05
9.56441e-06
6.15492e-06
4.64309e-06
1.4932e-05
3.04672e-05
5.99962e-05
7.15788e-06
3.51018e-06
1.92543e-05
6.98913e-05
0.00011791
0.000112718
6.14775e-05
1.14371e-05
9.56441e-06
6.15492e-06
4.64309e-06
1.4932e-05
3.04672e-05
5.99962e-05
7.15788e-06
3.51018e-06
1.92543e-05
6.98913e-05
0.00011791
0.000112718
6.14775e-05
1.14371e-05
9.56441e-06
6.15492e-06
4.64309e-06
1.4932e-05
3.04672e-05
5.99962e-05
7.15788e-06
3.51018e-06
1.92543e-05
6.98913e-05
0.00011791
0.000112718
6.14775e-05
1.14371e-05
9.56441e-06
6.15492e-06
4.64309e-06
1.4932e-05
3.04672e-05
5.99962e-05
7.15788e-06
3.51018e-06
1.92543e-05
6.98913e-05
0.00011791
0.000112718
6.14775e-05
1.14371e-05
9.56441e-06
6.15492e-06
4.64309e-06
1.4932e-05
3.04672e-05
5.99962e-05
7.15788e-06
3.51018e-06
1.92543e-05
6.98913e-05
0.00011791
0.000112718
6.14775e-05
1.14371e-05
9.56441e-06
6.15492e-06
4.64309e-06
1.4932e-05
3.04672e-05
5.99962e-05
7.15788e-06
3.51018e-06
1.92543e-05
6.98913e-05
0.00011791
0.000112718
6.14775e-05
1.14371e-05
9.56441e-06
6.15492e-06
4.64309e-06
1.4932e-05
3.04672e-05
5.99962e-05
7.15788e-06
3.51018e-06
1.92543e-05
6.98913e-05
0.00011791
0.000112718
6.14775e-05
1.14371e-05
9.56441e-06
6.15492e-06
4.64309e-06
1.4932e-05
3.04672e-05
5.99962e-05
7.15788e-06
3.51018e-06
1.92543e-05
6.98913e-05
0.00011791
0.000112718
6.14775e-05
1.14371e-05
9.56441e-06
6.15492e-06
4.64309e-06
1.4932e-05
3.04672e-05
5.99962e-05
7.15788e-06
3.51018e-06
1.92543e-05
6.98913e-05
0.00011791
0.000112718
6.14775e-05
1.14371e-05
9.56441e-06
6.15492e-06
4.64309e-06
1.4932e-05
3.04672e-05
5.99962e-05
7.15788e-06
3.51018e-06
1.92543e-05
6.98913e-05
0.00011791
0.000112718
6.14775e-05
1.14371e-05
9.56441e-06
6.15492e-06
4.64309e-06
1.4932e-05
3.04672e-05
5.99962e-05
7.15788e-06
3.51018e-06
1.92543e-05
6.98913e-05
0.00011791
0.000112718
6.14775e-05
1.14371e-05
9.56441e-06
6.15492e-06
4.64309e-06
1.4932e-05
3.04672e-05
5.99962e-05
7.15788e-06
3.51018e-06
1.92543e-05
6.98913e-05
0.00011791
0.000112718
6.14775e-05
1.14371e-05
9.56441e-06
6.15492e-06
4.64309e-06
1.4932e-05
3.04672e-05
5.99962e-05
7.15788e-06
3.51018e-06
1.92543e-05
6.98913e-05
0.00011791
0.000112718
6.14775e-05
1.14371e-05
9.56441e-06
6.15492e-06
4.64309e-06
1.4932e-05
3.04672e-05
5.99962e-05
7.15788e-06
3.51018e-06
1.92543e-05
6.98913e-05
0.00011791
0.000112718
6.14775e-05
1.14371e-05
9.56441e-06
6.15492e-06
4.64309e-06
1.4932e-05
3.04672e-05
5.99962e-05
7.15788e-06
3.51018e-06
1.92543e-05
6.98913e-05
0.00011791
0.000112718
6.14775e-05
1.14371e-05
9.56441e-06
6.15492e-06
4.64309e-06
1.4932e-05
3.04672e-05
5.99962e-05
7.15788e-06
3.51018e-06
1.92543e-05
6.98913e-05
0.00011791
0.000112718
6.14775e-05
1.14371e-05
9.56441e-06
6.15492e-06
4.64309e-06
1.4932e-05
3.04672e-05
5.99962e-05
7.15788e-06
3.51018e-06
1.92543e-05
6.98913e-05
0.00011791
0.000112718
6.14775e-05
1.14371e-05
9.56441e-06
6.15492e-06
4.64309e-06
1.4932e-05
3.04672e-05
5.99962e-05
7.15788e-06
3.51018e-06
1.92543e-05
6.98913e-05
0.00011791
0.000112718
6.14775e-05
1.14371e-05
9.56441e-06
6.15492e-06
4.64309e-06
1.4932e-05
3.04672e-05
5.99962e-05
7.15788e-06
3.51018e-06
1.92543e-05
6.98913e-05
0.00011791
0.000112718
6.14775e-05
1.14371e-05
9.56441e-06
6.15492e-06
4.64309e-06
1.4932e-05
3.04672e-05
5.99962e-05
7.15788e-06
3.51018e-06
1.92543e-05
6.98913e-05
0.00011791
0.000112718
6.14775e-05
1.14371e-05
9.56441e-06
6.15492e-06
4.64309e-06
1.4932e-05
3.04672e-05
5.99962e-05
7.15788e-06
3.51018e-06
1.92543e-05
6.98913e-05
0.00011791
0.000112718
6.14775e-05
1.14371e-05
9.56441e-06
6.15492e-06
4.64309e-06
1.4932e-05
3.04672e-05
5.99962e-05
7.15788e-06
3.51018e-06
1.92543e-05
6.98913e-05
0.00011791
0.000112718
6.14775e-05
1.14371e-05
9.56441e-06
6.15492e-06
4.64309e-06
1.4932e-05
3.04672e-05
5.99962e-05
7.15788e-06
3.51018e-06
1.92543e-05
6.98913e-05
0.00011791
0.000112718
6.14775e-05
1.14371e-05
9.56441e-06
6.15492e-06
4.64309e-06
1.4932e-05
3.04672e-05
5.99962e-05
7.15788e-06
3.51018e-06
1.92543e-05
6.98913e-05
0.00011791
0.000112718
6.14775e-05
1.14371e-05
9.56441e-06
6.15492e-06
4.64309e-06
1.4932e-05
3.04672e-05
5.99962e-05
7.15788e-06
3.51018e-06
1.92543e-05
6.98913e-05
0.00011791
0.000112718
6.14775e-05
1.14371e-05
9.56441e-06
6.15492e-06
4.64309e-06
1.4932e-05
3.04672e-05
5.99962e-05
7.15788e-06
3.51018e-06
1.92543e-05
6.98913e-05
0.00011791
0.000112718
6.14775e-05
1.14371e-05
9.56441e-06
6.15492e-06
4.64309e-06
1.4932e-05
3.04672e-05
5.99962e-05
7.15788e-06
3.51018e-06
1.92543e-05
6.98913e-05
0.00011791
0.000112718
6.14775e-05
1.14371e-05
9.56441e-06
6.15492e-06
4.64309e-06
1.4932e-05
3.04672e-05
5.99962e-05
7.15788e-06
3.51018e-06
1.92543e-05
6.98913e-05
0.00011791
0.000112718
6.14775e-05
1.14371e-05
9.56441e-06
6.15492e-06
4.64309e-06
1.4932e-05
3.04672e-05
5.99962e-05
7.15788e-06
3.51018e-06
1.92543e-05
6.98913e-05
0.00011791
0.000112718
6.14775e-05
1.14371e-05
9.56441e-06
6.15492e-06
4.64309e-06
1.4932e-05
3.04672e-05
5.99962e-05
7.15788e-06
3.51018e-06
1.92543e-05
6.98913e-05
0.00011791
0.000112718
6.14775e-05
1.14371e-05
9.56441e-06
6.15492e-06
4.64309e-06
1.4932e-05
3.04672e-05
5.99962e-05
7.15788e-06
3.51018e-06
1.92543e-05
6.98913e-05
0.00011791
0.000112718
6.14775e-05
1.14371e-05
9.56441e-06
6.15492e-06
4.64309e-06
1.4932e-05
3.04672e-05
5.99962e-05
7.15788e-06
3.51018e-06
1.92543e-05
6.98913e-05
0.00011791
0.000112718
6.14775e-05
1.14371e-05
9.56441e-06
6.15492e-06
4.64309e-06
1.4932e-05
3.04672e-05
5.99962e-05
7.15788e-06
3.51018e-06
1.92543e-05
6.98913e-05
0.00011791
0.000112718
6.14775e-05
1.14371e-05
9.56441e-06
6.15492e-06
4.64309e-06
1.4932e-05
3.04672e-05
5.99962e-05
7.15788e-06
3.51018e-06
1.92543e-05
6.98913e-05
0.00011791
0.000112718
6.14775e-05
1.14371e-05
9.56441e-06
6.15492e-06
4.64309e-06
1.4932e-05
3.04672e-05
5.99962e-05
7.15788e-06
3.51018e-06
1.92543e-05
6.98913e-05
0.00011791
0.000112718
6.14775e-05
1.14371e-05
9.56441e-06
6.15492e-06
4.64309e-06
1.4932e-05
3.04672e-05
5.99962e-05
7.15788e-06
3.51018e-06
1.92543e-05
6.98913e-05
0.00011791
0.000112718
6.14775e-05
1.14371e-05
9.56441e-06
6.15492e-06
4.64309e-06
1.4932e-05
3.04672e-05
5.99962e-05
7.15788e-06
3.51018e-06
1.92543e-05
6.98913e-05
0.00011791
0.000112718
6.14775e-05
1.14371e-05
9.56441e-06
6.15492e-06
4.64309e-06
1.4932e-05
3.04672e-05
5.99962e-05
7.15788e-06
3.51018e-06
1.92543e-05
6.98913e-05
0.00011791
0.000112718
6.14775e-05
1.14371e-05
9.56441e-06
6.15492e-06
4.64309e-06
1.4932e-05
3.04672e-05
5.99962e-05
7.15788e-06
3.51018e-06
1.92543e-05
6.98913e-05
0.00011791
0.000112718
6.14775e-05
1.14371e-05
9.56441e-06
6.15492e-06
4.64309e-06
1.4932e-05
3.04672e-05
5.99962e-05
7.15788e-06
3.51018e-06
1.92543e-05
6.98913e-05
0.00011791
0.000112718
6.14775e-05
1.14371e-05
9.56441e-06
6.15492e-06
4.64309e-06
1.4932e-05
3.04672e-05
5.99962e-05
7.15788e-06
3.51018e-06
1.92543e-05
6.98913e-05
0.00011791
0.000112718
6.14775e-05
1.14371e-05
9.56441e-06
6.15492e-06
4.64309e-06
1.4932e-05
3.04672e-05
5.99962e-05
7.15788e-06
3.51018e-06
1.92543e-05
6.98913e-05
0.00011791
0.000112718
6.14775e-05
1.14371e-05
9.56441e-06
6.15492e-06
4.64309e-06
1.4932e-05
3.04672e-05
5.99962e-05
7.15788e-06
3.51018e-06
1.92543e-05
6.98913e-05
0.00011791
0.000112718
6.14775e-05
1.14371e-05
9.56441e-06
6.15492e-06
4.64309e-06
1.4932e-05
3.04672e-05
5.99962e-05
7.15788e-06
3.51018e-06
1.92543e-05
6.98913e-05
0.00011791
0.000112718
6.14775e-05
1.14371e-05
9.56441e-06
6.15492e-06
4.64309e-06
1.4932e-05
3.04672e-05
5.99962e-05
7.15788e-06
3.51018e-06
1.92543e-05
6.98913e-05
0.00011791
0.000112718
6.14775e-05
1.14371e-05
9.56441e-06
6.15492e-06
4.64309e-06
1.4932e-05
3.04672e-05
5.99962e-05
7.15788e-06
3.51018e-06
1.92543e-05
6.98913e-05
0.00011791
0.000112718
6.14775e-05
1.14371e-05
9.56441e-06
6.15492e-06
4.64309e-06
1.4932e-05
3.04672e-05
5.99962e-05
7.15788e-06
3.51018e-06
1.92543e-05
6.98913e-05
0.00011791
0.000112718
6.14775e-05
1.14371e-05
9.56441e-06
6.15492e-06
4.64309e-06
1.4932e-05
3.04672e-05
5.99962e-05
7.15788e-06
3.51018e-06
1.92543e-05
6.98913e-05
0.00011791
0.000112718
6.14775e-05
1.14371e-05
9.56441e-06
6.15492e-06
4.64309e-06
1.4932e-05
3.04672e-05
5.99962e-05
7.15788e-06
3.51018e-06
1.92543e-05
6.98913e-05
0.00011791
0.000112718
6.14775e-05
1.14371e-05
9.56441e-06
6.15492e-06
4.64309e-06
1.4932e-05
3.04672e-05
5.99962e-05
7.15788e-06
3.51018e-06
1.92543e-05
6.98913e-05
0.00011791
0.000112718
6.14775e-05
1.14371e-05
9.56441e-06
6.15492e-06
4.64309e-06
1.4932e-05
3.04672e-05
5.99962e-05
7.15788e-06
3.51018e-06
1.92543e-05
6.98913e-05
0.00011791
0.000112718
6.14775e-05
1.14371e-05
9.56441e-06
6.15492e-06
4.64309e-06
1.4932e-05
3.04672e-05
5.99962e-05
7.15788e-06
3.51018e-06
1.92543e-05
6.98913e-05
0.00011791
0.000112718
6.14775e-05
1.14371e-05
9.56441e-06
6.15492e-06
4.64309e-06
1.4932e-05
3.04672e-05
5.99962e-05
7.15788e-06
3.51018e-06
1.92543e-05
6.98913e-05
0.00011791
0.000112718
6.14775e-05
1.14371e-05
9.56441e-06
6.15492e-06
4.64309e-06
1.4932e-05
3.04672e-05
5.99962e-05
7.15788e-06
3.51018e-06
1.92543e-05
6.98913e-05
0.00011791
0.000112718
6.14775e-05
1.14371e-05
9.56441e-06
6.15492e-06
4.64309e-06
1.4932e-05
3.04672e-05
5.99962e-05
7.15788e-06
3.51018e-06
1.92543e-05
6.98913e-05
0.00011791
0.000112718
6.14775e-05
1.14371e-05
9.56441e-06
6.15492e-06
4.64309e-06
1.4932e-05
3.04672e-05
5.99962e-05
7.15788e-06
3.51018e-06
1.92543e-05
6.98913e-05
0.00011791
0.000112718
6.14775e-05
1.14371e-05
9.56441e-06
6.15492e-06
4.64309e-06
1.4932e-05
3.04672e-05
5.99962e-05
7.15788e-06
3.51018e-06
1.92543e-05
6.98913e-05
0.00011791
0.000112718
6.14775e-05
1.14371e-05
9.56441e-06
6.15492e-06
4.64309e-06
1.4932e-05
3.04672e-05
5.99962e-05
7.15788e-06
3.51018e-06
1.92543e-05
6.98913e-05
0.00011791
0.000112718
6.14775e-05
1.14371e-05
9.56441e-06
6.15492e-06
4.64309e-06
1.4932e-05
3.04672e-05
5.99962e-05
7.15788e-06
3.51018e-06
1.92543e-05
6.98913e-05
0.00011791
0.000112718
6.14775e-05
1.14371e-05
9.56441e-06
6.15492e-06
4.64309e-06
1.4932e-05
3.04672e-05
5.99962e-05
7.15788e-06
3.51018e-06
1.92543e-05
6.98913e-05
0.00011791
0.000112718
6.14775e-05
1.14371e-05
9.56441e-06
6.15492e-06
4.64309e-06
1.4932e-05
3.04672e-05
5.99962e-05
7.15788e-06
3.51018e-06
1.92543e-05
6.98913e-05
0.00011791
0.000112718
6.14775e-05
1.14371e-05
9.56441e-06
6.15492e-06
4.64309e-06
1.4932e-05
3.04672e-05
5.99962e-05
7.15788e-06
3.51018e-06
1.92543e-05
6.98913e-05
0.00011791
0.000112718
6.14775e-05
1.14371e-05
9.56441e-06
6.15492e-06
4.64309e-06
1.4932e-05
3.04672e-05
5.99962e-05
7.15788e-06
3.51018e-06
1.92543e-05
6.98913e-05
0.00011791
0.000112718
6.14775e-05
1.14371e-05
9.56441e-06
6.15492e-06
4.64309e-06
1.4932e-05
3.04672e-05
5.99962e-05
7.15788e-06
3.51018e-06
1.92543e-05
6.98913e-05
0.00011791
0.000112718
6.14775e-05
1.14371e-05
9.56441e-06
6.15492e-06
4.64309e-06
1.4932e-05
3.04672e-05
5.99962e-05
7.15788e-06
3.51018e-06
1.92543e-05
6.98913e-05
0.00011791
0.000112718
6.14775e-05
1.14371e-05
9.56441e-06
6.15492e-06
4.64309e-06
1.4932e-05
3.04672e-05
5.99962e-05
7.15788e-06
3.51018e-06
1.92543e-05
6.98913e-05
0.00011791
0.000112718
6.14775e-05
1.14371e-05
9.56441e-06
6.15492e-06
4.64309e-06
1.4932e-05
3.04672e-05
5.99962e-05
7.15788e-06
3.51018e-06
1.92543e-05
6.98913e-05
0.00011791
0.000112718
6.14775e-05
1.14371e-05
9.56441e-06
6.15492e-06
4.64309e-06
1.4932e-05
3.04672e-05
5.99962e-05
4.77192e-06
3.38557e-06
3.25757e-06
1.21776e-05
1.38024e-05
0
2.08538e-05
3.03094e-05
2.36122e-05
1.03924e-05
0
5.19885e-06
6.56286e-06
5.45047e-06
4.77192e-06
2.31538e-05
0.000336144
0.000737663
0.000851524
0.000710929
0.000388466
7.71351e-05
1.9688e-05
1.04306e-05
2.76048e-05
0.000186771
0.000422163
0.000582001
4.77192e-06
1.23885e-07
4.67192e-05
0.000167053
0.000269863
0.000266752
0.000178327
7.34032e-05
1.0628e-05
2.25856e-06
5.6215e-06
2.59199e-05
7.89167e-05
0.000166533
4.77192e-06
2.34124e-06
1.28292e-05
4.65769e-05
7.85797e-05
7.51147e-05
4.09557e-05
7.59845e-06
6.39983e-06
4.12224e-06
3.08393e-06
9.94759e-06
2.02962e-05
3.99608e-05
4.77192e-06
3.89721e-07
3.92532e-05
0.000141601
0.000230918
0.000226704
0.000146756
5.52928e-05
4.10735e-06
3.17034e-06
7.76047e-06
3.94677e-05
0.000125466
0.000260258
4.77192e-06
1.55435e-06
2.28196e-05
8.43591e-05
0.000143886
0.000144037
9.21912e-05
3.36169e-05
1.37605e-06
2.74987e-06
4.78608e-06
1.84228e-05
5.26264e-05
0.00011812
4.77192e-06
1.98539e-06
1.71739e-05
6.32505e-05
0.00010834
0.000107396
6.56387e-05
2.07535e-05
2.02239e-06
3.19065e-06
3.87543e-06
1.32357e-05
3.27998e-05
7.1644e-05
4.77192e-06
2.17174e-06
1.48557e-05
5.43898e-05
9.27245e-05
9.06577e-05
5.29972e-05
1.41575e-05
4.1141e-06
3.59691e-06
3.47219e-06
1.14066e-05
2.57871e-05
5.41096e-05
4.77192e-06
2.25848e-06
1.38079e-05
5.03563e-05
8.54675e-05
8.27305e-05
4.68932e-05
1.08662e-05
5.23635e-06
3.84524e-06
3.27687e-06
1.06361e-05
2.28688e-05
4.66343e-05
4.77192e-06
2.30035e-06
1.33102e-05
4.84354e-05
8.19774e-05
7.88829e-05
4.39026e-05
9.22848e-06
5.81342e-06
3.98025e-06
3.18017e-06
1.02822e-05
2.15414e-05
4.32002e-05
4.77192e-06
2.32091e-06
1.30676e-05
4.74984e-05
8.0267e-05
7.69888e-05
4.24235e-05
8.41239e-06
6.10552e-06
4.05038e-06
3.13201e-06
1.01126e-05
2.09088e-05
4.15565e-05
4.77192e-06
2.3311e-06
1.29479e-05
4.70357e-05
7.94205e-05
7.60492e-05
4.16882e-05
8.00513e-06
6.2524e-06
4.0861e-06
3.10796e-06
1.00295e-05
2.06e-05
4.07527e-05
4.77192e-06
2.33618e-06
1.28884e-05
4.68058e-05
7.89994e-05
7.55813e-05
4.13216e-05
7.80172e-06
6.32605e-06
4.10412e-06
3.09594e-06
9.9884e-06
2.04475e-05
4.03553e-05
4.77192e-06
2.33871e-06
1.28588e-05
4.66912e-05
7.87894e-05
7.53479e-05
4.11385e-05
7.70007e-06
6.36292e-06
4.11316e-06
3.08994e-06
9.96796e-06
2.03717e-05
4.01577e-05
4.77192e-06
2.33997e-06
1.2844e-05
4.6634e-05
7.86845e-05
7.52312e-05
4.10471e-05
7.64925e-06
6.38137e-06
4.1177e-06
3.08694e-06
9.95777e-06
2.03339e-05
4.00591e-05
4.77192e-06
2.34061e-06
1.28366e-05
4.66054e-05
7.86321e-05
7.5173e-05
4.10014e-05
7.62385e-06
6.3906e-06
4.11997e-06
3.08544e-06
9.95268e-06
2.03151e-05
4.00099e-05
4.77192e-06
2.34092e-06
1.28329e-05
4.65912e-05
7.86059e-05
7.51438e-05
4.09785e-05
7.61115e-06
6.39521e-06
4.1211e-06
3.08469e-06
9.95013e-06
2.03056e-05
3.99854e-05
4.77192e-06
2.34108e-06
1.2831e-05
4.6584e-05
7.85928e-05
7.51293e-05
4.09671e-05
7.6048e-06
6.39752e-06
4.12167e-06
3.08431e-06
9.94886e-06
2.03009e-05
3.99731e-05
4.77192e-06
2.34116e-06
1.28301e-05
4.65804e-05
7.85863e-05
7.5122e-05
4.09614e-05
7.60162e-06
6.39867e-06
4.12196e-06
3.08412e-06
9.94823e-06
2.02986e-05
3.99669e-05
4.77192e-06
2.3412e-06
1.28297e-05
4.65787e-05
7.8583e-05
7.51183e-05
4.09585e-05
7.60004e-06
6.39925e-06
4.1221e-06
3.08403e-06
9.94791e-06
2.02974e-05
3.99639e-05
4.77192e-06
2.34122e-06
1.28294e-05
4.65778e-05
7.85814e-05
7.51165e-05
4.09571e-05
7.59924e-06
6.39954e-06
4.12217e-06
3.08398e-06
9.94775e-06
2.02968e-05
3.99623e-05
4.77192e-06
2.34123e-06
1.28293e-05
4.65773e-05
7.85805e-05
7.51156e-05
4.09564e-05
7.59885e-06
6.39968e-06
4.1222e-06
3.08396e-06
9.94767e-06
2.02965e-05
3.99616e-05
4.77192e-06
2.34123e-06
1.28293e-05
4.65771e-05
7.85801e-05
7.51152e-05
4.0956e-05
7.59865e-06
6.39976e-06
4.12222e-06
3.08395e-06
9.94763e-06
2.02964e-05
3.99612e-05
4.77192e-06
2.34123e-06
1.28292e-05
4.6577e-05
7.85799e-05
7.51149e-05
4.09558e-05
7.59855e-06
6.39979e-06
4.12223e-06
3.08394e-06
9.94761e-06
2.02963e-05
3.9961e-05
4.77192e-06
2.34124e-06
1.28292e-05
4.65769e-05
7.85798e-05
7.51148e-05
4.09558e-05
7.5985e-06
6.39981e-06
4.12223e-06
3.08394e-06
9.9476e-06
2.02963e-05
3.99609e-05
4.77192e-06
2.34124e-06
1.28292e-05
4.65769e-05
7.85798e-05
7.51148e-05
4.09557e-05
7.59847e-06
6.39982e-06
4.12224e-06
3.08394e-06
9.9476e-06
2.02962e-05
3.99608e-05
4.77192e-06
2.34124e-06
1.28292e-05
4.65769e-05
7.85797e-05
7.51147e-05
4.09557e-05
7.59846e-06
6.39982e-06
4.12224e-06
3.08394e-06
9.94759e-06
2.02962e-05
3.99608e-05
4.77192e-06
2.34124e-06
1.28292e-05
4.65769e-05
7.85797e-05
7.51147e-05
4.09557e-05
7.59845e-06
6.39983e-06
4.12224e-06
3.08394e-06
9.94759e-06
2.02962e-05
3.99608e-05
4.77192e-06
2.34124e-06
1.28292e-05
4.65769e-05
7.85797e-05
7.51147e-05
4.09557e-05
7.59845e-06
6.39983e-06
4.12224e-06
3.08393e-06
9.94759e-06
2.02962e-05
3.99608e-05
4.77192e-06
2.34124e-06
1.28292e-05
4.65769e-05
7.85797e-05
7.51147e-05
4.09557e-05
7.59845e-06
6.39983e-06
4.12224e-06
3.08393e-06
9.94759e-06
2.02962e-05
3.99608e-05
4.77192e-06
2.34124e-06
1.28292e-05
4.65769e-05
7.85797e-05
7.51147e-05
4.09557e-05
7.59845e-06
6.39983e-06
4.12224e-06
3.08393e-06
9.94759e-06
2.02962e-05
3.99608e-05
4.77192e-06
2.34124e-06
1.28292e-05
4.65769e-05
7.85797e-05
7.51147e-05
4.09557e-05
7.59845e-06
6.39983e-06
4.12224e-06
3.08393e-06
9.94759e-06
2.02962e-05
3.99608e-05
4.77192e-06
2.34124e-06
1.28292e-05
4.65769e-05
7.85797e-05
7.51147e-05
4.09557e-05
7.59845e-06
6.39983e-06
4.12224e-06
3.08393e-06
9.94759e-06
2.02962e-05
3.99608e-05
4.77192e-06
2.34124e-06
1.28292e-05
4.65769e-05
7.85797e-05
7.51147e-05
4.09557e-05
7.59845e-06
6.39983e-06
4.12224e-06
3.08393e-06
9.94759e-06
2.02962e-05
3.99608e-05
4.77192e-06
2.34124e-06
1.28292e-05
4.65769e-05
7.85797e-05
7.51147e-05
4.09557e-05
7.59845e-06
6.39983e-06
4.12224e-06
3.08393e-06
9.94759e-06
2.02962e-05
3.99608e-05
4.77192e-06
2.34124e-06
1.28292e-05
4.65769e-05
7.85797e-05
7.51147e-05
4.09557e-05
7.59845e-06
6.39983e-06
4.12224e-06
3.08393e-06
9.94759e-06
2.02962e-05
3.99608e-05
4.77192e-06
2.34124e-06
1.28292e-05
4.65769e-05
7.85797e-05
7.51147e-05
4.09557e-05
7.59845e-06
6.39983e-06
4.12224e-06
3.08393e-06
9.94759e-06
2.02962e-05
3.99608e-05
4.77192e-06
2.34124e-06
1.28292e-05
4.65769e-05
7.85797e-05
7.51147e-05
4.09557e-05
7.59845e-06
6.39983e-06
4.12224e-06
3.08393e-06
9.94759e-06
2.02962e-05
3.99608e-05
4.77192e-06
2.34124e-06
1.28292e-05
4.65769e-05
7.85797e-05
7.51147e-05
4.09557e-05
7.59845e-06
6.39983e-06
4.12224e-06
3.08393e-06
9.94759e-06
2.02962e-05
3.99608e-05
4.77192e-06
2.34124e-06
1.28292e-05
4.65769e-05
7.85797e-05
7.51147e-05
4.09557e-05
7.59845e-06
6.39983e-06
4.12224e-06
3.08393e-06
9.94759e-06
2.02962e-05
3.99608e-05
4.77192e-06
2.34124e-06
1.28292e-05
4.65769e-05
7.85797e-05
7.51147e-05
4.09557e-05
7.59845e-06
6.39983e-06
4.12224e-06
3.08393e-06
9.94759e-06
2.02962e-05
3.99608e-05
4.77192e-06
2.34124e-06
1.28292e-05
4.65769e-05
7.85797e-05
7.51147e-05
4.09557e-05
7.59845e-06
6.39983e-06
4.12224e-06
3.08393e-06
9.94759e-06
2.02962e-05
3.99608e-05
4.77192e-06
2.34124e-06
1.28292e-05
4.65769e-05
7.85797e-05
7.51147e-05
4.09557e-05
7.59845e-06
6.39983e-06
4.12224e-06
3.08393e-06
9.94759e-06
2.02962e-05
3.99608e-05
4.77192e-06
2.34124e-06
1.28292e-05
4.65769e-05
7.85797e-05
7.51147e-05
4.09557e-05
7.59845e-06
6.39983e-06
4.12224e-06
3.08393e-06
9.94759e-06
2.02962e-05
3.99608e-05
4.77192e-06
2.34124e-06
1.28292e-05
4.65769e-05
7.85797e-05
7.51147e-05
4.09557e-05
7.59845e-06
6.39983e-06
4.12224e-06
3.08393e-06
9.94759e-06
2.02962e-05
3.99608e-05
4.77192e-06
2.34124e-06
1.28292e-05
4.65769e-05
7.85797e-05
7.51147e-05
4.09557e-05
7.59845e-06
6.39983e-06
4.12224e-06
3.08393e-06
9.94759e-06
2.02962e-05
3.99608e-05
4.77192e-06
2.34124e-06
1.28292e-05
4.65769e-05
7.85797e-05
7.51147e-05
4.09557e-05
7.59845e-06
6.39983e-06
4.12224e-06
3.08393e-06
9.94759e-06
2.02962e-05
3.99608e-05
4.77192e-06
2.34124e-06
1.28292e-05
4.65769e-05
7.85797e-05
7.51147e-05
4.09557e-05
7.59845e-06
6.39983e-06
4.12224e-06
3.08393e-06
9.94759e-06
2.02962e-05
3.99608e-05
4.77192e-06
2.34124e-06
1.28292e-05
4.65769e-05
7.85797e-05
7.51147e-05
4.09557e-05
7.59845e-06
6.39983e-06
4.12224e-06
3.08393e-06
9.94759e-06
2.02962e-05
3.99608e-05
4.77192e-06
2.34124e-06
1.28292e-05
4.65769e-05
7.85797e-05
7.51147e-05
4.09557e-05
7.59845e-06
6.39983e-06
4.12224e-06
3.08393e-06
9.94759e-06
2.02962e-05
3.99608e-05
4.77192e-06
2.34124e-06
1.28292e-05
4.65769e-05
7.85797e-05
7.51147e-05
4.09557e-05
7.59845e-06
6.39983e-06
4.12224e-06
3.08393e-06
9.94759e-06
2.02962e-05
3.99608e-05
4.77192e-06
2.34124e-06
1.28292e-05
4.65769e-05
7.85797e-05
7.51147e-05
4.09557e-05
7.59845e-06
6.39983e-06
4.12224e-06
3.08393e-06
9.94759e-06
2.02962e-05
3.99608e-05
4.77192e-06
2.34124e-06
1.28292e-05
4.65769e-05
7.85797e-05
7.51147e-05
4.09557e-05
7.59845e-06
6.39983e-06
4.12224e-06
3.08393e-06
9.94759e-06
2.02962e-05
3.99608e-05
4.77192e-06
2.34124e-06
1.28292e-05
4.65769e-05
7.85797e-05
7.51147e-05
4.09557e-05
7.59845e-06
6.39983e-06
4.12224e-06
3.08393e-06
9.94759e-06
2.02962e-05
3.99608e-05
4.77192e-06
2.34124e-06
1.28292e-05
4.65769e-05
7.85797e-05
7.51147e-05
4.09557e-05
7.59845e-06
6.39983e-06
4.12224e-06
3.08393e-06
9.94759e-06
2.02962e-05
3.99608e-05
4.77192e-06
2.34124e-06
1.28292e-05
4.65769e-05
7.85797e-05
7.51147e-05
4.09557e-05
7.59845e-06
6.39983e-06
4.12224e-06
3.08393e-06
9.94759e-06
2.02962e-05
3.99608e-05
4.77192e-06
2.34124e-06
1.28292e-05
4.65769e-05
7.85797e-05
7.51147e-05
4.09557e-05
7.59845e-06
6.39983e-06
4.12224e-06
3.08393e-06
9.94759e-06
2.02962e-05
3.99608e-05
4.77192e-06
2.34124e-06
1.28292e-05
4.65769e-05
7.85797e-05
7.51147e-05
4.09557e-05
7.59845e-06
6.39983e-06
4.12224e-06
3.08393e-06
9.94759e-06
2.02962e-05
3.99608e-05
4.77192e-06
2.34124e-06
1.28292e-05
4.65769e-05
7.85797e-05
7.51147e-05
4.09557e-05
7.59845e-06
6.39983e-06
4.12224e-06
3.08393e-06
9.94759e-06
2.02962e-05
3.99608e-05
4.77192e-06
2.34124e-06
1.28292e-05
4.65769e-05
7.85797e-05
7.51147e-05
4.09557e-05
7.59845e-06
6.39983e-06
4.12224e-06
3.08393e-06
9.94759e-06
2.02962e-05
3.99608e-05
4.77192e-06
2.34124e-06
1.28292e-05
4.65769e-05
7.85797e-05
7.51147e-05
4.09557e-05
7.59845e-06
6.39983e-06
4.12224e-06
3.08393e-06
9.94759e-06
2.02962e-05
3.99608e-05
4.77192e-06
2.34124e-06
1.28292e-05
4.65769e-05
7.85797e-05
7.51147e-05
4.09557e-05
7.59845e-06
6.39983e-06
4.12224e-06
3.08393e-06
9.94759e-06
2.02962e-05
3.99608e-05
4.77192e-06
2.34124e-06
1.28292e-05
4.65769e-05
7.85797e-05
7.51147e-05
4.09557e-05
7.59845e-06
6.39983e-06
4.12224e-06
3.08393e-06
9.94759e-06
2.02962e-05
3.99608e-05
4.77192e-06
2.34124e-06
1.28292e-05
4.65769e-05
7.85797e-05
7.51147e-05
4.09557e-05
7.59845e-06
6.39983e-06
4.12224e-06
3.08393e-06
9.94759e-06
2.02962e-05
3.99608e-05
4.77192e-06
2.34124e-06
1.28292e-05
4.65769e-05
7.85797e-05
7.51147e-05
4.09557e-05
7.59845e-06
6.39983e-06
4.12224e-06
3.08393e-06
9.94759e-06
2.02962e-05
3.99608e-05
4.77192e-06
2.34124e-06
1.28292e-05
4.65769e-05
7.85797e-05
7.51147e-05
4.09557e-05
7.59845e-06
6.39983e-06
4.12224e-06
3.08393e-06
9.94759e-06
2.02962e-05
3.99608e-05
4.77192e-06
2.34124e-06
1.28292e-05
4.65769e-05
7.85797e-05
7.51147e-05
4.09557e-05
7.59845e-06
6.39983e-06
4.12224e-06
3.08393e-06
9.94759e-06
2.02962e-05
3.99608e-05
4.77192e-06
2.34124e-06
1.28292e-05
4.65769e-05
7.85797e-05
7.51147e-05
4.09557e-05
7.59845e-06
6.39983e-06
4.12224e-06
3.08393e-06
9.94759e-06
2.02962e-05
3.99608e-05
4.77192e-06
2.34124e-06
1.28292e-05
4.65769e-05
7.85797e-05
7.51147e-05
4.09557e-05
7.59845e-06
6.39983e-06
4.12224e-06
3.08393e-06
9.94759e-06
2.02962e-05
3.99608e-05
4.77192e-06
2.34124e-06
1.28292e-05
4.65769e-05
7.85797e-05
7.51147e-05
4.09557e-05
7.59845e-06
6.39983e-06
4.12224e-06
3.08393e-06
9.94759e-06
2.02962e-05
3.99608e-05
4.77192e-06
2.34124e-06
1.28292e-05
4.65769e-05
7.85797e-05
7.51147e-05
4.09557e-05
7.59845e-06
6.39983e-06
4.12224e-06
3.08393e-06
9.94759e-06
2.02962e-05
3.99608e-05
4.77192e-06
2.34124e-06
1.28292e-05
4.65769e-05
7.85797e-05
7.51147e-05
4.09557e-05
7.59845e-06
6.39983e-06
4.12224e-06
3.08393e-06
9.94759e-06
2.02962e-05
3.99608e-05
4.77192e-06
2.34124e-06
1.28292e-05
4.65769e-05
7.85797e-05
7.51147e-05
4.09557e-05
7.59845e-06
6.39983e-06
4.12224e-06
3.08393e-06
9.94759e-06
2.02962e-05
3.99608e-05
4.77192e-06
2.34124e-06
1.28292e-05
4.65769e-05
7.85797e-05
7.51147e-05
4.09557e-05
7.59845e-06
6.39983e-06
4.12224e-06
3.08393e-06
9.94759e-06
2.02962e-05
3.99608e-05
4.77192e-06
2.34124e-06
1.28292e-05
4.65769e-05
7.85797e-05
7.51147e-05
4.09557e-05
7.59845e-06
6.39983e-06
4.12224e-06
3.08393e-06
9.94759e-06
2.02962e-05
3.99608e-05
4.77192e-06
2.34124e-06
1.28292e-05
4.65769e-05
7.85797e-05
7.51147e-05
4.09557e-05
7.59845e-06
6.39983e-06
4.12224e-06
3.08393e-06
9.94759e-06
2.02962e-05
3.99608e-05
4.77192e-06
2.34124e-06
1.28292e-05
4.65769e-05
7.85797e-05
7.51147e-05
4.09557e-05
7.59845e-06
6.39983e-06
4.12224e-06
3.08393e-06
9.94759e-06
2.02962e-05
3.99608e-05
4.77192e-06
2.34124e-06
1.28292e-05
4.65769e-05
7.85797e-05
7.51147e-05
4.09557e-05
7.59845e-06
6.39983e-06
4.12224e-06
3.08393e-06
9.94759e-06
2.02962e-05
3.99608e-05
4.77192e-06
2.34124e-06
1.28292e-05
4.65769e-05
7.85797e-05
7.51147e-05
4.09557e-05
7.59845e-06
6.39983e-06
4.12224e-06
3.08393e-06
9.94759e-06
2.02962e-05
3.99608e-05
4.77192e-06
2.34124e-06
1.28292e-05
4.65769e-05
7.85797e-05
7.51147e-05
4.09557e-05
7.59845e-06
6.39983e-06
4.12224e-06
3.08393e-06
9.94759e-06
2.02962e-05
3.99608e-05
4.77192e-06
2.34124e-06
1.28292e-05
4.65769e-05
7.85797e-05
7.51147e-05
4.09557e-05
7.59845e-06
6.39983e-06
4.12224e-06
3.08393e-06
9.94759e-06
2.02962e-05
3.99608e-05
4.77192e-06
2.34124e-06
1.28292e-05
4.65769e-05
7.85797e-05
7.51147e-05
4.09557e-05
7.59845e-06
6.39983e-06
4.12224e-06
3.08393e-06
9.94759e-06
2.02962e-05
3.99608e-05
4.77192e-06
2.34124e-06
1.28292e-05
4.65769e-05
7.85797e-05
7.51147e-05
4.09557e-05
7.59845e-06
6.39983e-06
4.12224e-06
3.08393e-06
9.94759e-06
2.02962e-05
3.99608e-05
4.77192e-06
2.34124e-06
1.28292e-05
4.65769e-05
7.85797e-05
7.51147e-05
4.09557e-05
7.59845e-06
6.39983e-06
4.12224e-06
3.08393e-06
9.94759e-06
2.02962e-05
3.99608e-05
4.77192e-06
2.34124e-06
1.28292e-05
4.65769e-05
7.85797e-05
7.51147e-05
4.09557e-05
7.59845e-06
6.39983e-06
4.12224e-06
3.08393e-06
9.94759e-06
2.02962e-05
3.99608e-05
4.77192e-06
2.34124e-06
1.28292e-05
4.65769e-05
7.85797e-05
7.51147e-05
4.09557e-05
7.59845e-06
6.39983e-06
4.12224e-06
3.08393e-06
9.94759e-06
2.02962e-05
3.99608e-05
4.77192e-06
2.34124e-06
1.28292e-05
4.65769e-05
7.85797e-05
7.51147e-05
4.09557e-05
7.59845e-06
6.39983e-06
4.12224e-06
3.08393e-06
9.94759e-06
2.02962e-05
3.99608e-05
4.77192e-06
2.34124e-06
1.28292e-05
4.65769e-05
7.85797e-05
7.51147e-05
4.09557e-05
7.59845e-06
6.39983e-06
4.12224e-06
3.08393e-06
9.94759e-06
2.02962e-05
3.99608e-05
4.77192e-06
2.34124e-06
1.28292e-05
4.65769e-05
7.85797e-05
7.51147e-05
4.09557e-05
7.59845e-06
6.39983e-06
4.12224e-06
3.08393e-06
9.94759e-06
2.02962e-05
3.99608e-05
4.77192e-06
2.34124e-06
1.28292e-05
4.65769e-05
7.85797e-05
7.51147e-05
4.09557e-05
7.59845e-06
6.39983e-06
4.12224e-06
3.08393e-06
9.94759e-06
2.02962e-05
3.99608e-05
4.77192e-06
2.34124e-06
1.28292e-05
4.65769e-05
7.85797e-05
7.51147e-05
4.09557e-05
7.59845e-06
6.39983e-06
4.12224e-06
3.08393e-06
9.94759e-06
2.02962e-05
3.99608e-05
4.77192e-06
2.34124e-06
1.28292e-05
4.65769e-05
7.85797e-05
7.51147e-05
4.09557e-05
7.59845e-06
6.39983e-06
4.12224e-06
3.08393e-06
9.94759e-06
2.02962e-05
3.99608e-05
4.77192e-06
2.34124e-06
1.28292e-05
4.65769e-05
7.85797e-05
7.51147e-05
4.09557e-05
7.59845e-06
6.39983e-06
4.12224e-06
3.08393e-06
9.94759e-06
2.02962e-05
3.99608e-05
4.77192e-06
2.34124e-06
1.28292e-05
4.65769e-05
7.85797e-05
7.51147e-05
4.09557e-05
7.59845e-06
6.39983e-06
4.12224e-06
3.08393e-06
9.94759e-06
2.02962e-05
3.99608e-05
4.77192e-06
2.34124e-06
1.28292e-05
4.65769e-05
7.85797e-05
7.51147e-05
4.09557e-05
7.59845e-06
6.39983e-06
4.12224e-06
3.08393e-06
9.94759e-06
2.02962e-05
3.99608e-05
4.77192e-06
2.34124e-06
1.28292e-05
4.65769e-05
7.85797e-05
7.51147e-05
4.09557e-05
7.59845e-06
6.39983e-06
4.12224e-06
3.08393e-06
9.94759e-06
2.02962e-05
3.99608e-05
4.77192e-06
2.34124e-06
1.28292e-05
4.65769e-05
7.85797e-05
7.51147e-05
4.09557e-05
7.59845e-06
6.39983e-06
4.12224e-06
3.08393e-06
9.94759e-06
2.02962e-05
3.99608e-05
4.77192e-06
2.34124e-06
1.28292e-05
4.65769e-05
7.85797e-05
7.51147e-05
4.09557e-05
7.59845e-06
6.39983e-06
4.12224e-06
3.08393e-06
9.94759e-06
2.02962e-05
3.99608e-05
4.77192e-06
2.34124e-06
1.28292e-05
4.65769e-05
7.85797e-05
7.51147e-05
4.09557e-05
7.59845e-06
6.39983e-06
4.12224e-06
3.08393e-06
9.94759e-06
2.02962e-05
3.99608e-05
4.77192e-06
2.34124e-06
1.28292e-05
4.65769e-05
7.85797e-05
7.51147e-05
4.09557e-05
7.59845e-06
6.39983e-06
4.12224e-06
3.08393e-06
9.94759e-06
2.02962e-05
3.99608e-05
4.77192e-06
2.34124e-06
1.28292e-05
4.65769e-05
7.85797e-05
7.51147e-05
4.09557e-05
7.59845e-06
6.39983e-06
4.12224e-06
3.08393e-06
9.94759e-06
2.02962e-05
3.99608e-05
4.77192e-06
2.34124e-06
1.28292e-05
4.65769e-05
7.85797e-05
7.51147e-05
4.09557e-05
7.59845e-06
6.39983e-06
4.12224e-06
3.08393e-06
9.94759e-06
2.02962e-05
3.99608e-05
4.77192e-06
2.34124e-06
1.28292e-05
4.65769e-05
7.85797e-05
7.51147e-05
4.09557e-05
7.59845e-06
6.39983e-06
4.12224e-06
3.08393e-06
9.94759e-06
2.02962e-05
3.99608e-05
4.77192e-06
2.34124e-06
1.28292e-05
4.65769e-05
7.85797e-05
7.51147e-05
4.09557e-05
7.59845e-06
6.39983e-06
4.12224e-06
3.08393e-06
9.94759e-06
2.02962e-05
3.99608e-05
4.77192e-06
2.34124e-06
1.28292e-05
4.65769e-05
7.85797e-05
7.51147e-05
4.09557e-05
7.59845e-06
6.39983e-06
4.12224e-06
3.08393e-06
9.94759e-06
2.02962e-05
3.99608e-05
4.77192e-06
2.34124e-06
1.28292e-05
4.65769e-05
7.85797e-05
7.51147e-05
4.09557e-05
7.59845e-06
6.39983e-06
4.12224e-06
3.08393e-06
9.94759e-06
2.02962e-05
3.99608e-05
4.77192e-06
2.34124e-06
1.28292e-05
4.65769e-05
7.85797e-05
7.51147e-05
4.09557e-05
7.59845e-06
6.39983e-06
4.12224e-06
3.08393e-06
9.94759e-06
2.02962e-05
3.99608e-05
4.77192e-06
2.34124e-06
1.28292e-05
4.65769e-05
7.85797e-05
7.51147e-05
4.09557e-05
7.59845e-06
6.39983e-06
4.12224e-06
3.08393e-06
9.94759e-06
2.02962e-05
3.99608e-05
4.77192e-06
2.34124e-06
1.28292e-05
4.65769e-05
7.85797e-05
7.51147e-05
4.09557e-05
7.59845e-06
6.39983e-06
4.12224e-06
3.08393e-06
9.94759e-06
2.02962e-05
3.99608e-05
4.77192e-06
2.34124e-06
1.28292e-05
4.65769e-05
7.85797e-05
7.51147e-05
4.09557e-05
7.59845e-06
6.39983e-06
4.12224e-06
3.08393e-06
9.94759e-06
2.02962e-05
3.99608e-05
4.77192e-06
2.34124e-06
1.28292e-05
4.65769e-05
7.85797e-05
7.51147e-05
4.09557e-05
7.59845e-06
6.39983e-06
4.12224e-06
3.08393e-06
9.94759e-06
2.02962e-05
3.99608e-05
4.77192e-06
2.34124e-06
1.28292e-05
4.65769e-05
7.85797e-05
7.51147e-05
4.09557e-05
7.59845e-06
6.39983e-06
4.12224e-06
3.08393e-06
9.94759e-06
2.02962e-05
3.99608e-05
4.77192e-06
2.34124e-06
1.28292e-05
4.65769e-05
7.85797e-05
7.51147e-05
4.09557e-05
7.59845e-06
6.39983e-06
4.12224e-06
3.08393e-06
9.94759e-06
2.02962e-05
3.99608e-05
4.77192e-06
2.34124e-06
1.28292e-05
4.65769e-05
7.85797e-05
7.51147e-05
4.09557e-05
7.59845e-06
6.39983e-06
4.12224e-06
3.08393e-06
9.94759e-06
2.02962e-05
3.99608e-05
4.77192e-06
2.34124e-06
1.28292e-05
4.65769e-05
7.85797e-05
7.51147e-05
4.09557e-05
7.59845e-06
6.39983e-06
4.12224e-06
3.08393e-06
9.94759e-06
2.02962e-05
3.99608e-05
4.77192e-06
2.34124e-06
1.28292e-05
4.65769e-05
7.85797e-05
7.51147e-05
4.09557e-05
7.59845e-06
6.39983e-06
4.12224e-06
3.08393e-06
9.94759e-06
2.02962e-05
3.99608e-05
4.77192e-06
2.34124e-06
1.28292e-05
4.65769e-05
7.85797e-05
7.51147e-05
4.09557e-05
7.59845e-06
6.39983e-06
4.12224e-06
3.08393e-06
9.94759e-06
2.02962e-05
3.99608e-05
4.77192e-06
2.34124e-06
1.28292e-05
4.65769e-05
7.85797e-05
7.51147e-05
4.09557e-05
7.59845e-06
6.39983e-06
4.12224e-06
3.08393e-06
9.94759e-06
2.02962e-05
3.99608e-05
4.77192e-06
2.34124e-06
1.28292e-05
4.65769e-05
7.85797e-05
7.51147e-05
4.09557e-05
7.59845e-06
6.39983e-06
4.12224e-06
3.08393e-06
9.94759e-06
2.02962e-05
3.99608e-05
4.77192e-06
2.34124e-06
1.28292e-05
4.65769e-05
7.85797e-05
7.51147e-05
4.09557e-05
7.59845e-06
6.39983e-06
4.12224e-06
3.08393e-06
9.94759e-06
2.02962e-05
3.99608e-05
4.77192e-06
2.34124e-06
1.28292e-05
4.65769e-05
7.85797e-05
7.51147e-05
4.09557e-05
7.59845e-06
6.39983e-06
4.12224e-06
3.08393e-06
9.94759e-06
2.02962e-05
3.99608e-05
4.77192e-06
2.34124e-06
1.28292e-05
4.65769e-05
7.85797e-05
7.51147e-05
4.09557e-05
7.59845e-06
6.39983e-06
4.12224e-06
3.08393e-06
9.94759e-06
2.02962e-05
3.99608e-05
4.77192e-06
2.34124e-06
1.28292e-05
4.65769e-05
7.85797e-05
7.51147e-05
4.09557e-05
7.59845e-06
6.39983e-06
4.12224e-06
3.08393e-06
9.94759e-06
2.02962e-05
3.99608e-05
4.77192e-06
2.34124e-06
1.28292e-05
4.65769e-05
7.85797e-05
7.51147e-05
4.09557e-05
7.59845e-06
6.39983e-06
4.12224e-06
3.08393e-06
9.94759e-06
2.02962e-05
3.99608e-05
