7.96926
7.97005
7.97527
7.98857
8.01284
8.05039
8.10295
8.17163
8.25722
8.36017
8.48041
8.61759
8.77091
8.93931
9.12118
9.31478
9.51752
9.72701
9.94016
10.1541
10.365
10.5699
10.7645
10.9463
11.1118
11.2586
11.384
11.4865
11.5643
11.6173
11.6452
11.6481
11.6271
11.5831
11.5177
11.4328
11.3302
11.212
11.0806
10.9381
10.7867
10.6286
10.4656
10.3
10.1337
9.96777
9.80405
9.64386
9.48844
9.33871
9.19596
9.06101
8.93431
8.81655
8.70837
8.61012
8.52217
8.44477
8.37825
8.32274
8.27832
8.24488
8.22237
8.2106
8.20923
8.21782
8.23583
8.26253
8.29709
8.33853
8.38574
8.43733
8.49192
8.54798
8.60377
8.65733
8.70673
8.75002
8.78506
8.80974
8.82191
8.81954
8.80062
8.76332
8.7061
8.62728
8.52596
8.40104
8.25162
8.07806
7.88008
7.65861
7.41399
7.14739
6.86062
6.55569
6.23427
5.89991
5.55364
5.20044
4.84138
4.48047
4.12022
3.76401
3.41389
3.07426
2.74598
2.4325
2.13524
1.8558
1.59635
1.35773
1.14053
0.945033
0.771637
0.619882
0.489067
0.377883
0.285669
0.210477
0.150661
0.104478
0.0699032
0.0449448
0.0276603
0.0163075
0.00937376
0.00571411
