0.000536003
0.000527588
0.000486733
0.000415718
0.000305534
0.000153036
7.40301e-06
8.38685e-05
0.000100552
5.32374e-05
1.73781e-05
7.40781e-05
0.000108433
0.000131894
0.000536003
0.000551666
0.000669497
0.000969306
0.00131667
0.0014642
0.00142666
0.00129029
0.000906975
7.2556e-05
0.000270412
0.000145147
1.44154e-05
0.00203913
0.000536003
0.000543858
0.000591781
0.000682367
0.000719696
0.00063292
0.000511182
0.000426542
0.000355868
0.000239767
7.48807e-05
2.34348e-05
7.128e-05
0.000501714
0.000536003
0.00053598
0.000539101
0.000542444
0.000490979
0.000352618
0.000204533
0.000116286
9.39104e-05
0.000102021
9.84998e-05
8.93855e-05
0.00012887
0.000268524
0.000536003
0.000531792
0.000512624
0.000477081
0.000392727
0.000243044
9.29101e-05
2.83302e-06
1.27256e-05
2.30224e-05
6.58908e-05
9.47358e-05
0.000128426
0.000195432
0.000536003
0.000529687
0.000499583
0.000445867
0.00034773
0.000195613
4.69574e-05
4.3797e-05
5.90508e-05
1.57724e-05
4.3065e-05
8.71603e-05
0.000120688
0.000162932
0.000536003
0.000528636
0.000493132
0.000430656
0.00032628
0.000173719
2.63872e-05
6.46448e-05
8.04096e-05
3.47053e-05
3.05161e-05
8.12444e-05
0.000115094
0.000147268
0.000536003
0.000528112
0.000489926
0.000423152
0.000315819
0.000163226
1.66977e-05
7.44588e-05
9.06333e-05
4.40254e-05
2.40132e-05
7.78097e-05
0.000111893
0.000139548
0.000536003
0.00052785
0.000488328
0.000419426
0.000310655
0.000158093
1.20011e-05
7.9214e-05
9.56308e-05
4.86453e-05
2.07113e-05
7.59801e-05
0.000110195
0.000135713
0.000536003
0.000527719
0.00048753
0.00041757
0.000308089
0.000155555
9.68972e-06
8.15538e-05
9.81009e-05
5.09449e-05
1.90485e-05
7.5038e-05
0.000109322
0.000133802
0.000536003
0.000527653
0.000487132
0.000416643
0.00030681
0.000154294
8.54329e-06
8.27143e-05
9.93287e-05
5.2092e-05
1.82142e-05
7.45603e-05
0.00010888
0.000132847
0.000536003
0.000527621
0.000486933
0.00041618
0.000306172
0.000153664
7.97238e-06
8.32922e-05
9.99409e-05
5.26649e-05
1.77964e-05
7.43198e-05
0.000108657
0.000132371
0.000536003
0.000527604
0.000486833
0.000415949
0.000305853
0.00015335
7.68751e-06
8.35805e-05
0.000100247
5.29512e-05
1.75873e-05
7.41991e-05
0.000108545
0.000132132
0.000536003
0.000527596
0.000486783
0.000415833
0.000305694
0.000153193
7.54521e-06
8.37245e-05
0.000100399
5.30943e-05
1.74827e-05
7.41386e-05
0.000108489
0.000132013
0.000536003
0.000527592
0.000486758
0.000415775
0.000305614
0.000153115
7.4741e-06
8.37965e-05
0.000100476
5.31658e-05
1.74304e-05
7.41084e-05
0.000108461
0.000131954
0.000536003
0.00052759
0.000486746
0.000415746
0.000305574
0.000153076
7.43855e-06
8.38325e-05
0.000100514
5.32016e-05
1.74043e-05
7.40933e-05
0.000108447
0.000131924
0.000536003
0.000527589
0.00048674
0.000415732
0.000305554
0.000153056
7.42078e-06
8.38505e-05
0.000100533
5.32195e-05
1.73912e-05
7.40857e-05
0.00010844
0.000131909
0.000536003
0.000527588
0.000486737
0.000415725
0.000305544
0.000153046
7.4119e-06
8.38595e-05
0.000100542
5.32284e-05
1.73846e-05
7.40819e-05
0.000108437
0.000131901
0.000536003
0.000527588
0.000486735
0.000415721
0.000305539
0.000153041
7.40745e-06
8.3864e-05
0.000100547
5.32329e-05
1.73814e-05
7.408e-05
0.000108435
0.000131898
0.000536003
0.000527588
0.000486734
0.000415719
0.000305537
0.000153039
7.40523e-06
8.38662e-05
0.000100549
5.32351e-05
1.73797e-05
7.40791e-05
0.000108434
0.000131896
0.000536003
0.000527588
0.000486734
0.000415718
0.000305536
0.000153038
7.40412e-06
8.38673e-05
0.000100551
5.32363e-05
1.73789e-05
7.40786e-05
0.000108434
0.000131895
0.000536003
0.000527588
0.000486734
0.000415718
0.000305535
0.000153037
7.40357e-06
8.38679e-05
0.000100551
5.32368e-05
1.73785e-05
7.40784e-05
0.000108434
0.000131894
0.000536003
0.000527588
0.000486734
0.000415718
0.000305535
0.000153037
7.40329e-06
8.38682e-05
0.000100552
5.32371e-05
1.73783e-05
7.40783e-05
0.000108434
0.000131894
0.000536003
0.000527588
0.000486734
0.000415718
0.000305535
0.000153036
7.40315e-06
8.38683e-05
0.000100552
5.32372e-05
1.73782e-05
7.40782e-05
0.000108433
0.000131894
0.000536003
0.000527588
0.000486734
0.000415718
0.000305535
0.000153036
7.40308e-06
8.38684e-05
0.000100552
5.32373e-05
1.73782e-05
7.40782e-05
0.000108433
0.000131894
0.000536003
0.000527588
0.000486733
0.000415718
0.000305535
0.000153036
7.40305e-06
8.38684e-05
0.000100552
5.32373e-05
1.73781e-05
7.40781e-05
0.000108433
0.000131894
0.000536003
0.000527588
0.000486733
0.000415718
0.000305534
0.000153036
7.40303e-06
8.38685e-05
0.000100552
5.32374e-05
1.73781e-05
7.40781e-05
0.000108433
0.000131894
0.000536003
0.000527588
0.000486733
0.000415718
0.000305534
0.000153036
7.40302e-06
8.38685e-05
0.000100552
5.32374e-05
1.73781e-05
7.40781e-05
0.000108433
0.000131894
0.000536003
0.000527588
0.000486733
0.000415718
0.000305534
0.000153036
7.40302e-06
8.38685e-05
0.000100552
5.32374e-05
1.73781e-05
7.40781e-05
0.000108433
0.000131894
0.000536003
0.000527588
0.000486733
0.000415718
0.000305534
0.000153036
7.40301e-06
8.38685e-05
0.000100552
5.32374e-05
1.73781e-05
7.40781e-05
0.000108433
0.000131894
0.000536003
0.000527588
0.000486733
0.000415718
0.000305534
0.000153036
7.40301e-06
8.38685e-05
0.000100552
5.32374e-05
1.73781e-05
7.40781e-05
0.000108433
0.000131894
0.000536003
0.000527588
0.000486733
0.000415718
0.000305534
0.000153036
7.40301e-06
8.38685e-05
0.000100552
5.32374e-05
1.73781e-05
7.40781e-05
0.000108433
0.000131894
0.000536003
0.000527588
0.000486733
0.000415718
0.000305534
0.000153036
7.40301e-06
8.38685e-05
0.000100552
5.32374e-05
1.73781e-05
7.40781e-05
0.000108433
0.000131894
0.000536003
0.000527588
0.000486733
0.000415718
0.000305534
0.000153036
7.40301e-06
8.38685e-05
0.000100552
5.32374e-05
1.73781e-05
7.40781e-05
0.000108433
0.000131894
0.000536003
0.000527588
0.000486733
0.000415718
0.000305534
0.000153036
7.40301e-06
8.38685e-05
0.000100552
5.32374e-05
1.73781e-05
7.40781e-05
0.000108433
0.000131894
0.000536003
0.000527588
0.000486733
0.000415718
0.000305534
0.000153036
7.40301e-06
8.38685e-05
0.000100552
5.32374e-05
1.73781e-05
7.40781e-05
0.000108433
0.000131894
0.000536003
0.000527588
0.000486733
0.000415718
0.000305534
0.000153036
7.40301e-06
8.38685e-05
0.000100552
5.32374e-05
1.73781e-05
7.40781e-05
0.000108433
0.000131894
0.000536003
0.000527588
0.000486733
0.000415718
0.000305534
0.000153036
7.40301e-06
8.38685e-05
0.000100552
5.32374e-05
1.73781e-05
7.40781e-05
0.000108433
0.000131894
0.000536003
0.000527588
0.000486733
0.000415718
0.000305534
0.000153036
7.40301e-06
8.38685e-05
0.000100552
5.32374e-05
1.73781e-05
7.40781e-05
0.000108433
0.000131894
0.000536003
0.000527588
0.000486733
0.000415718
0.000305534
0.000153036
7.40301e-06
8.38685e-05
0.000100552
5.32374e-05
1.73781e-05
7.40781e-05
0.000108433
0.000131894
0.000536003
0.000527588
0.000486733
0.000415718
0.000305534
0.000153036
7.40301e-06
8.38685e-05
0.000100552
5.32374e-05
1.73781e-05
7.40781e-05
0.000108433
0.000131894
0.000536003
0.000527588
0.000486733
0.000415718
0.000305534
0.000153036
7.40301e-06
8.38685e-05
0.000100552
5.32374e-05
1.73781e-05
7.40781e-05
0.000108433
0.000131894
0.000536003
0.000527588
0.000486733
0.000415718
0.000305534
0.000153036
7.40301e-06
8.38685e-05
0.000100552
5.32374e-05
1.73781e-05
7.40781e-05
0.000108433
0.000131894
0.000536003
0.000527588
0.000486733
0.000415718
0.000305534
0.000153036
7.40301e-06
8.38685e-05
0.000100552
5.32374e-05
1.73781e-05
7.40781e-05
0.000108433
0.000131894
0.000536003
0.000527588
0.000486733
0.000415718
0.000305534
0.000153036
7.40301e-06
8.38685e-05
0.000100552
5.32374e-05
1.73781e-05
7.40781e-05
0.000108433
0.000131894
0.000536003
0.000527588
0.000486733
0.000415718
0.000305534
0.000153036
7.40301e-06
8.38685e-05
0.000100552
5.32374e-05
1.73781e-05
7.40781e-05
0.000108433
0.000131894
0.000536003
0.000527588
0.000486733
0.000415718
0.000305534
0.000153036
7.40301e-06
8.38685e-05
0.000100552
5.32374e-05
1.73781e-05
7.40781e-05
0.000108433
0.000131894
0.000536003
0.000527588
0.000486733
0.000415718
0.000305534
0.000153036
7.40301e-06
8.38685e-05
0.000100552
5.32374e-05
1.73781e-05
7.40781e-05
0.000108433
0.000131894
0.000536003
0.000527588
0.000486733
0.000415718
0.000305534
0.000153036
7.40301e-06
8.38685e-05
0.000100552
5.32374e-05
1.73781e-05
7.40781e-05
0.000108433
0.000131894
0.000536003
0.000527588
0.000486733
0.000415718
0.000305534
0.000153036
7.40301e-06
8.38685e-05
0.000100552
5.32374e-05
1.73781e-05
7.40781e-05
0.000108433
0.000131894
0.000536003
0.000527588
0.000486733
0.000415718
0.000305534
0.000153036
7.40301e-06
8.38685e-05
0.000100552
5.32374e-05
1.73781e-05
7.40781e-05
0.000108433
0.000131894
0.000536003
0.000527588
0.000486733
0.000415718
0.000305534
0.000153036
7.40301e-06
8.38685e-05
0.000100552
5.32374e-05
1.73781e-05
7.40781e-05
0.000108433
0.000131894
0.000536003
0.000527588
0.000486733
0.000415718
0.000305534
0.000153036
7.40301e-06
8.38685e-05
0.000100552
5.32374e-05
1.73781e-05
7.40781e-05
0.000108433
0.000131894
0.000536003
0.000527588
0.000486733
0.000415718
0.000305534
0.000153036
7.40301e-06
8.38685e-05
0.000100552
5.32374e-05
1.73781e-05
7.40781e-05
0.000108433
0.000131894
0.000536003
0.000527588
0.000486733
0.000415718
0.000305534
0.000153036
7.40301e-06
8.38685e-05
0.000100552
5.32374e-05
1.73781e-05
7.40781e-05
0.000108433
0.000131894
0.000536003
0.000527588
0.000486733
0.000415718
0.000305534
0.000153036
7.40301e-06
8.38685e-05
0.000100552
5.32374e-05
1.73781e-05
7.40781e-05
0.000108433
0.000131894
0.000536003
0.000527588
0.000486733
0.000415718
0.000305534
0.000153036
7.40301e-06
8.38685e-05
0.000100552
5.32374e-05
1.73781e-05
7.40781e-05
0.000108433
0.000131894
0.000536003
0.000527588
0.000486733
0.000415718
0.000305534
0.000153036
7.40301e-06
8.38685e-05
0.000100552
5.32374e-05
1.73781e-05
7.40781e-05
0.000108433
0.000131894
0.000536003
0.000527588
0.000486733
0.000415718
0.000305534
0.000153036
7.40301e-06
8.38685e-05
0.000100552
5.32374e-05
1.73781e-05
7.40781e-05
0.000108433
0.000131894
0.000536003
0.000527588
0.000486733
0.000415718
0.000305534
0.000153036
7.40301e-06
8.38685e-05
0.000100552
5.32374e-05
1.73781e-05
7.40781e-05
0.000108433
0.000131894
0.000536003
0.000527588
0.000486733
0.000415718
0.000305534
0.000153036
7.40301e-06
8.38685e-05
0.000100552
5.32374e-05
1.73781e-05
7.40781e-05
0.000108433
0.000131894
0.000536003
0.000527588
0.000486733
0.000415718
0.000305534
0.000153036
7.40301e-06
8.38685e-05
0.000100552
5.32374e-05
1.73781e-05
7.40781e-05
0.000108433
0.000131894
0.000536003
0.000527588
0.000486733
0.000415718
0.000305534
0.000153036
7.40301e-06
8.38685e-05
0.000100552
5.32374e-05
1.73781e-05
7.40781e-05
0.000108433
0.000131894
0.000536003
0.000527588
0.000486733
0.000415718
0.000305534
0.000153036
7.40301e-06
8.38685e-05
0.000100552
5.32374e-05
1.73781e-05
7.40781e-05
0.000108433
0.000131894
0.000536003
0.000527588
0.000486733
0.000415718
0.000305534
0.000153036
7.40301e-06
8.38685e-05
0.000100552
5.32374e-05
1.73781e-05
7.40781e-05
0.000108433
0.000131894
0.000536003
0.000527588
0.000486733
0.000415718
0.000305534
0.000153036
7.40301e-06
8.38685e-05
0.000100552
5.32374e-05
1.73781e-05
7.40781e-05
0.000108433
0.000131894
0.000536003
0.000527588
0.000486733
0.000415718
0.000305534
0.000153036
7.40301e-06
8.38685e-05
0.000100552
5.32374e-05
1.73781e-05
7.40781e-05
0.000108433
0.000131894
0.000536003
0.000527588
0.000486733
0.000415718
0.000305534
0.000153036
7.40301e-06
8.38685e-05
0.000100552
5.32374e-05
1.73781e-05
7.40781e-05
0.000108433
0.000131894
0.000536003
0.000527588
0.000486733
0.000415718
0.000305534
0.000153036
7.40301e-06
8.38685e-05
0.000100552
5.32374e-05
1.73781e-05
7.40781e-05
0.000108433
0.000131894
0.000536003
0.000527588
0.000486733
0.000415718
0.000305534
0.000153036
7.40301e-06
8.38685e-05
0.000100552
5.32374e-05
1.73781e-05
7.40781e-05
0.000108433
0.000131894
0.000536003
0.000527588
0.000486733
0.000415718
0.000305534
0.000153036
7.40301e-06
8.38685e-05
0.000100552
5.32374e-05
1.73781e-05
7.40781e-05
0.000108433
0.000131894
0.000536003
0.000527588
0.000486733
0.000415718
0.000305534
0.000153036
7.40301e-06
8.38685e-05
0.000100552
5.32374e-05
1.73781e-05
7.40781e-05
0.000108433
0.000131894
0.000536003
0.000527588
0.000486733
0.000415718
0.000305534
0.000153036
7.40301e-06
8.38685e-05
0.000100552
5.32374e-05
1.73781e-05
7.40781e-05
0.000108433
0.000131894
0.000536003
0.000527588
0.000486733
0.000415718
0.000305534
0.000153036
7.40301e-06
8.38685e-05
0.000100552
5.32374e-05
1.73781e-05
7.40781e-05
0.000108433
0.000131894
0.000536003
0.000527588
0.000486733
0.000415718
0.000305534
0.000153036
7.40301e-06
8.38685e-05
0.000100552
5.32374e-05
1.73781e-05
7.40781e-05
0.000108433
0.000131894
0.000536003
0.000527588
0.000486733
0.000415718
0.000305534
0.000153036
7.40301e-06
8.38685e-05
0.000100552
5.32374e-05
1.73781e-05
7.40781e-05
0.000108433
0.000131894
0.000536003
0.000527588
0.000486733
0.000415718
0.000305534
0.000153036
7.40301e-06
8.38685e-05
0.000100552
5.32374e-05
1.73781e-05
7.40781e-05
0.000108433
0.000131894
0.000536003
0.000527588
0.000486733
0.000415718
0.000305534
0.000153036
7.40301e-06
8.38685e-05
0.000100552
5.32374e-05
1.73781e-05
7.40781e-05
0.000108433
0.000131894
0.000536003
0.000527588
0.000486733
0.000415718
0.000305534
0.000153036
7.40301e-06
8.38685e-05
0.000100552
5.32374e-05
1.73781e-05
7.40781e-05
0.000108433
0.000131894
0.000536003
0.000527588
0.000486733
0.000415718
0.000305534
0.000153036
7.40301e-06
8.38685e-05
0.000100552
5.32374e-05
1.73781e-05
7.40781e-05
0.000108433
0.000131894
0.000536003
0.000527588
0.000486733
0.000415718
0.000305534
0.000153036
7.40301e-06
8.38685e-05
0.000100552
5.32374e-05
1.73781e-05
7.40781e-05
0.000108433
0.000131894
0.000536003
0.000527588
0.000486733
0.000415718
0.000305534
0.000153036
7.40301e-06
8.38685e-05
0.000100552
5.32374e-05
1.73781e-05
7.40781e-05
0.000108433
0.000131894
0.000536003
0.000527588
0.000486733
0.000415718
0.000305534
0.000153036
7.40301e-06
8.38685e-05
0.000100552
5.32374e-05
1.73781e-05
7.40781e-05
0.000108433
0.000131894
0.000536003
0.000527588
0.000486733
0.000415718
0.000305534
0.000153036
7.40301e-06
8.38685e-05
0.000100552
5.32374e-05
1.73781e-05
7.40781e-05
0.000108433
0.000131894
0.000536003
0.000527588
0.000486733
0.000415718
0.000305534
0.000153036
7.40301e-06
8.38685e-05
0.000100552
5.32374e-05
1.73781e-05
7.40781e-05
0.000108433
0.000131894
0.000536003
0.000527588
0.000486733
0.000415718
0.000305534
0.000153036
7.40301e-06
8.38685e-05
0.000100552
5.32374e-05
1.73781e-05
7.40781e-05
0.000108433
0.000131894
0.000536003
0.000527588
0.000486733
0.000415718
0.000305534
0.000153036
7.40301e-06
8.38685e-05
0.000100552
5.32374e-05
1.73781e-05
7.40781e-05
0.000108433
0.000131894
0.000536003
0.000527588
0.000486733
0.000415718
0.000305534
0.000153036
7.40301e-06
8.38685e-05
0.000100552
5.32374e-05
1.73781e-05
7.40781e-05
0.000108433
0.000131894
0.000536003
0.000527588
0.000486733
0.000415718
0.000305534
0.000153036
7.40301e-06
8.38685e-05
0.000100552
5.32374e-05
1.73781e-05
7.40781e-05
0.000108433
0.000131894
0.000536003
0.000527588
0.000486733
0.000415718
0.000305534
0.000153036
7.40301e-06
8.38685e-05
0.000100552
5.32374e-05
1.73781e-05
7.40781e-05
0.000108433
0.000131894
0.000536003
0.000527588
0.000486733
0.000415718
0.000305534
0.000153036
7.40301e-06
8.38685e-05
0.000100552
5.32374e-05
1.73781e-05
7.40781e-05
0.000108433
0.000131894
0.000536003
0.000527588
0.000486733
0.000415718
0.000305534
0.000153036
7.40301e-06
8.38685e-05
0.000100552
5.32374e-05
1.73781e-05
7.40781e-05
0.000108433
0.000131894
0.000536003
0.000527588
0.000486733
0.000415718
0.000305534
0.000153036
7.40301e-06
8.38685e-05
0.000100552
5.32374e-05
1.73781e-05
7.40781e-05
0.000108433
0.000131894
0.000536003
0.000527588
0.000486733
0.000415718
0.000305534
0.000153036
7.40301e-06
8.38685e-05
0.000100552
5.32374e-05
1.73781e-05
7.40781e-05
0.000108433
0.000131894
0.000536003
0.000527588
0.000486733
0.000415718
0.000305534
0.000153036
7.40301e-06
8.38685e-05
0.000100552
5.32374e-05
1.73781e-05
7.40781e-05
0.000108433
0.000131894
0.000536003
0.000527588
0.000486733
0.000415718
0.000305534
0.000153036
7.40301e-06
8.38685e-05
0.000100552
5.32374e-05
1.73781e-05
7.40781e-05
0.000108433
0.000131894
0.000536003
0.000527588
0.000486733
0.000415718
0.000305534
0.000153036
7.40301e-06
8.38685e-05
0.000100552
5.32374e-05
1.73781e-05
7.40781e-05
0.000108433
0.000131894
0.000536003
0.000527588
0.000486733
0.000415718
0.000305534
0.000153036
7.40301e-06
8.38685e-05
0.000100552
5.32374e-05
1.73781e-05
7.40781e-05
0.000108433
0.000131894
0.000536003
0.000527588
0.000486733
0.000415718
0.000305534
0.000153036
7.40301e-06
8.38685e-05
0.000100552
5.32374e-05
1.73781e-05
7.40781e-05
0.000108433
0.000131894
0.000536003
0.000527588
0.000486733
0.000415718
0.000305534
0.000153036
7.40301e-06
8.38685e-05
0.000100552
5.32374e-05
1.73781e-05
7.40781e-05
0.000108433
0.000131894
0.000536003
0.000527588
0.000486733
0.000415718
0.000305534
0.000153036
7.40301e-06
8.38685e-05
0.000100552
5.32374e-05
1.73781e-05
7.40781e-05
0.000108433
0.000131894
0.000536003
0.000527588
0.000486733
0.000415718
0.000305534
0.000153036
7.40301e-06
8.38685e-05
0.000100552
5.32374e-05
1.73781e-05
7.40781e-05
0.000108433
0.000131894
0.000536003
0.000527588
0.000486733
0.000415718
0.000305534
0.000153036
7.40301e-06
8.38685e-05
0.000100552
5.32374e-05
1.73781e-05
7.40781e-05
0.000108433
0.000131894
0.000536003
0.000527588
0.000486733
0.000415718
0.000305534
0.000153036
7.40301e-06
8.38685e-05
0.000100552
5.32374e-05
1.73781e-05
7.40781e-05
0.000108433
0.000131894
0.000536003
0.000527588
0.000486733
0.000415718
0.000305534
0.000153036
7.40301e-06
8.38685e-05
0.000100552
5.32374e-05
1.73781e-05
7.40781e-05
0.000108433
0.000131894
0.000536003
0.000527588
0.000486733
0.000415718
0.000305534
0.000153036
7.40301e-06
8.38685e-05
0.000100552
5.32374e-05
1.73781e-05
7.40781e-05
0.000108433
0.000131894
0.000536003
0.000527588
0.000486733
0.000415718
0.000305534
0.000153036
7.40301e-06
8.38685e-05
0.000100552
5.32374e-05
1.73781e-05
7.40781e-05
0.000108433
0.000131894
0.000536003
0.000527588
0.000486733
0.000415718
0.000305534
0.000153036
7.40301e-06
8.38685e-05
0.000100552
5.32374e-05
1.73781e-05
7.40781e-05
0.000108433
0.000131894
0.000536003
0.000527588
0.000486733
0.000415718
0.000305534
0.000153036
7.40301e-06
8.38685e-05
0.000100552
5.32374e-05
1.73781e-05
7.40781e-05
0.000108433
0.000131894
0.000536003
0.000527588
0.000486733
0.000415718
0.000305534
0.000153036
7.40301e-06
8.38685e-05
0.000100552
5.32374e-05
1.73781e-05
7.40781e-05
0.000108433
0.000131894
0.000536003
0.000527588
0.000486733
0.000415718
0.000305534
0.000153036
7.40301e-06
8.38685e-05
0.000100552
5.32374e-05
1.73781e-05
7.40781e-05
0.000108433
0.000131894
0.000536003
0.000527588
0.000486733
0.000415718
0.000305534
0.000153036
7.40301e-06
8.38685e-05
0.000100552
5.32374e-05
1.73781e-05
7.40781e-05
0.000108433
0.000131894
0.000536003
0.000527588
0.000486733
0.000415718
0.000305534
0.000153036
7.40301e-06
8.38685e-05
0.000100552
5.32374e-05
1.73781e-05
7.40781e-05
0.000108433
0.000131894
0.000536003
0.000527588
0.000486733
0.000415718
0.000305534
0.000153036
7.40301e-06
8.38685e-05
0.000100552
5.32374e-05
1.73781e-05
7.40781e-05
0.000108433
0.000131894
0.000536003
0.000527588
0.000486733
0.000415718
0.000305534
0.000153036
7.40301e-06
8.38685e-05
0.000100552
5.32374e-05
1.73781e-05
7.40781e-05
0.000108433
0.000131894
0.000536003
0.000527588
0.000486733
0.000415718
0.000305534
0.000153036
7.40301e-06
8.38685e-05
0.000100552
5.32374e-05
1.73781e-05
7.40781e-05
0.000108433
0.000131894
0.000536003
0.000527588
0.000486733
0.000415718
0.000305534
0.000153036
7.40301e-06
8.38685e-05
0.000100552
5.32374e-05
1.73781e-05
7.40781e-05
0.000108433
0.000131894
0.000536003
0.000527588
0.000486733
0.000415718
0.000305534
0.000153036
7.40301e-06
8.38685e-05
0.000100552
5.32374e-05
1.73781e-05
7.40781e-05
0.000108433
0.000131894
0.000536003
0.000527588
0.000486733
0.000415718
0.000305534
0.000153036
7.40301e-06
8.38685e-05
0.000100552
5.32374e-05
1.73781e-05
7.40781e-05
0.000108433
0.000131894
0.000536003
0.000527588
0.000486733
0.000415718
0.000305534
0.000153036
7.40301e-06
8.38685e-05
0.000100552
5.32374e-05
1.73781e-05
7.40781e-05
0.000108433
0.000131894
0.000536003
0.000527588
0.000486733
0.000415718
0.000305534
0.000153036
7.40301e-06
8.38685e-05
0.000100552
5.32374e-05
1.73781e-05
7.40781e-05
0.000108433
0.000131894
0.000268001
0.000263976
0.00024496
0.000213946
0.000166249
9.5296e-05
2.1209e-05
3.06768e-05
4.52691e-05
2.4972e-05
9.52123e-06
3.86128e-05
5.82798e-05
7.50879e-05
0.000268001
0.000271413
0.000307047
0.000416187
0.000564621
0.000655865
0.000672244
0.000630903
0.000467909
6.78178e-05
0.000133246
1.48589e-05
6.991e-05
0.000882663
0.000268001
0.000270395
0.000286749
0.000320498
0.000332902
0.000291888
0.000235484
0.000197474
0.000167773
0.000115426
3.43593e-05
1.87046e-05
1.87099e-05
0.000210145
0.000268001
0.000267427
0.000266545
0.000266006
0.000241991
0.000176877
0.000103634
5.67904e-05
4.32856e-05
4.71497e-05
4.58566e-05
4.08516e-05
5.94772e-05
0.000127327
0.000268001
0.000265731
0.000255776
0.000239452
0.000202159
0.000132193
5.68627e-05
7.01164e-06
5.54785e-06
1.01472e-05
3.12924e-05
4.6044e-05
6.40281e-05
0.000100142
0.000268001
0.000264858
0.00025036
0.000226547
0.000183705
0.000112793
3.77065e-05
1.32715e-05
2.65336e-05
7.769e-06
2.10562e-05
4.3669e-05
6.23396e-05
8.75114e-05
0.000268001
0.000264418
0.000247656
0.000220206
0.000174851
0.000103808
2.91318e-05
2.23256e-05
3.61802e-05
1.64721e-05
1.54229e-05
4.14461e-05
6.05899e-05
8.1286e-05
0.000268001
0.000264197
0.000246307
0.000217066
0.000170518
9.94934e-05
2.50897e-05
2.65881e-05
4.0794e-05
2.07488e-05
1.25023e-05
4.0102e-05
5.95027e-05
7.81847e-05
0.000268001
0.000264087
0.000245633
0.000215503
0.000168376
9.738e-05
2.31292e-05
2.86541e-05
4.30489e-05
2.28673e-05
1.10189e-05
3.93751e-05
5.89079e-05
7.66358e-05
0.000268001
0.000264032
0.000245296
0.000214724
0.000167311
9.63343e-05
2.21641e-05
2.96709e-05
4.41633e-05
2.39214e-05
1.02718e-05
3.89983e-05
5.8598e-05
7.58617e-05
0.000268001
0.000264004
0.000245128
0.000214335
0.000166779
9.58142e-05
2.16853e-05
3.01752e-05
4.47173e-05
2.44472e-05
9.89695e-06
3.88066e-05
5.84399e-05
7.54748e-05
0.000268001
0.00026399
0.000245044
0.000214141
0.000166514
9.55549e-05
2.14469e-05
3.04264e-05
4.49934e-05
2.47097e-05
9.7092e-06
3.871e-05
5.83601e-05
7.52813e-05
0.000268001
0.000263983
0.000245002
0.000214043
0.000166382
9.54254e-05
2.13279e-05
3.05517e-05
4.51313e-05
2.48409e-05
9.61524e-06
3.86615e-05
5.832e-05
7.51846e-05
0.000268001
0.00026398
0.000244981
0.000213995
0.000166316
9.53607e-05
2.12684e-05
3.06143e-05
4.52002e-05
2.49065e-05
9.56824e-06
3.86371e-05
5.82999e-05
7.51362e-05
0.000268001
0.000263978
0.00024497
0.00021397
0.000166282
9.53283e-05
2.12387e-05
3.06456e-05
4.52347e-05
2.49393e-05
9.54473e-06
3.8625e-05
5.82899e-05
7.51121e-05
0.000268001
0.000263977
0.000244965
0.000213958
0.000166266
9.53122e-05
2.12239e-05
3.06612e-05
4.52519e-05
2.49557e-05
9.53298e-06
3.86189e-05
5.82848e-05
7.51e-05
0.000268001
0.000263977
0.000244962
0.000213952
0.000166258
9.53041e-05
2.12164e-05
3.0669e-05
4.52605e-05
2.49639e-05
9.5271e-06
3.86158e-05
5.82823e-05
7.50939e-05
0.000268001
0.000263977
0.000244961
0.000213949
0.000166253
9.53e-05
2.12127e-05
3.06729e-05
4.52648e-05
2.4968e-05
9.52417e-06
3.86143e-05
5.8281e-05
7.50909e-05
0.000268001
0.000263977
0.000244961
0.000213948
0.000166251
9.5298e-05
2.12109e-05
3.06749e-05
4.52669e-05
2.497e-05
9.5227e-06
3.86136e-05
5.82804e-05
7.50894e-05
0.000268001
0.000263976
0.00024496
0.000213947
0.00016625
9.5297e-05
2.12099e-05
3.06759e-05
4.5268e-05
2.4971e-05
9.52196e-06
3.86132e-05
5.82801e-05
7.50886e-05
0.000268001
0.000263976
0.00024496
0.000213947
0.00016625
9.52965e-05
2.12095e-05
3.06764e-05
4.52685e-05
2.49715e-05
9.52159e-06
3.8613e-05
5.82799e-05
7.50883e-05
0.000268001
0.000263976
0.00024496
0.000213946
0.00016625
9.52962e-05
2.12092e-05
3.06766e-05
4.52688e-05
2.49718e-05
9.52141e-06
3.86129e-05
5.82799e-05
7.50881e-05
0.000268001
0.000263976
0.00024496
0.000213946
0.000166249
9.52961e-05
2.12091e-05
3.06767e-05
4.5269e-05
2.49719e-05
9.52132e-06
3.86128e-05
5.82798e-05
7.5088e-05
0.000268001
0.000263976
0.00024496
0.000213946
0.000166249
9.52961e-05
2.12091e-05
3.06768e-05
4.5269e-05
2.4972e-05
9.52127e-06
3.86128e-05
5.82798e-05
7.50879e-05
0.000268001
0.000263976
0.00024496
0.000213946
0.000166249
9.5296e-05
2.1209e-05
3.06768e-05
4.52691e-05
2.4972e-05
9.52125e-06
3.86128e-05
5.82798e-05
7.50879e-05
0.000268001
0.000263976
0.00024496
0.000213946
0.000166249
9.5296e-05
2.1209e-05
3.06768e-05
4.52691e-05
2.4972e-05
9.52124e-06
3.86128e-05
5.82798e-05
7.50879e-05
0.000268001
0.000263976
0.00024496
0.000213946
0.000166249
9.5296e-05
2.1209e-05
3.06768e-05
4.52691e-05
2.4972e-05
9.52123e-06
3.86128e-05
5.82798e-05
7.50879e-05
0.000268001
0.000263976
0.00024496
0.000213946
0.000166249
9.5296e-05
2.1209e-05
3.06768e-05
4.52691e-05
2.4972e-05
9.52123e-06
3.86128e-05
5.82798e-05
7.50879e-05
0.000268001
0.000263976
0.00024496
0.000213946
0.000166249
9.5296e-05
2.1209e-05
3.06768e-05
4.52691e-05
2.4972e-05
9.52123e-06
3.86128e-05
5.82798e-05
7.50879e-05
0.000268001
0.000263976
0.00024496
0.000213946
0.000166249
9.5296e-05
2.1209e-05
3.06768e-05
4.52691e-05
2.4972e-05
9.52123e-06
3.86128e-05
5.82798e-05
7.50879e-05
0.000268001
0.000263976
0.00024496
0.000213946
0.000166249
9.5296e-05
2.1209e-05
3.06768e-05
4.52691e-05
2.4972e-05
9.52123e-06
3.86128e-05
5.82798e-05
7.50879e-05
0.000268001
0.000263976
0.00024496
0.000213946
0.000166249
9.5296e-05
2.1209e-05
3.06768e-05
4.52691e-05
2.4972e-05
9.52123e-06
3.86128e-05
5.82798e-05
7.50879e-05
0.000268001
0.000263976
0.00024496
0.000213946
0.000166249
9.5296e-05
2.1209e-05
3.06768e-05
4.52691e-05
2.4972e-05
9.52123e-06
3.86128e-05
5.82798e-05
7.50879e-05
0.000268001
0.000263976
0.00024496
0.000213946
0.000166249
9.5296e-05
2.1209e-05
3.06768e-05
4.52691e-05
2.4972e-05
9.52123e-06
3.86128e-05
5.82798e-05
7.50879e-05
0.000268001
0.000263976
0.00024496
0.000213946
0.000166249
9.5296e-05
2.1209e-05
3.06768e-05
4.52691e-05
2.4972e-05
9.52123e-06
3.86128e-05
5.82798e-05
7.50879e-05
0.000268001
0.000263976
0.00024496
0.000213946
0.000166249
9.5296e-05
2.1209e-05
3.06768e-05
4.52691e-05
2.4972e-05
9.52123e-06
3.86128e-05
5.82798e-05
7.50879e-05
0.000268001
0.000263976
0.00024496
0.000213946
0.000166249
9.5296e-05
2.1209e-05
3.06768e-05
4.52691e-05
2.4972e-05
9.52123e-06
3.86128e-05
5.82798e-05
7.50879e-05
0.000268001
0.000263976
0.00024496
0.000213946
0.000166249
9.5296e-05
2.1209e-05
3.06768e-05
4.52691e-05
2.4972e-05
9.52123e-06
3.86128e-05
5.82798e-05
7.50879e-05
0.000268001
0.000263976
0.00024496
0.000213946
0.000166249
9.5296e-05
2.1209e-05
3.06768e-05
4.52691e-05
2.4972e-05
9.52123e-06
3.86128e-05
5.82798e-05
7.50879e-05
0.000268001
0.000263976
0.00024496
0.000213946
0.000166249
9.5296e-05
2.1209e-05
3.06768e-05
4.52691e-05
2.4972e-05
9.52123e-06
3.86128e-05
5.82798e-05
7.50879e-05
0.000268001
0.000263976
0.00024496
0.000213946
0.000166249
9.5296e-05
2.1209e-05
3.06768e-05
4.52691e-05
2.4972e-05
9.52123e-06
3.86128e-05
5.82798e-05
7.50879e-05
0.000268001
0.000263976
0.00024496
0.000213946
0.000166249
9.5296e-05
2.1209e-05
3.06768e-05
4.52691e-05
2.4972e-05
9.52123e-06
3.86128e-05
5.82798e-05
7.50879e-05
0.000268001
0.000263976
0.00024496
0.000213946
0.000166249
9.5296e-05
2.1209e-05
3.06768e-05
4.52691e-05
2.4972e-05
9.52123e-06
3.86128e-05
5.82798e-05
7.50879e-05
0.000268001
0.000263976
0.00024496
0.000213946
0.000166249
9.5296e-05
2.1209e-05
3.06768e-05
4.52691e-05
2.4972e-05
9.52123e-06
3.86128e-05
5.82798e-05
7.50879e-05
0.000268001
0.000263976
0.00024496
0.000213946
0.000166249
9.5296e-05
2.1209e-05
3.06768e-05
4.52691e-05
2.4972e-05
9.52123e-06
3.86128e-05
5.82798e-05
7.50879e-05
0.000268001
0.000263976
0.00024496
0.000213946
0.000166249
9.5296e-05
2.1209e-05
3.06768e-05
4.52691e-05
2.4972e-05
9.52123e-06
3.86128e-05
5.82798e-05
7.50879e-05
0.000268001
0.000263976
0.00024496
0.000213946
0.000166249
9.5296e-05
2.1209e-05
3.06768e-05
4.52691e-05
2.4972e-05
9.52123e-06
3.86128e-05
5.82798e-05
7.50879e-05
0.000268001
0.000263976
0.00024496
0.000213946
0.000166249
9.5296e-05
2.1209e-05
3.06768e-05
4.52691e-05
2.4972e-05
9.52123e-06
3.86128e-05
5.82798e-05
7.50879e-05
0.000268001
0.000263976
0.00024496
0.000213946
0.000166249
9.5296e-05
2.1209e-05
3.06768e-05
4.52691e-05
2.4972e-05
9.52123e-06
3.86128e-05
5.82798e-05
7.50879e-05
0.000268001
0.000263976
0.00024496
0.000213946
0.000166249
9.5296e-05
2.1209e-05
3.06768e-05
4.52691e-05
2.4972e-05
9.52123e-06
3.86128e-05
5.82798e-05
7.50879e-05
0.000268001
0.000263976
0.00024496
0.000213946
0.000166249
9.5296e-05
2.1209e-05
3.06768e-05
4.52691e-05
2.4972e-05
9.52123e-06
3.86128e-05
5.82798e-05
7.50879e-05
0.000268001
0.000263976
0.00024496
0.000213946
0.000166249
9.5296e-05
2.1209e-05
3.06768e-05
4.52691e-05
2.4972e-05
9.52123e-06
3.86128e-05
5.82798e-05
7.50879e-05
0.000268001
0.000263976
0.00024496
0.000213946
0.000166249
9.5296e-05
2.1209e-05
3.06768e-05
4.52691e-05
2.4972e-05
9.52123e-06
3.86128e-05
5.82798e-05
7.50879e-05
0.000268001
0.000263976
0.00024496
0.000213946
0.000166249
9.5296e-05
2.1209e-05
3.06768e-05
4.52691e-05
2.4972e-05
9.52123e-06
3.86128e-05
5.82798e-05
7.50879e-05
0.000268001
0.000263976
0.00024496
0.000213946
0.000166249
9.5296e-05
2.1209e-05
3.06768e-05
4.52691e-05
2.4972e-05
9.52123e-06
3.86128e-05
5.82798e-05
7.50879e-05
0.000268001
0.000263976
0.00024496
0.000213946
0.000166249
9.5296e-05
2.1209e-05
3.06768e-05
4.52691e-05
2.4972e-05
9.52123e-06
3.86128e-05
5.82798e-05
7.50879e-05
0.000268001
0.000263976
0.00024496
0.000213946
0.000166249
9.5296e-05
2.1209e-05
3.06768e-05
4.52691e-05
2.4972e-05
9.52123e-06
3.86128e-05
5.82798e-05
7.50879e-05
0.000268001
0.000263976
0.00024496
0.000213946
0.000166249
9.5296e-05
2.1209e-05
3.06768e-05
4.52691e-05
2.4972e-05
9.52123e-06
3.86128e-05
5.82798e-05
7.50879e-05
0.000268001
0.000263976
0.00024496
0.000213946
0.000166249
9.5296e-05
2.1209e-05
3.06768e-05
4.52691e-05
2.4972e-05
9.52123e-06
3.86128e-05
5.82798e-05
7.50879e-05
0.000268001
0.000263976
0.00024496
0.000213946
0.000166249
9.5296e-05
2.1209e-05
3.06768e-05
4.52691e-05
2.4972e-05
9.52123e-06
3.86128e-05
5.82798e-05
7.50879e-05
0.000268001
0.000263976
0.00024496
0.000213946
0.000166249
9.5296e-05
2.1209e-05
3.06768e-05
4.52691e-05
2.4972e-05
9.52123e-06
3.86128e-05
5.82798e-05
7.50879e-05
0.000268001
0.000263976
0.00024496
0.000213946
0.000166249
9.5296e-05
2.1209e-05
3.06768e-05
4.52691e-05
2.4972e-05
9.52123e-06
3.86128e-05
5.82798e-05
7.50879e-05
0.000268001
0.000263976
0.00024496
0.000213946
0.000166249
9.5296e-05
2.1209e-05
3.06768e-05
4.52691e-05
2.4972e-05
9.52123e-06
3.86128e-05
5.82798e-05
7.50879e-05
0.000268001
0.000263976
0.00024496
0.000213946
0.000166249
9.5296e-05
2.1209e-05
3.06768e-05
4.52691e-05
2.4972e-05
9.52123e-06
3.86128e-05
5.82798e-05
7.50879e-05
0.000268001
0.000263976
0.00024496
0.000213946
0.000166249
9.5296e-05
2.1209e-05
3.06768e-05
4.52691e-05
2.4972e-05
9.52123e-06
3.86128e-05
5.82798e-05
7.50879e-05
0.000268001
0.000263976
0.00024496
0.000213946
0.000166249
9.5296e-05
2.1209e-05
3.06768e-05
4.52691e-05
2.4972e-05
9.52123e-06
3.86128e-05
5.82798e-05
7.50879e-05
0.000268001
0.000263976
0.00024496
0.000213946
0.000166249
9.5296e-05
2.1209e-05
3.06768e-05
4.52691e-05
2.4972e-05
9.52123e-06
3.86128e-05
5.82798e-05
7.50879e-05
0.000268001
0.000263976
0.00024496
0.000213946
0.000166249
9.5296e-05
2.1209e-05
3.06768e-05
4.52691e-05
2.4972e-05
9.52123e-06
3.86128e-05
5.82798e-05
7.50879e-05
0.000268001
0.000263976
0.00024496
0.000213946
0.000166249
9.5296e-05
2.1209e-05
3.06768e-05
4.52691e-05
2.4972e-05
9.52123e-06
3.86128e-05
5.82798e-05
7.50879e-05
0.000268001
0.000263976
0.00024496
0.000213946
0.000166249
9.5296e-05
2.1209e-05
3.06768e-05
4.52691e-05
2.4972e-05
9.52123e-06
3.86128e-05
5.82798e-05
7.50879e-05
0.000268001
0.000263976
0.00024496
0.000213946
0.000166249
9.5296e-05
2.1209e-05
3.06768e-05
4.52691e-05
2.4972e-05
9.52123e-06
3.86128e-05
5.82798e-05
7.50879e-05
0.000268001
0.000263976
0.00024496
0.000213946
0.000166249
9.5296e-05
2.1209e-05
3.06768e-05
4.52691e-05
2.4972e-05
9.52123e-06
3.86128e-05
5.82798e-05
7.50879e-05
0.000268001
0.000263976
0.00024496
0.000213946
0.000166249
9.5296e-05
2.1209e-05
3.06768e-05
4.52691e-05
2.4972e-05
9.52123e-06
3.86128e-05
5.82798e-05
7.50879e-05
0.000268001
0.000263976
0.00024496
0.000213946
0.000166249
9.5296e-05
2.1209e-05
3.06768e-05
4.52691e-05
2.4972e-05
9.52123e-06
3.86128e-05
5.82798e-05
7.50879e-05
0.000268001
0.000263976
0.00024496
0.000213946
0.000166249
9.5296e-05
2.1209e-05
3.06768e-05
4.52691e-05
2.4972e-05
9.52123e-06
3.86128e-05
5.82798e-05
7.50879e-05
0.000268001
0.000263976
0.00024496
0.000213946
0.000166249
9.5296e-05
2.1209e-05
3.06768e-05
4.52691e-05
2.4972e-05
9.52123e-06
3.86128e-05
5.82798e-05
7.50879e-05
0.000268001
0.000263976
0.00024496
0.000213946
0.000166249
9.5296e-05
2.1209e-05
3.06768e-05
4.52691e-05
2.4972e-05
9.52123e-06
3.86128e-05
5.82798e-05
7.50879e-05
0.000268001
0.000263976
0.00024496
0.000213946
0.000166249
9.5296e-05
2.1209e-05
3.06768e-05
4.52691e-05
2.4972e-05
9.52123e-06
3.86128e-05
5.82798e-05
7.50879e-05
0.000268001
0.000263976
0.00024496
0.000213946
0.000166249
9.5296e-05
2.1209e-05
3.06768e-05
4.52691e-05
2.4972e-05
9.52123e-06
3.86128e-05
5.82798e-05
7.50879e-05
0.000268001
0.000263976
0.00024496
0.000213946
0.000166249
9.5296e-05
2.1209e-05
3.06768e-05
4.52691e-05
2.4972e-05
9.52123e-06
3.86128e-05
5.82798e-05
7.50879e-05
0.000268001
0.000263976
0.00024496
0.000213946
0.000166249
9.5296e-05
2.1209e-05
3.06768e-05
4.52691e-05
2.4972e-05
9.52123e-06
3.86128e-05
5.82798e-05
7.50879e-05
0.000268001
0.000263976
0.00024496
0.000213946
0.000166249
9.5296e-05
2.1209e-05
3.06768e-05
4.52691e-05
2.4972e-05
9.52123e-06
3.86128e-05
5.82798e-05
7.50879e-05
0.000268001
0.000263976
0.00024496
0.000213946
0.000166249
9.5296e-05
2.1209e-05
3.06768e-05
4.52691e-05
2.4972e-05
9.52123e-06
3.86128e-05
5.82798e-05
7.50879e-05
0.000268001
0.000263976
0.00024496
0.000213946
0.000166249
9.5296e-05
2.1209e-05
3.06768e-05
4.52691e-05
2.4972e-05
9.52123e-06
3.86128e-05
5.82798e-05
7.50879e-05
0.000268001
0.000263976
0.00024496
0.000213946
0.000166249
9.5296e-05
2.1209e-05
3.06768e-05
4.52691e-05
2.4972e-05
9.52123e-06
3.86128e-05
5.82798e-05
7.50879e-05
0.000268001
0.000263976
0.00024496
0.000213946
0.000166249
9.5296e-05
2.1209e-05
3.06768e-05
4.52691e-05
2.4972e-05
9.52123e-06
3.86128e-05
5.82798e-05
7.50879e-05
0.000268001
0.000263976
0.00024496
0.000213946
0.000166249
9.5296e-05
2.1209e-05
3.06768e-05
4.52691e-05
2.4972e-05
9.52123e-06
3.86128e-05
5.82798e-05
7.50879e-05
0.000268001
0.000263976
0.00024496
0.000213946
0.000166249
9.5296e-05
2.1209e-05
3.06768e-05
4.52691e-05
2.4972e-05
9.52123e-06
3.86128e-05
5.82798e-05
7.50879e-05
0.000268001
0.000263976
0.00024496
0.000213946
0.000166249
9.5296e-05
2.1209e-05
3.06768e-05
4.52691e-05
2.4972e-05
9.52123e-06
3.86128e-05
5.82798e-05
7.50879e-05
0.000268001
0.000263976
0.00024496
0.000213946
0.000166249
9.5296e-05
2.1209e-05
3.06768e-05
4.52691e-05
2.4972e-05
9.52123e-06
3.86128e-05
5.82798e-05
7.50879e-05
0.000268001
0.000263976
0.00024496
0.000213946
0.000166249
9.5296e-05
2.1209e-05
3.06768e-05
4.52691e-05
2.4972e-05
9.52123e-06
3.86128e-05
5.82798e-05
7.50879e-05
0.000268001
0.000263976
0.00024496
0.000213946
0.000166249
9.5296e-05
2.1209e-05
3.06768e-05
4.52691e-05
2.4972e-05
9.52123e-06
3.86128e-05
5.82798e-05
7.50879e-05
0.000268001
0.000263976
0.00024496
0.000213946
0.000166249
9.5296e-05
2.1209e-05
3.06768e-05
4.52691e-05
2.4972e-05
9.52123e-06
3.86128e-05
5.82798e-05
7.50879e-05
0.000268001
0.000263976
0.00024496
0.000213946
0.000166249
9.5296e-05
2.1209e-05
3.06768e-05
4.52691e-05
2.4972e-05
9.52123e-06
3.86128e-05
5.82798e-05
7.50879e-05
0.000268001
0.000263976
0.00024496
0.000213946
0.000166249
9.5296e-05
2.1209e-05
3.06768e-05
4.52691e-05
2.4972e-05
9.52123e-06
3.86128e-05
5.82798e-05
7.50879e-05
0.000268001
0.000263976
0.00024496
0.000213946
0.000166249
9.5296e-05
2.1209e-05
3.06768e-05
4.52691e-05
2.4972e-05
9.52123e-06
3.86128e-05
5.82798e-05
7.50879e-05
0.000268001
0.000263976
0.00024496
0.000213946
0.000166249
9.5296e-05
2.1209e-05
3.06768e-05
4.52691e-05
2.4972e-05
9.52123e-06
3.86128e-05
5.82798e-05
7.50879e-05
0.000268001
0.000263976
0.00024496
0.000213946
0.000166249
9.5296e-05
2.1209e-05
3.06768e-05
4.52691e-05
2.4972e-05
9.52123e-06
3.86128e-05
5.82798e-05
7.50879e-05
0.000268001
0.000263976
0.00024496
0.000213946
0.000166249
9.5296e-05
2.1209e-05
3.06768e-05
4.52691e-05
2.4972e-05
9.52123e-06
3.86128e-05
5.82798e-05
7.50879e-05
0.000268001
0.000263976
0.00024496
0.000213946
0.000166249
9.5296e-05
2.1209e-05
3.06768e-05
4.52691e-05
2.4972e-05
9.52123e-06
3.86128e-05
5.82798e-05
7.50879e-05
0.000268001
0.000263976
0.00024496
0.000213946
0.000166249
9.5296e-05
2.1209e-05
3.06768e-05
4.52691e-05
2.4972e-05
9.52123e-06
3.86128e-05
5.82798e-05
7.50879e-05
0.000268001
0.000263976
0.00024496
0.000213946
0.000166249
9.5296e-05
2.1209e-05
3.06768e-05
4.52691e-05
2.4972e-05
9.52123e-06
3.86128e-05
5.82798e-05
7.50879e-05
0.000268001
0.000263976
0.00024496
0.000213946
0.000166249
9.5296e-05
2.1209e-05
3.06768e-05
4.52691e-05
2.4972e-05
9.52123e-06
3.86128e-05
5.82798e-05
7.50879e-05
0.000268001
0.000263976
0.00024496
0.000213946
0.000166249
9.5296e-05
2.1209e-05
3.06768e-05
4.52691e-05
2.4972e-05
9.52123e-06
3.86128e-05
5.82798e-05
7.50879e-05
0.000268001
0.000263976
0.00024496
0.000213946
0.000166249
9.5296e-05
2.1209e-05
3.06768e-05
4.52691e-05
2.4972e-05
9.52123e-06
3.86128e-05
5.82798e-05
7.50879e-05
0.000268001
0.000263976
0.00024496
0.000213946
0.000166249
9.5296e-05
2.1209e-05
3.06768e-05
4.52691e-05
2.4972e-05
9.52123e-06
3.86128e-05
5.82798e-05
7.50879e-05
0.000268001
0.000263976
0.00024496
0.000213946
0.000166249
9.5296e-05
2.1209e-05
3.06768e-05
4.52691e-05
2.4972e-05
9.52123e-06
3.86128e-05
5.82798e-05
7.50879e-05
0.000268001
0.000263976
0.00024496
0.000213946
0.000166249
9.5296e-05
2.1209e-05
3.06768e-05
4.52691e-05
2.4972e-05
9.52123e-06
3.86128e-05
5.82798e-05
7.50879e-05
0.000268001
0.000263976
0.00024496
0.000213946
0.000166249
9.5296e-05
2.1209e-05
3.06768e-05
4.52691e-05
2.4972e-05
9.52123e-06
3.86128e-05
5.82798e-05
7.50879e-05
0.000268001
0.000263976
0.00024496
0.000213946
0.000166249
9.5296e-05
2.1209e-05
3.06768e-05
4.52691e-05
2.4972e-05
9.52123e-06
3.86128e-05
5.82798e-05
7.50879e-05
0.000268001
0.000263976
0.00024496
0.000213946
0.000166249
9.5296e-05
2.1209e-05
3.06768e-05
4.52691e-05
2.4972e-05
9.52123e-06
3.86128e-05
5.82798e-05
7.50879e-05
0.000268001
0.000263976
0.00024496
0.000213946
0.000166249
9.5296e-05
2.1209e-05
3.06768e-05
4.52691e-05
2.4972e-05
9.52123e-06
3.86128e-05
5.82798e-05
7.50879e-05
0.000268001
0.000263976
0.00024496
0.000213946
0.000166249
9.5296e-05
2.1209e-05
3.06768e-05
4.52691e-05
2.4972e-05
9.52123e-06
3.86128e-05
5.82798e-05
7.50879e-05
0.000268001
0.000263976
0.00024496
0.000213946
0.000166249
9.5296e-05
2.1209e-05
3.06768e-05
4.52691e-05
2.4972e-05
9.52123e-06
3.86128e-05
5.82798e-05
7.50879e-05
0.000268001
0.000263976
0.00024496
0.000213946
0.000166249
9.5296e-05
2.1209e-05
3.06768e-05
4.52691e-05
2.4972e-05
9.52123e-06
3.86128e-05
5.82798e-05
7.50879e-05
0.000268001
0.000263976
0.00024496
0.000213946
0.000166249
9.5296e-05
2.1209e-05
3.06768e-05
4.52691e-05
2.4972e-05
9.52123e-06
3.86128e-05
5.82798e-05
7.50879e-05
0.000268001
0.000263976
0.00024496
0.000213946
0.000166249
9.5296e-05
2.1209e-05
3.06768e-05
4.52691e-05
2.4972e-05
9.52123e-06
3.86128e-05
5.82798e-05
7.50879e-05
0.000268001
0.000263976
0.00024496
0.000213946
0.000166249
9.5296e-05
2.1209e-05
3.06768e-05
4.52691e-05
2.4972e-05
9.52123e-06
3.86128e-05
5.82798e-05
7.50879e-05
0.000268001
0.000263976
0.00024496
0.000213946
0.000166249
9.5296e-05
2.1209e-05
3.06768e-05
4.52691e-05
2.4972e-05
9.52123e-06
3.86128e-05
5.82798e-05
7.50879e-05
0.000268001
0.000263976
0.00024496
0.000213946
0.000166249
9.5296e-05
2.1209e-05
3.06768e-05
4.52691e-05
2.4972e-05
9.52123e-06
3.86128e-05
5.82798e-05
7.50879e-05
0.000268001
0.000263976
0.00024496
0.000213946
0.000166249
9.5296e-05
2.1209e-05
3.06768e-05
4.52691e-05
2.4972e-05
9.52123e-06
3.86128e-05
5.82798e-05
7.50879e-05
0.000178668
0.000175984
0.000163307
0.000142631
0.000110835
6.35364e-05
1.41505e-05
2.04376e-05
3.01687e-05
1.66435e-05
6.34559e-06
2.57326e-05
3.88327e-05
5.00217e-05
0.000178668
0.000179619
0.000196494
0.000257244
0.000347801
0.000412039
0.00043298
0.000414443
0.000315413
5.52834e-05
8.93238e-05
6.23974e-06
5.955e-05
0.000535925
0.000178668
0.000179757
0.000188091
0.000206463
0.000211945
0.000184653
0.000148525
0.000125272
0.000108011
7.53549e-05
2.18829e-05
1.49688e-05
6.43861e-06
0.000126595
0.000178668
0.000178062
0.000176367
0.000174312
0.000157283
0.000114055
6.58018e-05
3.51062e-05
2.67187e-05
2.9939e-05
2.93734e-05
2.56412e-05
3.69835e-05
8.05707e-05
0.000178668
0.000177049
0.000169899
0.000158254
0.000132982
8.64965e-05
3.65685e-05
3.51243e-06
4.70277e-06
5.95249e-06
2.01533e-05
2.98413e-05
4.14234e-05
6.49586e-05
0.000178668
0.000176521
0.000166608
0.000150373
0.000121632
7.44577e-05
2.45534e-05
9.3605e-06
1.81593e-05
5.58864e-06
1.36636e-05
2.86712e-05
4.09377e-05
5.74968e-05
0.000178668
0.000176254
0.000164958
0.000146483
0.000116163
6.88589e-05
1.91553e-05
1.5117e-05
2.4342e-05
1.11838e-05
1.00904e-05
2.74035e-05
4.00767e-05
5.37675e-05
0.000178668
0.000176119
0.000164132
0.000144552
0.000113481
6.61632e-05
1.66043e-05
1.7831e-05
2.72995e-05
1.39313e-05
8.23734e-06
2.6616e-05
3.95011e-05
5.18972e-05
0.000178668
0.000176052
0.00016372
0.00014359
0.000112153
6.48412e-05
1.53653e-05
1.91477e-05
2.87451e-05
1.52919e-05
7.29605e-06
2.6186e-05
3.91783e-05
5.09602e-05
0.000178668
0.000176018
0.000163513
0.00014311
0.000111493
6.41866e-05
1.47549e-05
1.9796e-05
2.94597e-05
1.59688e-05
6.82194e-06
2.59622e-05
3.90083e-05
5.04912e-05
0.000178668
0.000176001
0.00016341
0.000142871
0.000111163
6.3861e-05
1.4452e-05
2.01176e-05
2.98149e-05
1.63064e-05
6.58404e-06
2.58481e-05
3.89212e-05
5.02565e-05
0.000178668
0.000175993
0.000163358
0.000142751
0.000110999
6.36985e-05
1.43011e-05
2.02778e-05
2.9992e-05
1.6475e-05
6.46488e-06
2.57905e-05
3.88771e-05
5.01391e-05
0.000178668
0.000175989
0.000163333
0.000142691
0.000110917
6.36174e-05
1.42257e-05
2.03578e-05
3.00804e-05
1.65593e-05
6.40525e-06
2.57616e-05
3.88549e-05
5.00804e-05
0.000178668
0.000175986
0.00016332
0.000142661
0.000110876
6.35769e-05
1.41881e-05
2.03977e-05
3.01246e-05
1.66014e-05
6.37542e-06
2.57471e-05
3.88438e-05
5.00511e-05
0.000178668
0.000175985
0.000163313
0.000142646
0.000110855
6.35566e-05
1.41693e-05
2.04177e-05
3.01467e-05
1.66224e-05
6.36051e-06
2.57399e-05
3.88383e-05
5.00364e-05
0.000178668
0.000175985
0.00016331
0.000142639
0.000110845
6.35465e-05
1.41599e-05
2.04277e-05
3.01577e-05
1.6633e-05
6.35305e-06
2.57362e-05
3.88355e-05
5.00291e-05
0.000178668
0.000175985
0.000163308
0.000142635
0.00011084
6.35414e-05
1.41552e-05
2.04327e-05
3.01632e-05
1.66382e-05
6.34932e-06
2.57344e-05
3.88341e-05
5.00254e-05
0.000178668
0.000175984
0.000163308
0.000142633
0.000110837
6.35389e-05
1.41529e-05
2.04351e-05
3.0166e-05
1.66408e-05
6.34745e-06
2.57335e-05
3.88334e-05
5.00236e-05
0.000178668
0.000175984
0.000163307
0.000142632
0.000110836
6.35376e-05
1.41517e-05
2.04364e-05
3.01674e-05
1.66422e-05
6.34652e-06
2.57331e-05
3.8833e-05
5.00227e-05
0.000178668
0.000175984
0.000163307
0.000142632
0.000110835
6.3537e-05
1.41511e-05
2.0437e-05
3.01681e-05
1.66428e-05
6.34606e-06
2.57328e-05
3.88329e-05
5.00222e-05
0.000178668
0.000175984
0.000163307
0.000142631
0.000110835
6.35367e-05
1.41508e-05
2.04373e-05
3.01684e-05
1.66431e-05
6.34582e-06
2.57327e-05
3.88328e-05
5.0022e-05
0.000178668
0.000175984
0.000163307
0.000142631
0.000110835
6.35365e-05
1.41507e-05
2.04375e-05
3.01686e-05
1.66433e-05
6.34571e-06
2.57327e-05
3.88327e-05
5.00219e-05
0.000178668
0.000175984
0.000163307
0.000142631
0.000110835
6.35364e-05
1.41506e-05
2.04376e-05
3.01687e-05
1.66434e-05
6.34565e-06
2.57326e-05
3.88327e-05
5.00218e-05
0.000178668
0.000175984
0.000163307
0.000142631
0.000110835
6.35364e-05
1.41506e-05
2.04376e-05
3.01687e-05
1.66434e-05
6.34562e-06
2.57326e-05
3.88327e-05
5.00218e-05
0.000178668
0.000175984
0.000163307
0.000142631
0.000110835
6.35364e-05
1.41505e-05
2.04376e-05
3.01687e-05
1.66435e-05
6.3456e-06
2.57326e-05
3.88327e-05
5.00218e-05
0.000178668
0.000175984
0.000163307
0.000142631
0.000110835
6.35364e-05
1.41505e-05
2.04376e-05
3.01687e-05
1.66435e-05
6.3456e-06
2.57326e-05
3.88327e-05
5.00217e-05
0.000178668
0.000175984
0.000163307
0.000142631
0.000110835
6.35364e-05
1.41505e-05
2.04376e-05
3.01687e-05
1.66435e-05
6.34559e-06
2.57326e-05
3.88327e-05
5.00217e-05
0.000178668
0.000175984
0.000163307
0.000142631
0.000110835
6.35364e-05
1.41505e-05
2.04376e-05
3.01687e-05
1.66435e-05
6.34559e-06
2.57326e-05
3.88327e-05
5.00217e-05
0.000178668
0.000175984
0.000163307
0.000142631
0.000110835
6.35364e-05
1.41505e-05
2.04376e-05
3.01687e-05
1.66435e-05
6.34559e-06
2.57326e-05
3.88327e-05
5.00217e-05
0.000178668
0.000175984
0.000163307
0.000142631
0.000110835
6.35364e-05
1.41505e-05
2.04376e-05
3.01687e-05
1.66435e-05
6.34559e-06
2.57326e-05
3.88327e-05
5.00217e-05
0.000178668
0.000175984
0.000163307
0.000142631
0.000110835
6.35364e-05
1.41505e-05
2.04376e-05
3.01687e-05
1.66435e-05
6.34559e-06
2.57326e-05
3.88327e-05
5.00217e-05
0.000178668
0.000175984
0.000163307
0.000142631
0.000110835
6.35364e-05
1.41505e-05
2.04376e-05
3.01687e-05
1.66435e-05
6.34559e-06
2.57326e-05
3.88327e-05
5.00217e-05
0.000178668
0.000175984
0.000163307
0.000142631
0.000110835
6.35364e-05
1.41505e-05
2.04376e-05
3.01687e-05
1.66435e-05
6.34559e-06
2.57326e-05
3.88327e-05
5.00217e-05
0.000178668
0.000175984
0.000163307
0.000142631
0.000110835
6.35364e-05
1.41505e-05
2.04376e-05
3.01687e-05
1.66435e-05
6.34559e-06
2.57326e-05
3.88327e-05
5.00217e-05
0.000178668
0.000175984
0.000163307
0.000142631
0.000110835
6.35364e-05
1.41505e-05
2.04376e-05
3.01687e-05
1.66435e-05
6.34559e-06
2.57326e-05
3.88327e-05
5.00217e-05
0.000178668
0.000175984
0.000163307
0.000142631
0.000110835
6.35364e-05
1.41505e-05
2.04376e-05
3.01687e-05
1.66435e-05
6.34559e-06
2.57326e-05
3.88327e-05
5.00217e-05
0.000178668
0.000175984
0.000163307
0.000142631
0.000110835
6.35364e-05
1.41505e-05
2.04376e-05
3.01687e-05
1.66435e-05
6.34559e-06
2.57326e-05
3.88327e-05
5.00217e-05
0.000178668
0.000175984
0.000163307
0.000142631
0.000110835
6.35364e-05
1.41505e-05
2.04376e-05
3.01687e-05
1.66435e-05
6.34559e-06
2.57326e-05
3.88327e-05
5.00217e-05
0.000178668
0.000175984
0.000163307
0.000142631
0.000110835
6.35364e-05
1.41505e-05
2.04376e-05
3.01687e-05
1.66435e-05
6.34559e-06
2.57326e-05
3.88327e-05
5.00217e-05
0.000178668
0.000175984
0.000163307
0.000142631
0.000110835
6.35364e-05
1.41505e-05
2.04376e-05
3.01687e-05
1.66435e-05
6.34559e-06
2.57326e-05
3.88327e-05
5.00217e-05
0.000178668
0.000175984
0.000163307
0.000142631
0.000110835
6.35364e-05
1.41505e-05
2.04376e-05
3.01687e-05
1.66435e-05
6.34559e-06
2.57326e-05
3.88327e-05
5.00217e-05
0.000178668
0.000175984
0.000163307
0.000142631
0.000110835
6.35364e-05
1.41505e-05
2.04376e-05
3.01687e-05
1.66435e-05
6.34559e-06
2.57326e-05
3.88327e-05
5.00217e-05
0.000178668
0.000175984
0.000163307
0.000142631
0.000110835
6.35364e-05
1.41505e-05
2.04376e-05
3.01687e-05
1.66435e-05
6.34559e-06
2.57326e-05
3.88327e-05
5.00217e-05
0.000178668
0.000175984
0.000163307
0.000142631
0.000110835
6.35364e-05
1.41505e-05
2.04376e-05
3.01687e-05
1.66435e-05
6.34559e-06
2.57326e-05
3.88327e-05
5.00217e-05
0.000178668
0.000175984
0.000163307
0.000142631
0.000110835
6.35364e-05
1.41505e-05
2.04376e-05
3.01687e-05
1.66435e-05
6.34559e-06
2.57326e-05
3.88327e-05
5.00217e-05
0.000178668
0.000175984
0.000163307
0.000142631
0.000110835
6.35364e-05
1.41505e-05
2.04376e-05
3.01687e-05
1.66435e-05
6.34559e-06
2.57326e-05
3.88327e-05
5.00217e-05
0.000178668
0.000175984
0.000163307
0.000142631
0.000110835
6.35364e-05
1.41505e-05
2.04376e-05
3.01687e-05
1.66435e-05
6.34559e-06
2.57326e-05
3.88327e-05
5.00217e-05
0.000178668
0.000175984
0.000163307
0.000142631
0.000110835
6.35364e-05
1.41505e-05
2.04376e-05
3.01687e-05
1.66435e-05
6.34559e-06
2.57326e-05
3.88327e-05
5.00217e-05
0.000178668
0.000175984
0.000163307
0.000142631
0.000110835
6.35364e-05
1.41505e-05
2.04376e-05
3.01687e-05
1.66435e-05
6.34559e-06
2.57326e-05
3.88327e-05
5.00217e-05
0.000178668
0.000175984
0.000163307
0.000142631
0.000110835
6.35364e-05
1.41505e-05
2.04376e-05
3.01687e-05
1.66435e-05
6.34559e-06
2.57326e-05
3.88327e-05
5.00217e-05
0.000178668
0.000175984
0.000163307
0.000142631
0.000110835
6.35364e-05
1.41505e-05
2.04376e-05
3.01687e-05
1.66435e-05
6.34559e-06
2.57326e-05
3.88327e-05
5.00217e-05
0.000178668
0.000175984
0.000163307
0.000142631
0.000110835
6.35364e-05
1.41505e-05
2.04376e-05
3.01687e-05
1.66435e-05
6.34559e-06
2.57326e-05
3.88327e-05
5.00217e-05
0.000178668
0.000175984
0.000163307
0.000142631
0.000110835
6.35364e-05
1.41505e-05
2.04376e-05
3.01687e-05
1.66435e-05
6.34559e-06
2.57326e-05
3.88327e-05
5.00217e-05
0.000178668
0.000175984
0.000163307
0.000142631
0.000110835
6.35364e-05
1.41505e-05
2.04376e-05
3.01687e-05
1.66435e-05
6.34559e-06
2.57326e-05
3.88327e-05
5.00217e-05
0.000178668
0.000175984
0.000163307
0.000142631
0.000110835
6.35364e-05
1.41505e-05
2.04376e-05
3.01687e-05
1.66435e-05
6.34559e-06
2.57326e-05
3.88327e-05
5.00217e-05
0.000178668
0.000175984
0.000163307
0.000142631
0.000110835
6.35364e-05
1.41505e-05
2.04376e-05
3.01687e-05
1.66435e-05
6.34559e-06
2.57326e-05
3.88327e-05
5.00217e-05
0.000178668
0.000175984
0.000163307
0.000142631
0.000110835
6.35364e-05
1.41505e-05
2.04376e-05
3.01687e-05
1.66435e-05
6.34559e-06
2.57326e-05
3.88327e-05
5.00217e-05
0.000178668
0.000175984
0.000163307
0.000142631
0.000110835
6.35364e-05
1.41505e-05
2.04376e-05
3.01687e-05
1.66435e-05
6.34559e-06
2.57326e-05
3.88327e-05
5.00217e-05
0.000178668
0.000175984
0.000163307
0.000142631
0.000110835
6.35364e-05
1.41505e-05
2.04376e-05
3.01687e-05
1.66435e-05
6.34559e-06
2.57326e-05
3.88327e-05
5.00217e-05
0.000178668
0.000175984
0.000163307
0.000142631
0.000110835
6.35364e-05
1.41505e-05
2.04376e-05
3.01687e-05
1.66435e-05
6.34559e-06
2.57326e-05
3.88327e-05
5.00217e-05
0.000178668
0.000175984
0.000163307
0.000142631
0.000110835
6.35364e-05
1.41505e-05
2.04376e-05
3.01687e-05
1.66435e-05
6.34559e-06
2.57326e-05
3.88327e-05
5.00217e-05
0.000178668
0.000175984
0.000163307
0.000142631
0.000110835
6.35364e-05
1.41505e-05
2.04376e-05
3.01687e-05
1.66435e-05
6.34559e-06
2.57326e-05
3.88327e-05
5.00217e-05
0.000178668
0.000175984
0.000163307
0.000142631
0.000110835
6.35364e-05
1.41505e-05
2.04376e-05
3.01687e-05
1.66435e-05
6.34559e-06
2.57326e-05
3.88327e-05
5.00217e-05
0.000178668
0.000175984
0.000163307
0.000142631
0.000110835
6.35364e-05
1.41505e-05
2.04376e-05
3.01687e-05
1.66435e-05
6.34559e-06
2.57326e-05
3.88327e-05
5.00217e-05
0.000178668
0.000175984
0.000163307
0.000142631
0.000110835
6.35364e-05
1.41505e-05
2.04376e-05
3.01687e-05
1.66435e-05
6.34559e-06
2.57326e-05
3.88327e-05
5.00217e-05
0.000178668
0.000175984
0.000163307
0.000142631
0.000110835
6.35364e-05
1.41505e-05
2.04376e-05
3.01687e-05
1.66435e-05
6.34559e-06
2.57326e-05
3.88327e-05
5.00217e-05
0.000178668
0.000175984
0.000163307
0.000142631
0.000110835
6.35364e-05
1.41505e-05
2.04376e-05
3.01687e-05
1.66435e-05
6.34559e-06
2.57326e-05
3.88327e-05
5.00217e-05
0.000178668
0.000175984
0.000163307
0.000142631
0.000110835
6.35364e-05
1.41505e-05
2.04376e-05
3.01687e-05
1.66435e-05
6.34559e-06
2.57326e-05
3.88327e-05
5.00217e-05
0.000178668
0.000175984
0.000163307
0.000142631
0.000110835
6.35364e-05
1.41505e-05
2.04376e-05
3.01687e-05
1.66435e-05
6.34559e-06
2.57326e-05
3.88327e-05
5.00217e-05
0.000178668
0.000175984
0.000163307
0.000142631
0.000110835
6.35364e-05
1.41505e-05
2.04376e-05
3.01687e-05
1.66435e-05
6.34559e-06
2.57326e-05
3.88327e-05
5.00217e-05
0.000178668
0.000175984
0.000163307
0.000142631
0.000110835
6.35364e-05
1.41505e-05
2.04376e-05
3.01687e-05
1.66435e-05
6.34559e-06
2.57326e-05
3.88327e-05
5.00217e-05
0.000178668
0.000175984
0.000163307
0.000142631
0.000110835
6.35364e-05
1.41505e-05
2.04376e-05
3.01687e-05
1.66435e-05
6.34559e-06
2.57326e-05
3.88327e-05
5.00217e-05
0.000178668
0.000175984
0.000163307
0.000142631
0.000110835
6.35364e-05
1.41505e-05
2.04376e-05
3.01687e-05
1.66435e-05
6.34559e-06
2.57326e-05
3.88327e-05
5.00217e-05
0.000178668
0.000175984
0.000163307
0.000142631
0.000110835
6.35364e-05
1.41505e-05
2.04376e-05
3.01687e-05
1.66435e-05
6.34559e-06
2.57326e-05
3.88327e-05
5.00217e-05
0.000178668
0.000175984
0.000163307
0.000142631
0.000110835
6.35364e-05
1.41505e-05
2.04376e-05
3.01687e-05
1.66435e-05
6.34559e-06
2.57326e-05
3.88327e-05
5.00217e-05
0.000178668
0.000175984
0.000163307
0.000142631
0.000110835
6.35364e-05
1.41505e-05
2.04376e-05
3.01687e-05
1.66435e-05
6.34559e-06
2.57326e-05
3.88327e-05
5.00217e-05
0.000178668
0.000175984
0.000163307
0.000142631
0.000110835
6.35364e-05
1.41505e-05
2.04376e-05
3.01687e-05
1.66435e-05
6.34559e-06
2.57326e-05
3.88327e-05
5.00217e-05
0.000178668
0.000175984
0.000163307
0.000142631
0.000110835
6.35364e-05
1.41505e-05
2.04376e-05
3.01687e-05
1.66435e-05
6.34559e-06
2.57326e-05
3.88327e-05
5.00217e-05
0.000178668
0.000175984
0.000163307
0.000142631
0.000110835
6.35364e-05
1.41505e-05
2.04376e-05
3.01687e-05
1.66435e-05
6.34559e-06
2.57326e-05
3.88327e-05
5.00217e-05
0.000178668
0.000175984
0.000163307
0.000142631
0.000110835
6.35364e-05
1.41505e-05
2.04376e-05
3.01687e-05
1.66435e-05
6.34559e-06
2.57326e-05
3.88327e-05
5.00217e-05
0.000178668
0.000175984
0.000163307
0.000142631
0.000110835
6.35364e-05
1.41505e-05
2.04376e-05
3.01687e-05
1.66435e-05
6.34559e-06
2.57326e-05
3.88327e-05
5.00217e-05
0.000178668
0.000175984
0.000163307
0.000142631
0.000110835
6.35364e-05
1.41505e-05
2.04376e-05
3.01687e-05
1.66435e-05
6.34559e-06
2.57326e-05
3.88327e-05
5.00217e-05
0.000178668
0.000175984
0.000163307
0.000142631
0.000110835
6.35364e-05
1.41505e-05
2.04376e-05
3.01687e-05
1.66435e-05
6.34559e-06
2.57326e-05
3.88327e-05
5.00217e-05
0.000178668
0.000175984
0.000163307
0.000142631
0.000110835
6.35364e-05
1.41505e-05
2.04376e-05
3.01687e-05
1.66435e-05
6.34559e-06
2.57326e-05
3.88327e-05
5.00217e-05
0.000178668
0.000175984
0.000163307
0.000142631
0.000110835
6.35364e-05
1.41505e-05
2.04376e-05
3.01687e-05
1.66435e-05
6.34559e-06
2.57326e-05
3.88327e-05
5.00217e-05
0.000178668
0.000175984
0.000163307
0.000142631
0.000110835
6.35364e-05
1.41505e-05
2.04376e-05
3.01687e-05
1.66435e-05
6.34559e-06
2.57326e-05
3.88327e-05
5.00217e-05
0.000178668
0.000175984
0.000163307
0.000142631
0.000110835
6.35364e-05
1.41505e-05
2.04376e-05
3.01687e-05
1.66435e-05
6.34559e-06
2.57326e-05
3.88327e-05
5.00217e-05
0.000178668
0.000175984
0.000163307
0.000142631
0.000110835
6.35364e-05
1.41505e-05
2.04376e-05
3.01687e-05
1.66435e-05
6.34559e-06
2.57326e-05
3.88327e-05
5.00217e-05
0.000178668
0.000175984
0.000163307
0.000142631
0.000110835
6.35364e-05
1.41505e-05
2.04376e-05
3.01687e-05
1.66435e-05
6.34559e-06
2.57326e-05
3.88327e-05
5.00217e-05
0.000178668
0.000175984
0.000163307
0.000142631
0.000110835
6.35364e-05
1.41505e-05
2.04376e-05
3.01687e-05
1.66435e-05
6.34559e-06
2.57326e-05
3.88327e-05
5.00217e-05
0.000178668
0.000175984
0.000163307
0.000142631
0.000110835
6.35364e-05
1.41505e-05
2.04376e-05
3.01687e-05
1.66435e-05
6.34559e-06
2.57326e-05
3.88327e-05
5.00217e-05
0.000178668
0.000175984
0.000163307
0.000142631
0.000110835
6.35364e-05
1.41505e-05
2.04376e-05
3.01687e-05
1.66435e-05
6.34559e-06
2.57326e-05
3.88327e-05
5.00217e-05
0.000178668
0.000175984
0.000163307
0.000142631
0.000110835
6.35364e-05
1.41505e-05
2.04376e-05
3.01687e-05
1.66435e-05
6.34559e-06
2.57326e-05
3.88327e-05
5.00217e-05
0.000178668
0.000175984
0.000163307
0.000142631
0.000110835
6.35364e-05
1.41505e-05
2.04376e-05
3.01687e-05
1.66435e-05
6.34559e-06
2.57326e-05
3.88327e-05
5.00217e-05
0.000178668
0.000175984
0.000163307
0.000142631
0.000110835
6.35364e-05
1.41505e-05
2.04376e-05
3.01687e-05
1.66435e-05
6.34559e-06
2.57326e-05
3.88327e-05
5.00217e-05
0.000178668
0.000175984
0.000163307
0.000142631
0.000110835
6.35364e-05
1.41505e-05
2.04376e-05
3.01687e-05
1.66435e-05
6.34559e-06
2.57326e-05
3.88327e-05
5.00217e-05
0.000178668
0.000175984
0.000163307
0.000142631
0.000110835
6.35364e-05
1.41505e-05
2.04376e-05
3.01687e-05
1.66435e-05
6.34559e-06
2.57326e-05
3.88327e-05
5.00217e-05
0.000178668
0.000175984
0.000163307
0.000142631
0.000110835
6.35364e-05
1.41505e-05
2.04376e-05
3.01687e-05
1.66435e-05
6.34559e-06
2.57326e-05
3.88327e-05
5.00217e-05
0.000178668
0.000175984
0.000163307
0.000142631
0.000110835
6.35364e-05
1.41505e-05
2.04376e-05
3.01687e-05
1.66435e-05
6.34559e-06
2.57326e-05
3.88327e-05
5.00217e-05
0.000178668
0.000175984
0.000163307
0.000142631
0.000110835
6.35364e-05
1.41505e-05
2.04376e-05
3.01687e-05
1.66435e-05
6.34559e-06
2.57326e-05
3.88327e-05
5.00217e-05
0.000178668
0.000175984
0.000163307
0.000142631
0.000110835
6.35364e-05
1.41505e-05
2.04376e-05
3.01687e-05
1.66435e-05
6.34559e-06
2.57326e-05
3.88327e-05
5.00217e-05
0.000178668
0.000175984
0.000163307
0.000142631
0.000110835
6.35364e-05
1.41505e-05
2.04376e-05
3.01687e-05
1.66435e-05
6.34559e-06
2.57326e-05
3.88327e-05
5.00217e-05
0.000178668
0.000175984
0.000163307
0.000142631
0.000110835
6.35364e-05
1.41505e-05
2.04376e-05
3.01687e-05
1.66435e-05
6.34559e-06
2.57326e-05
3.88327e-05
5.00217e-05
0.000178668
0.000175984
0.000163307
0.000142631
0.000110835
6.35364e-05
1.41505e-05
2.04376e-05
3.01687e-05
1.66435e-05
6.34559e-06
2.57326e-05
3.88327e-05
5.00217e-05
0.000178668
0.000175984
0.000163307
0.000142631
0.000110835
6.35364e-05
1.41505e-05
2.04376e-05
3.01687e-05
1.66435e-05
6.34559e-06
2.57326e-05
3.88327e-05
5.00217e-05
0.000178668
0.000175984
0.000163307
0.000142631
0.000110835
6.35364e-05
1.41505e-05
2.04376e-05
3.01687e-05
1.66435e-05
6.34559e-06
2.57326e-05
3.88327e-05
5.00217e-05
0.000178668
0.000175984
0.000163307
0.000142631
0.000110835
6.35364e-05
1.41505e-05
2.04376e-05
3.01687e-05
1.66435e-05
6.34559e-06
2.57326e-05
3.88327e-05
5.00217e-05
0.000178668
0.000175984
0.000163307
0.000142631
0.000110835
6.35364e-05
1.41505e-05
2.04376e-05
3.01687e-05
1.66435e-05
6.34559e-06
2.57326e-05
3.88327e-05
5.00217e-05
0.000178668
0.000175984
0.000163307
0.000142631
0.000110835
6.35364e-05
1.41505e-05
2.04376e-05
3.01687e-05
1.66435e-05
6.34559e-06
2.57326e-05
3.88327e-05
5.00217e-05
0.000178668
0.000175984
0.000163307
0.000142631
0.000110835
6.35364e-05
1.41505e-05
2.04376e-05
3.01687e-05
1.66435e-05
6.34559e-06
2.57326e-05
3.88327e-05
5.00217e-05
0.000178668
0.000175984
0.000163307
0.000142631
0.000110835
6.35364e-05
1.41505e-05
2.04376e-05
3.01687e-05
1.66435e-05
6.34559e-06
2.57326e-05
3.88327e-05
5.00217e-05
0.000178668
0.000175984
0.000163307
0.000142631
0.000110835
6.35364e-05
1.41505e-05
2.04376e-05
3.01687e-05
1.66435e-05
6.34559e-06
2.57326e-05
3.88327e-05
5.00217e-05
0.000178668
0.000175984
0.000163307
0.000142631
0.000110835
6.35364e-05
1.41505e-05
2.04376e-05
3.01687e-05
1.66435e-05
6.34559e-06
2.57326e-05
3.88327e-05
5.00217e-05
0.000178668
0.000175984
0.000163307
0.000142631
0.000110835
6.35364e-05
1.41505e-05
2.04376e-05
3.01687e-05
1.66435e-05
6.34559e-06
2.57326e-05
3.88327e-05
5.00217e-05
0.000178668
0.000175984
0.000163307
0.000142631
0.000110835
6.35364e-05
1.41505e-05
2.04376e-05
3.01687e-05
1.66435e-05
6.34559e-06
2.57326e-05
3.88327e-05
5.00217e-05
0.000178668
0.000175984
0.000163307
0.000142631
0.000110835
6.35364e-05
1.41505e-05
2.04376e-05
3.01687e-05
1.66435e-05
6.34559e-06
2.57326e-05
3.88327e-05
5.00217e-05
0.000178668
0.000175984
0.000163307
0.000142631
0.000110835
6.35364e-05
1.41505e-05
2.04376e-05
3.01687e-05
1.66435e-05
6.34559e-06
2.57326e-05
3.88327e-05
5.00217e-05
0.000178668
0.000175984
0.000163307
0.000142631
0.000110835
6.35364e-05
1.41505e-05
2.04376e-05
3.01687e-05
1.66435e-05
6.34559e-06
2.57326e-05
3.88327e-05
5.00217e-05
0.000178668
0.000175984
0.000163307
0.000142631
0.000110835
6.35364e-05
1.41505e-05
2.04376e-05
3.01687e-05
1.66435e-05
6.34559e-06
2.57326e-05
3.88327e-05
5.00217e-05
0.000178668
0.000175984
0.000163307
0.000142631
0.000110835
6.35364e-05
1.41505e-05
2.04376e-05
3.01687e-05
1.66435e-05
6.34559e-06
2.57326e-05
3.88327e-05
5.00217e-05
0.000178668
0.000175984
0.000163307
0.000142631
0.000110835
6.35364e-05
1.41505e-05
2.04376e-05
3.01687e-05
1.66435e-05
6.34559e-06
2.57326e-05
3.88327e-05
5.00217e-05
