7.96926
7.96959
7.97176
7.97728
7.98736
8.0029
8.02456
8.05278
8.08786
8.1297
8.17829
8.23339
8.29452
8.36113
8.43253
8.50788
8.58621
8.66645
8.74747
8.82775
8.90626
8.9813
9.05145
9.11546
9.17194
9.21953
9.25714
9.28375
9.29861
9.30128
9.29148
9.26924
9.23483
9.18872
9.1316
9.06426
8.98762
8.90268
8.81053
8.71225
8.60881
8.50135
8.39087
8.27825
8.16428
8.05006
7.93612
7.82317
7.71186
7.60284
7.49662
7.39372
7.29454
7.19962
7.10916
7.0236
6.94321
6.86832
6.79924
6.73614
6.67927
6.62884
6.58496
6.54774
6.5172
6.49337
6.47611
6.46529
6.46063
6.46181
6.46837
6.4798
6.49542
6.51449
6.53613
6.55937
6.58313
6.60619
6.62726
6.64496
6.65784
6.66437
6.66303
6.65227
6.6306
6.59659
6.54888
6.48625
6.4076
6.31225
6.19937
6.06853
5.9198
5.75338
5.56966
5.36909
5.15304
4.92279
4.67991
4.42613
4.16321
3.89367
3.61974
3.34311
3.06731
2.79349
2.52444
2.26295
2.01014
1.76883
1.54073
1.3267
1.12874
0.947193
0.783354
0.637545
0.509409
0.398884
0.305326
0.227747
0.165122
0.115926
0.0784483
0.0510004
0.0317063
0.018838
0.0107766
0.00620929
