0.00167634
0.00163778
0.00143757
0.00111302
0.000881594
0.000916734
0.00103691
0.000941389
0.000625747
0.000309363
0.000158896
0.000183186
0.00032849
0.00055382
0.00167634
0.00163005
0.00141963
0.00116223
0.00117643
0.00166998
0.00230915
0.00249261
0.00191279
0.000701437
0.000713541
0.00152777
0.000796352
0.00138536
0.00167634
0.00164053
0.00145923
0.00118414
0.00104514
0.00121552
0.00147939
0.00147159
0.00112439
0.000626557
0.000187169
4.31407e-05
8.57022e-05
0.000677297
0.00167634
0.00163998
0.00145233
0.00115505
0.000966942
0.00105801
0.00123329
0.00117103
0.000846596
0.000470237
0.000221897
0.000154089
0.00027989
0.000617133
0.00167634
0.00163902
0.00144565
0.00113522
0.000925028
0.000986093
0.00113064
0.00104942
0.000730154
0.000388989
0.000198137
0.000183756
0.00031931
0.000589531
0.00167634
0.00163843
0.00144175
0.00112438
0.000903484
0.000951162
0.00108283
0.000993922
0.000676577
0.000348872
0.000180041
0.000186667
0.000327295
0.000572919
0.00167634
0.00163811
0.00143969
0.00111876
0.000892581
0.000933893
0.00105965
0.000967309
0.000650835
0.000329032
0.000169806
0.00018566
0.000328695
0.000563698
0.00167634
0.00163795
0.00143864
0.0011159
0.000887097
0.0009253
0.00104823
0.000954265
0.000638211
0.000319175
0.00016443
0.000184599
0.000328787
0.000558843
0.00167634
0.00163786
0.0014381
0.00111447
0.000884348
0.000921014
0.00104256
0.000947806
0.000631959
0.000314263
0.000161682
0.000183935
0.000328687
0.000556353
0.00167634
0.00163782
0.00143784
0.00111375
0.000882972
0.000918873
0.00103973
0.000944592
0.000628848
0.000311812
0.000160294
0.000183571
0.0003286
0.000555092
0.00167634
0.0016378
0.0014377
0.00111338
0.000882283
0.000917803
0.00103832
0.000942989
0.000627296
0.000310587
0.000159596
0.000183381
0.000328548
0.000554457
0.00167634
0.00163779
0.00143763
0.0011132
0.000881939
0.000917268
0.00103761
0.000942189
0.000626521
0.000309975
0.000159246
0.000183284
0.00032852
0.000554139
0.00167634
0.00163778
0.0014376
0.00111311
0.000881766
0.000917001
0.00103726
0.000941789
0.000626134
0.000309669
0.000159071
0.000183235
0.000328505
0.00055398
0.00167634
0.00163778
0.00143758
0.00111307
0.00088168
0.000916867
0.00103708
0.000941589
0.00062594
0.000309516
0.000158984
0.00018321
0.000328498
0.0005539
0.00167634
0.00163778
0.00143757
0.00111305
0.000881637
0.0009168
0.001037
0.000941489
0.000625844
0.000309439
0.00015894
0.000183198
0.000328494
0.00055386
0.00167634
0.00163778
0.00143757
0.00111303
0.000881616
0.000916767
0.00103695
0.000941439
0.000625795
0.000309401
0.000158918
0.000183192
0.000328492
0.00055384
0.00167634
0.00163778
0.00143757
0.00111303
0.000881605
0.00091675
0.00103693
0.000941414
0.000625771
0.000309382
0.000158907
0.000183189
0.000328491
0.00055383
0.00167634
0.00163778
0.00143757
0.00111303
0.000881599
0.000916742
0.00103692
0.000941401
0.000625759
0.000309372
0.000158901
0.000183187
0.000328491
0.000553825
0.00167634
0.00163778
0.00143757
0.00111302
0.000881597
0.000916738
0.00103691
0.000941395
0.000625753
0.000309368
0.000158899
0.000183186
0.00032849
0.000553823
0.00167634
0.00163778
0.00143757
0.00111302
0.000881595
0.000916736
0.00103691
0.000941392
0.00062575
0.000309365
0.000158897
0.000183186
0.00032849
0.000553821
0.00167634
0.00163778
0.00143757
0.00111302
0.000881595
0.000916735
0.00103691
0.00094139
0.000625748
0.000309364
0.000158897
0.000183186
0.00032849
0.000553821
0.00167634
0.00163778
0.00143757
0.00111302
0.000881594
0.000916734
0.00103691
0.000941389
0.000625748
0.000309363
0.000158896
0.000183186
0.00032849
0.00055382
0.00167634
0.00163778
0.00143757
0.00111302
0.000881594
0.000916734
0.00103691
0.000941389
0.000625747
0.000309363
0.000158896
0.000183186
0.00032849
0.00055382
0.00167634
0.00163778
0.00143757
0.00111302
0.000881594
0.000916734
0.00103691
0.000941389
0.000625747
0.000309363
0.000158896
0.000183186
0.00032849
0.00055382
0.00167634
0.00163778
0.00143757
0.00111302
0.000881594
0.000916734
0.00103691
0.000941389
0.000625747
0.000309363
0.000158896
0.000183186
0.00032849
0.00055382
0.00167634
0.00163778
0.00143757
0.00111302
0.000881594
0.000916734
0.00103691
0.000941389
0.000625747
0.000309363
0.000158896
0.000183186
0.00032849
0.00055382
0.00167634
0.00163778
0.00143757
0.00111302
0.000881594
0.000916734
0.00103691
0.000941389
0.000625747
0.000309363
0.000158896
0.000183186
0.00032849
0.00055382
0.00167634
0.00163778
0.00143757
0.00111302
0.000881594
0.000916734
0.00103691
0.000941389
0.000625747
0.000309363
0.000158896
0.000183186
0.00032849
0.00055382
0.00167634
0.00163778
0.00143757
0.00111302
0.000881594
0.000916734
0.00103691
0.000941389
0.000625747
0.000309363
0.000158896
0.000183186
0.00032849
0.00055382
0.00167634
0.00163778
0.00143757
0.00111302
0.000881594
0.000916734
0.00103691
0.000941389
0.000625747
0.000309363
0.000158896
0.000183186
0.00032849
0.00055382
0.00167634
0.00163778
0.00143757
0.00111302
0.000881594
0.000916734
0.00103691
0.000941389
0.000625747
0.000309363
0.000158896
0.000183186
0.00032849
0.00055382
0.00167634
0.00163778
0.00143757
0.00111302
0.000881594
0.000916734
0.00103691
0.000941389
0.000625747
0.000309363
0.000158896
0.000183186
0.00032849
0.00055382
0.00167634
0.00163778
0.00143757
0.00111302
0.000881594
0.000916734
0.00103691
0.000941389
0.000625747
0.000309363
0.000158896
0.000183186
0.00032849
0.00055382
0.00167634
0.00163778
0.00143757
0.00111302
0.000881594
0.000916734
0.00103691
0.000941389
0.000625747
0.000309363
0.000158896
0.000183186
0.00032849
0.00055382
0.00167634
0.00163778
0.00143757
0.00111302
0.000881594
0.000916734
0.00103691
0.000941389
0.000625747
0.000309363
0.000158896
0.000183186
0.00032849
0.00055382
0.00167634
0.00163778
0.00143757
0.00111302
0.000881594
0.000916734
0.00103691
0.000941389
0.000625747
0.000309363
0.000158896
0.000183186
0.00032849
0.00055382
0.00167634
0.00163778
0.00143757
0.00111302
0.000881594
0.000916734
0.00103691
0.000941389
0.000625747
0.000309363
0.000158896
0.000183186
0.00032849
0.00055382
0.00167634
0.00163778
0.00143757
0.00111302
0.000881594
0.000916734
0.00103691
0.000941389
0.000625747
0.000309363
0.000158896
0.000183186
0.00032849
0.00055382
0.00167634
0.00163778
0.00143757
0.00111302
0.000881594
0.000916734
0.00103691
0.000941389
0.000625747
0.000309363
0.000158896
0.000183186
0.00032849
0.00055382
0.00167634
0.00163778
0.00143757
0.00111302
0.000881594
0.000916734
0.00103691
0.000941389
0.000625747
0.000309363
0.000158896
0.000183186
0.00032849
0.00055382
0.00167634
0.00163778
0.00143757
0.00111302
0.000881594
0.000916734
0.00103691
0.000941389
0.000625747
0.000309363
0.000158896
0.000183186
0.00032849
0.00055382
0.00167634
0.00163778
0.00143757
0.00111302
0.000881594
0.000916734
0.00103691
0.000941389
0.000625747
0.000309363
0.000158896
0.000183186
0.00032849
0.00055382
0.00167634
0.00163778
0.00143757
0.00111302
0.000881594
0.000916734
0.00103691
0.000941389
0.000625747
0.000309363
0.000158896
0.000183186
0.00032849
0.00055382
0.00167634
0.00163778
0.00143757
0.00111302
0.000881594
0.000916734
0.00103691
0.000941389
0.000625747
0.000309363
0.000158896
0.000183186
0.00032849
0.00055382
0.00167634
0.00163778
0.00143757
0.00111302
0.000881594
0.000916734
0.00103691
0.000941389
0.000625747
0.000309363
0.000158896
0.000183186
0.00032849
0.00055382
0.00167634
0.00163778
0.00143757
0.00111302
0.000881594
0.000916734
0.00103691
0.000941389
0.000625747
0.000309363
0.000158896
0.000183186
0.00032849
0.00055382
0.00167634
0.00163778
0.00143757
0.00111302
0.000881594
0.000916734
0.00103691
0.000941389
0.000625747
0.000309363
0.000158896
0.000183186
0.00032849
0.00055382
0.00167634
0.00163778
0.00143757
0.00111302
0.000881594
0.000916734
0.00103691
0.000941389
0.000625747
0.000309363
0.000158896
0.000183186
0.00032849
0.00055382
0.00167634
0.00163778
0.00143757
0.00111302
0.000881594
0.000916734
0.00103691
0.000941389
0.000625747
0.000309363
0.000158896
0.000183186
0.00032849
0.00055382
0.00167634
0.00163778
0.00143757
0.00111302
0.000881594
0.000916734
0.00103691
0.000941389
0.000625747
0.000309363
0.000158896
0.000183186
0.00032849
0.00055382
0.00167634
0.00163778
0.00143757
0.00111302
0.000881594
0.000916734
0.00103691
0.000941389
0.000625747
0.000309363
0.000158896
0.000183186
0.00032849
0.00055382
0.00167634
0.00163778
0.00143757
0.00111302
0.000881594
0.000916734
0.00103691
0.000941389
0.000625747
0.000309363
0.000158896
0.000183186
0.00032849
0.00055382
0.00167634
0.00163778
0.00143757
0.00111302
0.000881594
0.000916734
0.00103691
0.000941389
0.000625747
0.000309363
0.000158896
0.000183186
0.00032849
0.00055382
0.00167634
0.00163778
0.00143757
0.00111302
0.000881594
0.000916734
0.00103691
0.000941389
0.000625747
0.000309363
0.000158896
0.000183186
0.00032849
0.00055382
0.00167634
0.00163778
0.00143757
0.00111302
0.000881594
0.000916734
0.00103691
0.000941389
0.000625747
0.000309363
0.000158896
0.000183186
0.00032849
0.00055382
0.00167634
0.00163778
0.00143757
0.00111302
0.000881594
0.000916734
0.00103691
0.000941389
0.000625747
0.000309363
0.000158896
0.000183186
0.00032849
0.00055382
0.00167634
0.00163778
0.00143757
0.00111302
0.000881594
0.000916734
0.00103691
0.000941389
0.000625747
0.000309363
0.000158896
0.000183186
0.00032849
0.00055382
0.00167634
0.00163778
0.00143757
0.00111302
0.000881594
0.000916734
0.00103691
0.000941389
0.000625747
0.000309363
0.000158896
0.000183186
0.00032849
0.00055382
0.00167634
0.00163778
0.00143757
0.00111302
0.000881594
0.000916734
0.00103691
0.000941389
0.000625747
0.000309363
0.000158896
0.000183186
0.00032849
0.00055382
0.00167634
0.00163778
0.00143757
0.00111302
0.000881594
0.000916734
0.00103691
0.000941389
0.000625747
0.000309363
0.000158896
0.000183186
0.00032849
0.00055382
0.00167634
0.00163778
0.00143757
0.00111302
0.000881594
0.000916734
0.00103691
0.000941389
0.000625747
0.000309363
0.000158896
0.000183186
0.00032849
0.00055382
0.00167634
0.00163778
0.00143757
0.00111302
0.000881594
0.000916734
0.00103691
0.000941389
0.000625747
0.000309363
0.000158896
0.000183186
0.00032849
0.00055382
0.00167634
0.00163778
0.00143757
0.00111302
0.000881594
0.000916734
0.00103691
0.000941389
0.000625747
0.000309363
0.000158896
0.000183186
0.00032849
0.00055382
0.00167634
0.00163778
0.00143757
0.00111302
0.000881594
0.000916734
0.00103691
0.000941389
0.000625747
0.000309363
0.000158896
0.000183186
0.00032849
0.00055382
0.00167634
0.00163778
0.00143757
0.00111302
0.000881594
0.000916734
0.00103691
0.000941389
0.000625747
0.000309363
0.000158896
0.000183186
0.00032849
0.00055382
0.00167634
0.00163778
0.00143757
0.00111302
0.000881594
0.000916734
0.00103691
0.000941389
0.000625747
0.000309363
0.000158896
0.000183186
0.00032849
0.00055382
0.00167634
0.00163778
0.00143757
0.00111302
0.000881594
0.000916734
0.00103691
0.000941389
0.000625747
0.000309363
0.000158896
0.000183186
0.00032849
0.00055382
0.00167634
0.00163778
0.00143757
0.00111302
0.000881594
0.000916734
0.00103691
0.000941389
0.000625747
0.000309363
0.000158896
0.000183186
0.00032849
0.00055382
0.00167634
0.00163778
0.00143757
0.00111302
0.000881594
0.000916734
0.00103691
0.000941389
0.000625747
0.000309363
0.000158896
0.000183186
0.00032849
0.00055382
0.00167634
0.00163778
0.00143757
0.00111302
0.000881594
0.000916734
0.00103691
0.000941389
0.000625747
0.000309363
0.000158896
0.000183186
0.00032849
0.00055382
0.00167634
0.00163778
0.00143757
0.00111302
0.000881594
0.000916734
0.00103691
0.000941389
0.000625747
0.000309363
0.000158896
0.000183186
0.00032849
0.00055382
0.00167634
0.00163778
0.00143757
0.00111302
0.000881594
0.000916734
0.00103691
0.000941389
0.000625747
0.000309363
0.000158896
0.000183186
0.00032849
0.00055382
0.00167634
0.00163778
0.00143757
0.00111302
0.000881594
0.000916734
0.00103691
0.000941389
0.000625747
0.000309363
0.000158896
0.000183186
0.00032849
0.00055382
0.00167634
0.00163778
0.00143757
0.00111302
0.000881594
0.000916734
0.00103691
0.000941389
0.000625747
0.000309363
0.000158896
0.000183186
0.00032849
0.00055382
0.00167634
0.00163778
0.00143757
0.00111302
0.000881594
0.000916734
0.00103691
0.000941389
0.000625747
0.000309363
0.000158896
0.000183186
0.00032849
0.00055382
0.00167634
0.00163778
0.00143757
0.00111302
0.000881594
0.000916734
0.00103691
0.000941389
0.000625747
0.000309363
0.000158896
0.000183186
0.00032849
0.00055382
0.00167634
0.00163778
0.00143757
0.00111302
0.000881594
0.000916734
0.00103691
0.000941389
0.000625747
0.000309363
0.000158896
0.000183186
0.00032849
0.00055382
0.00167634
0.00163778
0.00143757
0.00111302
0.000881594
0.000916734
0.00103691
0.000941389
0.000625747
0.000309363
0.000158896
0.000183186
0.00032849
0.00055382
0.00167634
0.00163778
0.00143757
0.00111302
0.000881594
0.000916734
0.00103691
0.000941389
0.000625747
0.000309363
0.000158896
0.000183186
0.00032849
0.00055382
0.00167634
0.00163778
0.00143757
0.00111302
0.000881594
0.000916734
0.00103691
0.000941389
0.000625747
0.000309363
0.000158896
0.000183186
0.00032849
0.00055382
0.00167634
0.00163778
0.00143757
0.00111302
0.000881594
0.000916734
0.00103691
0.000941389
0.000625747
0.000309363
0.000158896
0.000183186
0.00032849
0.00055382
0.00167634
0.00163778
0.00143757
0.00111302
0.000881594
0.000916734
0.00103691
0.000941389
0.000625747
0.000309363
0.000158896
0.000183186
0.00032849
0.00055382
0.00167634
0.00163778
0.00143757
0.00111302
0.000881594
0.000916734
0.00103691
0.000941389
0.000625747
0.000309363
0.000158896
0.000183186
0.00032849
0.00055382
0.00167634
0.00163778
0.00143757
0.00111302
0.000881594
0.000916734
0.00103691
0.000941389
0.000625747
0.000309363
0.000158896
0.000183186
0.00032849
0.00055382
0.00167634
0.00163778
0.00143757
0.00111302
0.000881594
0.000916734
0.00103691
0.000941389
0.000625747
0.000309363
0.000158896
0.000183186
0.00032849
0.00055382
0.00167634
0.00163778
0.00143757
0.00111302
0.000881594
0.000916734
0.00103691
0.000941389
0.000625747
0.000309363
0.000158896
0.000183186
0.00032849
0.00055382
0.00167634
0.00163778
0.00143757
0.00111302
0.000881594
0.000916734
0.00103691
0.000941389
0.000625747
0.000309363
0.000158896
0.000183186
0.00032849
0.00055382
0.00167634
0.00163778
0.00143757
0.00111302
0.000881594
0.000916734
0.00103691
0.000941389
0.000625747
0.000309363
0.000158896
0.000183186
0.00032849
0.00055382
0.00167634
0.00163778
0.00143757
0.00111302
0.000881594
0.000916734
0.00103691
0.000941389
0.000625747
0.000309363
0.000158896
0.000183186
0.00032849
0.00055382
0.00167634
0.00163778
0.00143757
0.00111302
0.000881594
0.000916734
0.00103691
0.000941389
0.000625747
0.000309363
0.000158896
0.000183186
0.00032849
0.00055382
0.00167634
0.00163778
0.00143757
0.00111302
0.000881594
0.000916734
0.00103691
0.000941389
0.000625747
0.000309363
0.000158896
0.000183186
0.00032849
0.00055382
0.00167634
0.00163778
0.00143757
0.00111302
0.000881594
0.000916734
0.00103691
0.000941389
0.000625747
0.000309363
0.000158896
0.000183186
0.00032849
0.00055382
0.00167634
0.00163778
0.00143757
0.00111302
0.000881594
0.000916734
0.00103691
0.000941389
0.000625747
0.000309363
0.000158896
0.000183186
0.00032849
0.00055382
0.00167634
0.00163778
0.00143757
0.00111302
0.000881594
0.000916734
0.00103691
0.000941389
0.000625747
0.000309363
0.000158896
0.000183186
0.00032849
0.00055382
0.00167634
0.00163778
0.00143757
0.00111302
0.000881594
0.000916734
0.00103691
0.000941389
0.000625747
0.000309363
0.000158896
0.000183186
0.00032849
0.00055382
0.00167634
0.00163778
0.00143757
0.00111302
0.000881594
0.000916734
0.00103691
0.000941389
0.000625747
0.000309363
0.000158896
0.000183186
0.00032849
0.00055382
0.00167634
0.00163778
0.00143757
0.00111302
0.000881594
0.000916734
0.00103691
0.000941389
0.000625747
0.000309363
0.000158896
0.000183186
0.00032849
0.00055382
0.00167634
0.00163778
0.00143757
0.00111302
0.000881594
0.000916734
0.00103691
0.000941389
0.000625747
0.000309363
0.000158896
0.000183186
0.00032849
0.00055382
0.00167634
0.00163778
0.00143757
0.00111302
0.000881594
0.000916734
0.00103691
0.000941389
0.000625747
0.000309363
0.000158896
0.000183186
0.00032849
0.00055382
0.00167634
0.00163778
0.00143757
0.00111302
0.000881594
0.000916734
0.00103691
0.000941389
0.000625747
0.000309363
0.000158896
0.000183186
0.00032849
0.00055382
0.00167634
0.00163778
0.00143757
0.00111302
0.000881594
0.000916734
0.00103691
0.000941389
0.000625747
0.000309363
0.000158896
0.000183186
0.00032849
0.00055382
0.00167634
0.00163778
0.00143757
0.00111302
0.000881594
0.000916734
0.00103691
0.000941389
0.000625747
0.000309363
0.000158896
0.000183186
0.00032849
0.00055382
0.00167634
0.00163778
0.00143757
0.00111302
0.000881594
0.000916734
0.00103691
0.000941389
0.000625747
0.000309363
0.000158896
0.000183186
0.00032849
0.00055382
0.00167634
0.00163778
0.00143757
0.00111302
0.000881594
0.000916734
0.00103691
0.000941389
0.000625747
0.000309363
0.000158896
0.000183186
0.00032849
0.00055382
0.00167634
0.00163778
0.00143757
0.00111302
0.000881594
0.000916734
0.00103691
0.000941389
0.000625747
0.000309363
0.000158896
0.000183186
0.00032849
0.00055382
0.00167634
0.00163778
0.00143757
0.00111302
0.000881594
0.000916734
0.00103691
0.000941389
0.000625747
0.000309363
0.000158896
0.000183186
0.00032849
0.00055382
0.00167634
0.00163778
0.00143757
0.00111302
0.000881594
0.000916734
0.00103691
0.000941389
0.000625747
0.000309363
0.000158896
0.000183186
0.00032849
0.00055382
0.00167634
0.00163778
0.00143757
0.00111302
0.000881594
0.000916734
0.00103691
0.000941389
0.000625747
0.000309363
0.000158896
0.000183186
0.00032849
0.00055382
0.00167634
0.00163778
0.00143757
0.00111302
0.000881594
0.000916734
0.00103691
0.000941389
0.000625747
0.000309363
0.000158896
0.000183186
0.00032849
0.00055382
0.00167634
0.00163778
0.00143757
0.00111302
0.000881594
0.000916734
0.00103691
0.000941389
0.000625747
0.000309363
0.000158896
0.000183186
0.00032849
0.00055382
0.00167634
0.00163778
0.00143757
0.00111302
0.000881594
0.000916734
0.00103691
0.000941389
0.000625747
0.000309363
0.000158896
0.000183186
0.00032849
0.00055382
0.00167634
0.00163778
0.00143757
0.00111302
0.000881594
0.000916734
0.00103691
0.000941389
0.000625747
0.000309363
0.000158896
0.000183186
0.00032849
0.00055382
0.00167634
0.00163778
0.00143757
0.00111302
0.000881594
0.000916734
0.00103691
0.000941389
0.000625747
0.000309363
0.000158896
0.000183186
0.00032849
0.00055382
0.00167634
0.00163778
0.00143757
0.00111302
0.000881594
0.000916734
0.00103691
0.000941389
0.000625747
0.000309363
0.000158896
0.000183186
0.00032849
0.00055382
0.00167634
0.00163778
0.00143757
0.00111302
0.000881594
0.000916734
0.00103691
0.000941389
0.000625747
0.000309363
0.000158896
0.000183186
0.00032849
0.00055382
0.00167634
0.00163778
0.00143757
0.00111302
0.000881594
0.000916734
0.00103691
0.000941389
0.000625747
0.000309363
0.000158896
0.000183186
0.00032849
0.00055382
0.00167634
0.00163778
0.00143757
0.00111302
0.000881594
0.000916734
0.00103691
0.000941389
0.000625747
0.000309363
0.000158896
0.000183186
0.00032849
0.00055382
0.00167634
0.00163778
0.00143757
0.00111302
0.000881594
0.000916734
0.00103691
0.000941389
0.000625747
0.000309363
0.000158896
0.000183186
0.00032849
0.00055382
0.00167634
0.00163778
0.00143757
0.00111302
0.000881594
0.000916734
0.00103691
0.000941389
0.000625747
0.000309363
0.000158896
0.000183186
0.00032849
0.00055382
0.00167634
0.00163778
0.00143757
0.00111302
0.000881594
0.000916734
0.00103691
0.000941389
0.000625747
0.000309363
0.000158896
0.000183186
0.00032849
0.00055382
0.00167634
0.00163778
0.00143757
0.00111302
0.000881594
0.000916734
0.00103691
0.000941389
0.000625747
0.000309363
0.000158896
0.000183186
0.00032849
0.00055382
0.000838168
0.000821393
0.000734036
0.000594819
0.000503769
0.00053423
0.000588074
0.000520051
0.000339499
0.000165811
8.62142e-05
0.000104554
0.000192363
0.000326197
0.000838168
0.000819794
0.000738639
0.000652303
0.000704231
0.000974855
0.00128276
0.00133602
0.00100065
0.000360463
0.000356854
0.00073704
0.000321244
0.000803247
0.000838168
0.000823715
0.000750539
0.000644281
0.000608766
0.000713531
0.000840065
0.000811224
0.000607361
0.000335345
0.000106356
2.73694e-06
8.11549e-05
0.000403644
0.000838168
0.000822928
0.000744046
0.000622346
0.000557519
0.000619494
0.000701861
0.000648787
0.000460586
0.000253382
0.000122189
9.34962e-05
0.000172279
0.000363748
0.000838168
0.000822224
0.000739342
0.00060908
0.000530909
0.000576155
0.00064278
0.0005812
0.000397315
0.000209525
0.000108374
0.000106736
0.000189793
0.000346692
0.000838168
0.000821821
0.000736751
0.000602053
0.000517398
0.000555051
0.000614965
0.000549923
0.000367785
0.000187592
9.81261e-05
0.000107281
0.000192764
0.000337006
0.000838168
0.00082161
0.000735407
0.00059846
0.000510598
0.000544609
0.000601413
0.000534824
0.000353494
0.000176677
9.23555e-05
0.000106294
0.000192962
0.000331753
0.000838168
0.000821503
0.000734725
0.000596645
0.000507186
0.000539412
0.000594718
0.000527398
0.00034646
0.000171237
8.93286e-05
0.000105514
0.00019276
0.000329014
0.000838168
0.000821448
0.000734381
0.000595733
0.000505478
0.000536819
0.00059139
0.000523715
0.000342971
0.000168522
8.7782e-05
0.000105056
0.000192585
0.000327615
0.000838168
0.000821421
0.000734209
0.000595276
0.000504624
0.000535525
0.000589731
0.000521881
0.000341233
0.000167166
8.70007e-05
0.00010481
0.00019248
0.000326908
0.000838168
0.000821407
0.000734122
0.000595048
0.000504196
0.000534877
0.000588902
0.000520965
0.000340365
0.000166488
8.66081e-05
0.000104684
0.000192423
0.000326553
0.000838168
0.0008214
0.000734079
0.000594933
0.000503982
0.000534554
0.000588488
0.000520508
0.000339932
0.00016615
8.64113e-05
0.000104619
0.000192393
0.000326375
0.000838168
0.000821397
0.000734057
0.000594876
0.000503876
0.000534392
0.000588281
0.00052028
0.000339716
0.00016598
8.63128e-05
0.000104587
0.000192378
0.000326286
0.000838168
0.000821395
0.000734047
0.000594847
0.000503822
0.000534311
0.000588178
0.000520166
0.000339607
0.000165895
8.62635e-05
0.00010457
0.000192371
0.000326241
0.000838168
0.000821394
0.000734041
0.000594833
0.000503795
0.000534271
0.000588126
0.000520108
0.000339553
0.000165853
8.62389e-05
0.000104562
0.000192367
0.000326219
0.000838168
0.000821394
0.000734039
0.000594826
0.000503782
0.000534251
0.0005881
0.00052008
0.000339526
0.000165832
8.62266e-05
0.000104558
0.000192365
0.000326208
0.000838168
0.000821394
0.000734037
0.000594822
0.000503775
0.000534241
0.000588087
0.000520066
0.000339513
0.000165821
8.62204e-05
0.000104556
0.000192364
0.000326202
0.000838168
0.000821394
0.000734036
0.000594821
0.000503772
0.000534235
0.000588081
0.000520058
0.000339506
0.000165816
8.62173e-05
0.000104555
0.000192364
0.000326199
0.000838168
0.000821394
0.000734036
0.00059482
0.00050377
0.000534233
0.000588077
0.000520055
0.000339503
0.000165813
8.62158e-05
0.000104554
0.000192363
0.000326198
0.000838168
0.000821394
0.000734036
0.000594819
0.000503769
0.000534232
0.000588076
0.000520053
0.000339501
0.000165812
8.6215e-05
0.000104554
0.000192363
0.000326197
0.000838168
0.000821394
0.000734036
0.000594819
0.000503769
0.000534231
0.000588075
0.000520052
0.0003395
0.000165811
8.62146e-05
0.000104554
0.000192363
0.000326197
0.000838168
0.000821394
0.000734036
0.000594819
0.000503769
0.000534231
0.000588075
0.000520052
0.0003395
0.000165811
8.62144e-05
0.000104554
0.000192363
0.000326197
0.000838168
0.000821394
0.000734036
0.000594819
0.000503769
0.000534231
0.000588074
0.000520052
0.000339499
0.000165811
8.62143e-05
0.000104554
0.000192363
0.000326197
0.000838168
0.000821393
0.000734036
0.000594819
0.000503769
0.000534231
0.000588074
0.000520051
0.000339499
0.000165811
8.62143e-05
0.000104554
0.000192363
0.000326197
0.000838168
0.000821393
0.000734036
0.000594819
0.000503769
0.00053423
0.000588074
0.000520051
0.000339499
0.000165811
8.62142e-05
0.000104554
0.000192363
0.000326197
0.000838168
0.000821393
0.000734036
0.000594819
0.000503769
0.00053423
0.000588074
0.000520051
0.000339499
0.000165811
8.62142e-05
0.000104554
0.000192363
0.000326197
0.000838168
0.000821393
0.000734036
0.000594819
0.000503769
0.00053423
0.000588074
0.000520051
0.000339499
0.000165811
8.62142e-05
0.000104554
0.000192363
0.000326197
0.000838168
0.000821393
0.000734036
0.000594819
0.000503769
0.00053423
0.000588074
0.000520051
0.000339499
0.000165811
8.62142e-05
0.000104554
0.000192363
0.000326197
0.000838168
0.000821393
0.000734036
0.000594819
0.000503769
0.00053423
0.000588074
0.000520051
0.000339499
0.000165811
8.62142e-05
0.000104554
0.000192363
0.000326197
0.000838168
0.000821393
0.000734036
0.000594819
0.000503769
0.00053423
0.000588074
0.000520051
0.000339499
0.000165811
8.62142e-05
0.000104554
0.000192363
0.000326197
0.000838168
0.000821393
0.000734036
0.000594819
0.000503769
0.00053423
0.000588074
0.000520051
0.000339499
0.000165811
8.62142e-05
0.000104554
0.000192363
0.000326197
0.000838168
0.000821393
0.000734036
0.000594819
0.000503769
0.00053423
0.000588074
0.000520051
0.000339499
0.000165811
8.62142e-05
0.000104554
0.000192363
0.000326197
0.000838168
0.000821393
0.000734036
0.000594819
0.000503769
0.00053423
0.000588074
0.000520051
0.000339499
0.000165811
8.62142e-05
0.000104554
0.000192363
0.000326197
0.000838168
0.000821393
0.000734036
0.000594819
0.000503769
0.00053423
0.000588074
0.000520051
0.000339499
0.000165811
8.62142e-05
0.000104554
0.000192363
0.000326197
0.000838168
0.000821393
0.000734036
0.000594819
0.000503769
0.00053423
0.000588074
0.000520051
0.000339499
0.000165811
8.62142e-05
0.000104554
0.000192363
0.000326197
0.000838168
0.000821393
0.000734036
0.000594819
0.000503769
0.00053423
0.000588074
0.000520051
0.000339499
0.000165811
8.62142e-05
0.000104554
0.000192363
0.000326197
0.000838168
0.000821393
0.000734036
0.000594819
0.000503769
0.00053423
0.000588074
0.000520051
0.000339499
0.000165811
8.62142e-05
0.000104554
0.000192363
0.000326197
0.000838168
0.000821393
0.000734036
0.000594819
0.000503769
0.00053423
0.000588074
0.000520051
0.000339499
0.000165811
8.62142e-05
0.000104554
0.000192363
0.000326197
0.000838168
0.000821393
0.000734036
0.000594819
0.000503769
0.00053423
0.000588074
0.000520051
0.000339499
0.000165811
8.62142e-05
0.000104554
0.000192363
0.000326197
0.000838168
0.000821393
0.000734036
0.000594819
0.000503769
0.00053423
0.000588074
0.000520051
0.000339499
0.000165811
8.62142e-05
0.000104554
0.000192363
0.000326197
0.000838168
0.000821393
0.000734036
0.000594819
0.000503769
0.00053423
0.000588074
0.000520051
0.000339499
0.000165811
8.62142e-05
0.000104554
0.000192363
0.000326197
0.000838168
0.000821393
0.000734036
0.000594819
0.000503769
0.00053423
0.000588074
0.000520051
0.000339499
0.000165811
8.62142e-05
0.000104554
0.000192363
0.000326197
0.000838168
0.000821393
0.000734036
0.000594819
0.000503769
0.00053423
0.000588074
0.000520051
0.000339499
0.000165811
8.62142e-05
0.000104554
0.000192363
0.000326197
0.000838168
0.000821393
0.000734036
0.000594819
0.000503769
0.00053423
0.000588074
0.000520051
0.000339499
0.000165811
8.62142e-05
0.000104554
0.000192363
0.000326197
0.000838168
0.000821393
0.000734036
0.000594819
0.000503769
0.00053423
0.000588074
0.000520051
0.000339499
0.000165811
8.62142e-05
0.000104554
0.000192363
0.000326197
0.000838168
0.000821393
0.000734036
0.000594819
0.000503769
0.00053423
0.000588074
0.000520051
0.000339499
0.000165811
8.62142e-05
0.000104554
0.000192363
0.000326197
0.000838168
0.000821393
0.000734036
0.000594819
0.000503769
0.00053423
0.000588074
0.000520051
0.000339499
0.000165811
8.62142e-05
0.000104554
0.000192363
0.000326197
0.000838168
0.000821393
0.000734036
0.000594819
0.000503769
0.00053423
0.000588074
0.000520051
0.000339499
0.000165811
8.62142e-05
0.000104554
0.000192363
0.000326197
0.000838168
0.000821393
0.000734036
0.000594819
0.000503769
0.00053423
0.000588074
0.000520051
0.000339499
0.000165811
8.62142e-05
0.000104554
0.000192363
0.000326197
0.000838168
0.000821393
0.000734036
0.000594819
0.000503769
0.00053423
0.000588074
0.000520051
0.000339499
0.000165811
8.62142e-05
0.000104554
0.000192363
0.000326197
0.000838168
0.000821393
0.000734036
0.000594819
0.000503769
0.00053423
0.000588074
0.000520051
0.000339499
0.000165811
8.62142e-05
0.000104554
0.000192363
0.000326197
0.000838168
0.000821393
0.000734036
0.000594819
0.000503769
0.00053423
0.000588074
0.000520051
0.000339499
0.000165811
8.62142e-05
0.000104554
0.000192363
0.000326197
0.000838168
0.000821393
0.000734036
0.000594819
0.000503769
0.00053423
0.000588074
0.000520051
0.000339499
0.000165811
8.62142e-05
0.000104554
0.000192363
0.000326197
0.000838168
0.000821393
0.000734036
0.000594819
0.000503769
0.00053423
0.000588074
0.000520051
0.000339499
0.000165811
8.62142e-05
0.000104554
0.000192363
0.000326197
0.000838168
0.000821393
0.000734036
0.000594819
0.000503769
0.00053423
0.000588074
0.000520051
0.000339499
0.000165811
8.62142e-05
0.000104554
0.000192363
0.000326197
0.000838168
0.000821393
0.000734036
0.000594819
0.000503769
0.00053423
0.000588074
0.000520051
0.000339499
0.000165811
8.62142e-05
0.000104554
0.000192363
0.000326197
0.000838168
0.000821393
0.000734036
0.000594819
0.000503769
0.00053423
0.000588074
0.000520051
0.000339499
0.000165811
8.62142e-05
0.000104554
0.000192363
0.000326197
0.000838168
0.000821393
0.000734036
0.000594819
0.000503769
0.00053423
0.000588074
0.000520051
0.000339499
0.000165811
8.62142e-05
0.000104554
0.000192363
0.000326197
0.000838168
0.000821393
0.000734036
0.000594819
0.000503769
0.00053423
0.000588074
0.000520051
0.000339499
0.000165811
8.62142e-05
0.000104554
0.000192363
0.000326197
0.000838168
0.000821393
0.000734036
0.000594819
0.000503769
0.00053423
0.000588074
0.000520051
0.000339499
0.000165811
8.62142e-05
0.000104554
0.000192363
0.000326197
0.000838168
0.000821393
0.000734036
0.000594819
0.000503769
0.00053423
0.000588074
0.000520051
0.000339499
0.000165811
8.62142e-05
0.000104554
0.000192363
0.000326197
0.000838168
0.000821393
0.000734036
0.000594819
0.000503769
0.00053423
0.000588074
0.000520051
0.000339499
0.000165811
8.62142e-05
0.000104554
0.000192363
0.000326197
0.000838168
0.000821393
0.000734036
0.000594819
0.000503769
0.00053423
0.000588074
0.000520051
0.000339499
0.000165811
8.62142e-05
0.000104554
0.000192363
0.000326197
0.000838168
0.000821393
0.000734036
0.000594819
0.000503769
0.00053423
0.000588074
0.000520051
0.000339499
0.000165811
8.62142e-05
0.000104554
0.000192363
0.000326197
0.000838168
0.000821393
0.000734036
0.000594819
0.000503769
0.00053423
0.000588074
0.000520051
0.000339499
0.000165811
8.62142e-05
0.000104554
0.000192363
0.000326197
0.000838168
0.000821393
0.000734036
0.000594819
0.000503769
0.00053423
0.000588074
0.000520051
0.000339499
0.000165811
8.62142e-05
0.000104554
0.000192363
0.000326197
0.000838168
0.000821393
0.000734036
0.000594819
0.000503769
0.00053423
0.000588074
0.000520051
0.000339499
0.000165811
8.62142e-05
0.000104554
0.000192363
0.000326197
0.000838168
0.000821393
0.000734036
0.000594819
0.000503769
0.00053423
0.000588074
0.000520051
0.000339499
0.000165811
8.62142e-05
0.000104554
0.000192363
0.000326197
0.000838168
0.000821393
0.000734036
0.000594819
0.000503769
0.00053423
0.000588074
0.000520051
0.000339499
0.000165811
8.62142e-05
0.000104554
0.000192363
0.000326197
0.000838168
0.000821393
0.000734036
0.000594819
0.000503769
0.00053423
0.000588074
0.000520051
0.000339499
0.000165811
8.62142e-05
0.000104554
0.000192363
0.000326197
0.000838168
0.000821393
0.000734036
0.000594819
0.000503769
0.00053423
0.000588074
0.000520051
0.000339499
0.000165811
8.62142e-05
0.000104554
0.000192363
0.000326197
0.000838168
0.000821393
0.000734036
0.000594819
0.000503769
0.00053423
0.000588074
0.000520051
0.000339499
0.000165811
8.62142e-05
0.000104554
0.000192363
0.000326197
0.000838168
0.000821393
0.000734036
0.000594819
0.000503769
0.00053423
0.000588074
0.000520051
0.000339499
0.000165811
8.62142e-05
0.000104554
0.000192363
0.000326197
0.000838168
0.000821393
0.000734036
0.000594819
0.000503769
0.00053423
0.000588074
0.000520051
0.000339499
0.000165811
8.62142e-05
0.000104554
0.000192363
0.000326197
0.000838168
0.000821393
0.000734036
0.000594819
0.000503769
0.00053423
0.000588074
0.000520051
0.000339499
0.000165811
8.62142e-05
0.000104554
0.000192363
0.000326197
0.000838168
0.000821393
0.000734036
0.000594819
0.000503769
0.00053423
0.000588074
0.000520051
0.000339499
0.000165811
8.62142e-05
0.000104554
0.000192363
0.000326197
0.000838168
0.000821393
0.000734036
0.000594819
0.000503769
0.00053423
0.000588074
0.000520051
0.000339499
0.000165811
8.62142e-05
0.000104554
0.000192363
0.000326197
0.000838168
0.000821393
0.000734036
0.000594819
0.000503769
0.00053423
0.000588074
0.000520051
0.000339499
0.000165811
8.62142e-05
0.000104554
0.000192363
0.000326197
0.000838168
0.000821393
0.000734036
0.000594819
0.000503769
0.00053423
0.000588074
0.000520051
0.000339499
0.000165811
8.62142e-05
0.000104554
0.000192363
0.000326197
0.000838168
0.000821393
0.000734036
0.000594819
0.000503769
0.00053423
0.000588074
0.000520051
0.000339499
0.000165811
8.62142e-05
0.000104554
0.000192363
0.000326197
0.000838168
0.000821393
0.000734036
0.000594819
0.000503769
0.00053423
0.000588074
0.000520051
0.000339499
0.000165811
8.62142e-05
0.000104554
0.000192363
0.000326197
0.000838168
0.000821393
0.000734036
0.000594819
0.000503769
0.00053423
0.000588074
0.000520051
0.000339499
0.000165811
8.62142e-05
0.000104554
0.000192363
0.000326197
0.000838168
0.000821393
0.000734036
0.000594819
0.000503769
0.00053423
0.000588074
0.000520051
0.000339499
0.000165811
8.62142e-05
0.000104554
0.000192363
0.000326197
0.000838168
0.000821393
0.000734036
0.000594819
0.000503769
0.00053423
0.000588074
0.000520051
0.000339499
0.000165811
8.62142e-05
0.000104554
0.000192363
0.000326197
0.000838168
0.000821393
0.000734036
0.000594819
0.000503769
0.00053423
0.000588074
0.000520051
0.000339499
0.000165811
8.62142e-05
0.000104554
0.000192363
0.000326197
0.000838168
0.000821393
0.000734036
0.000594819
0.000503769
0.00053423
0.000588074
0.000520051
0.000339499
0.000165811
8.62142e-05
0.000104554
0.000192363
0.000326197
0.000838168
0.000821393
0.000734036
0.000594819
0.000503769
0.00053423
0.000588074
0.000520051
0.000339499
0.000165811
8.62142e-05
0.000104554
0.000192363
0.000326197
0.000838168
0.000821393
0.000734036
0.000594819
0.000503769
0.00053423
0.000588074
0.000520051
0.000339499
0.000165811
8.62142e-05
0.000104554
0.000192363
0.000326197
0.000838168
0.000821393
0.000734036
0.000594819
0.000503769
0.00053423
0.000588074
0.000520051
0.000339499
0.000165811
8.62142e-05
0.000104554
0.000192363
0.000326197
0.000838168
0.000821393
0.000734036
0.000594819
0.000503769
0.00053423
0.000588074
0.000520051
0.000339499
0.000165811
8.62142e-05
0.000104554
0.000192363
0.000326197
0.000838168
0.000821393
0.000734036
0.000594819
0.000503769
0.00053423
0.000588074
0.000520051
0.000339499
0.000165811
8.62142e-05
0.000104554
0.000192363
0.000326197
0.000838168
0.000821393
0.000734036
0.000594819
0.000503769
0.00053423
0.000588074
0.000520051
0.000339499
0.000165811
8.62142e-05
0.000104554
0.000192363
0.000326197
0.000838168
0.000821393
0.000734036
0.000594819
0.000503769
0.00053423
0.000588074
0.000520051
0.000339499
0.000165811
8.62142e-05
0.000104554
0.000192363
0.000326197
0.000838168
0.000821393
0.000734036
0.000594819
0.000503769
0.00053423
0.000588074
0.000520051
0.000339499
0.000165811
8.62142e-05
0.000104554
0.000192363
0.000326197
0.000838168
0.000821393
0.000734036
0.000594819
0.000503769
0.00053423
0.000588074
0.000520051
0.000339499
0.000165811
8.62142e-05
0.000104554
0.000192363
0.000326197
0.000838168
0.000821393
0.000734036
0.000594819
0.000503769
0.00053423
0.000588074
0.000520051
0.000339499
0.000165811
8.62142e-05
0.000104554
0.000192363
0.000326197
0.000838168
0.000821393
0.000734036
0.000594819
0.000503769
0.00053423
0.000588074
0.000520051
0.000339499
0.000165811
8.62142e-05
0.000104554
0.000192363
0.000326197
0.000838168
0.000821393
0.000734036
0.000594819
0.000503769
0.00053423
0.000588074
0.000520051
0.000339499
0.000165811
8.62142e-05
0.000104554
0.000192363
0.000326197
0.000838168
0.000821393
0.000734036
0.000594819
0.000503769
0.00053423
0.000588074
0.000520051
0.000339499
0.000165811
8.62142e-05
0.000104554
0.000192363
0.000326197
0.000838168
0.000821393
0.000734036
0.000594819
0.000503769
0.00053423
0.000588074
0.000520051
0.000339499
0.000165811
8.62142e-05
0.000104554
0.000192363
0.000326197
0.000838168
0.000821393
0.000734036
0.000594819
0.000503769
0.00053423
0.000588074
0.000520051
0.000339499
0.000165811
8.62142e-05
0.000104554
0.000192363
0.000326197
0.000838168
0.000821393
0.000734036
0.000594819
0.000503769
0.00053423
0.000588074
0.000520051
0.000339499
0.000165811
8.62142e-05
0.000104554
0.000192363
0.000326197
0.000838168
0.000821393
0.000734036
0.000594819
0.000503769
0.00053423
0.000588074
0.000520051
0.000339499
0.000165811
8.62142e-05
0.000104554
0.000192363
0.000326197
0.000838168
0.000821393
0.000734036
0.000594819
0.000503769
0.00053423
0.000588074
0.000520051
0.000339499
0.000165811
8.62142e-05
0.000104554
0.000192363
0.000326197
0.000838168
0.000821393
0.000734036
0.000594819
0.000503769
0.00053423
0.000588074
0.000520051
0.000339499
0.000165811
8.62142e-05
0.000104554
0.000192363
0.000326197
0.000838168
0.000821393
0.000734036
0.000594819
0.000503769
0.00053423
0.000588074
0.000520051
0.000339499
0.000165811
8.62142e-05
0.000104554
0.000192363
0.000326197
0.000838168
0.000821393
0.000734036
0.000594819
0.000503769
0.00053423
0.000588074
0.000520051
0.000339499
0.000165811
8.62142e-05
0.000104554
0.000192363
0.000326197
0.000838168
0.000821393
0.000734036
0.000594819
0.000503769
0.00053423
0.000588074
0.000520051
0.000339499
0.000165811
8.62142e-05
0.000104554
0.000192363
0.000326197
0.000838168
0.000821393
0.000734036
0.000594819
0.000503769
0.00053423
0.000588074
0.000520051
0.000339499
0.000165811
8.62142e-05
0.000104554
0.000192363
0.000326197
0.000838168
0.000821393
0.000734036
0.000594819
0.000503769
0.00053423
0.000588074
0.000520051
0.000339499
0.000165811
8.62142e-05
0.000104554
0.000192363
0.000326197
0.000838168
0.000821393
0.000734036
0.000594819
0.000503769
0.00053423
0.000588074
0.000520051
0.000339499
0.000165811
8.62142e-05
0.000104554
0.000192363
0.000326197
0.000838168
0.000821393
0.000734036
0.000594819
0.000503769
0.00053423
0.000588074
0.000520051
0.000339499
0.000165811
8.62142e-05
0.000104554
0.000192363
0.000326197
0.000838168
0.000821393
0.000734036
0.000594819
0.000503769
0.00053423
0.000588074
0.000520051
0.000339499
0.000165811
8.62142e-05
0.000104554
0.000192363
0.000326197
0.000838168
0.000821393
0.000734036
0.000594819
0.000503769
0.00053423
0.000588074
0.000520051
0.000339499
0.000165811
8.62142e-05
0.000104554
0.000192363
0.000326197
0.000838168
0.000821393
0.000734036
0.000594819
0.000503769
0.00053423
0.000588074
0.000520051
0.000339499
0.000165811
8.62142e-05
0.000104554
0.000192363
0.000326197
0.000838168
0.000821393
0.000734036
0.000594819
0.000503769
0.00053423
0.000588074
0.000520051
0.000339499
0.000165811
8.62142e-05
0.000104554
0.000192363
0.000326197
0.000838168
0.000821393
0.000734036
0.000594819
0.000503769
0.00053423
0.000588074
0.000520051
0.000339499
0.000165811
8.62142e-05
0.000104554
0.000192363
0.000326197
0.000838168
0.000821393
0.000734036
0.000594819
0.000503769
0.00053423
0.000588074
0.000520051
0.000339499
0.000165811
8.62142e-05
0.000104554
0.000192363
0.000326197
0.000838168
0.000821393
0.000734036
0.000594819
0.000503769
0.00053423
0.000588074
0.000520051
0.000339499
0.000165811
8.62142e-05
0.000104554
0.000192363
0.000326197
0.000838168
0.000821393
0.000734036
0.000594819
0.000503769
0.00053423
0.000588074
0.000520051
0.000339499
0.000165811
8.62142e-05
0.000104554
0.000192363
0.000326197
0.000838168
0.000821393
0.000734036
0.000594819
0.000503769
0.00053423
0.000588074
0.000520051
0.000339499
0.000165811
8.62142e-05
0.000104554
0.000192363
0.000326197
0.000558779
0.000547595
0.000489354
0.00039654
0.000335843
0.000356164
0.00039208
0.000346745
0.000226375
0.000110559
5.74541e-05
6.96287e-05
0.00012811
0.00021728
0.000558779
0.00054719
0.000496367
0.000444367
0.000484707
0.000668295
0.00087244
0.000902832
0.000672127
0.00023964
0.000239674
0.000486463
0.00019891
0.000554569
0.000558779
0.000549416
0.000501993
0.000433519
0.000412474
0.000484173
0.000568787
0.000548278
0.000410196
0.000226637
7.26053e-05
8.27147e-08
5.71634e-05
0.000273843
0.000558779
0.000548743
0.000496782
0.000416762
0.000374829
0.000417136
0.000472337
0.00043651
0.000310121
0.000170956
8.27211e-05
6.33062e-05
0.00011603
0.000244172
0.000558779
0.000548208
0.000493255
0.000406953
0.000355477
0.000386155
0.000430759
0.000389529
0.000266511
0.000140808
7.29571e-05
7.16504e-05
0.000127022
0.000231777
0.000558779
0.00054791
0.000491342
0.000401809
0.000345691
0.000371059
0.000411113
0.00036768
0.000246046
0.000125655
6.57804e-05
7.17411e-05
0.000128686
0.000224884
0.000558779
0.000547754
0.000490356
0.000399189
0.000340774
0.000363589
0.000401526
0.000357106
0.000236116
0.000118096
6.17456e-05
7.09387e-05
0.000128663
0.000221179
0.000558779
0.000547675
0.000489857
0.000397868
0.00033831
0.000359871
0.000396786
0.0003519
0.000231222
0.000114324
5.96302e-05
7.03446e-05
0.000128451
0.000219255
0.000558779
0.000547635
0.000489606
0.000397205
0.000337077
0.000358016
0.000394429
0.000349316
0.000228793
0.000112441
5.85495e-05
7.00015e-05
0.000128297
0.000218274
0.000558779
0.000547615
0.00048948
0.000396872
0.00033646
0.00035709
0.000393253
0.000348029
0.000227582
0.0001115
5.80036e-05
6.98188e-05
0.000128207
0.000217778
0.000558779
0.000547605
0.000489417
0.000396706
0.000336151
0.000356627
0.000392666
0.000347387
0.000226978
0.000111029
5.77293e-05
6.97246e-05
0.00012816
0.00021753
0.000558779
0.0005476
0.000489385
0.000396623
0.000335997
0.000356395
0.000392373
0.000347066
0.000226676
0.000110794
5.75918e-05
6.96769e-05
0.000128135
0.000217405
0.000558779
0.000547598
0.00048937
0.000396581
0.00033592
0.00035628
0.000392226
0.000346906
0.000226525
0.000110676
5.7523e-05
6.96528e-05
0.000128123
0.000217342
0.000558779
0.000547596
0.000489362
0.000396561
0.000335881
0.000356222
0.000392153
0.000346826
0.00022645
0.000110618
5.74885e-05
6.96408e-05
0.000128117
0.000217311
0.000558779
0.000547596
0.000489358
0.00039655
0.000335862
0.000356193
0.000392116
0.000346785
0.000226412
0.000110588
5.74713e-05
6.96347e-05
0.000128113
0.000217296
0.000558779
0.000547595
0.000489356
0.000396545
0.000335852
0.000356178
0.000392098
0.000346765
0.000226393
0.000110573
5.74627e-05
6.96317e-05
0.000128112
0.000217288
0.000558779
0.000547595
0.000489355
0.000396542
0.000335848
0.000356171
0.000392089
0.000346755
0.000226384
0.000110566
5.74584e-05
6.96302e-05
0.000128111
0.000217284
0.000558779
0.000547595
0.000489354
0.000396541
0.000335845
0.000356168
0.000392084
0.00034675
0.000226379
0.000110562
5.74562e-05
6.96294e-05
0.000128111
0.000217282
0.000558779
0.000547595
0.000489354
0.000396541
0.000335844
0.000356166
0.000392082
0.000346748
0.000226377
0.000110561
5.74552e-05
6.96291e-05
0.00012811
0.000217281
0.000558779
0.000547595
0.000489354
0.00039654
0.000335843
0.000356165
0.000392081
0.000346747
0.000226376
0.00011056
5.74546e-05
6.96289e-05
0.00012811
0.000217281
0.000558779
0.000547595
0.000489354
0.00039654
0.000335843
0.000356164
0.00039208
0.000346746
0.000226375
0.000110559
5.74544e-05
6.96288e-05
0.00012811
0.00021728
0.000558779
0.000547595
0.000489354
0.00039654
0.000335843
0.000356164
0.00039208
0.000346746
0.000226375
0.000110559
5.74542e-05
6.96287e-05
0.00012811
0.00021728
0.000558779
0.000547595
0.000489354
0.00039654
0.000335843
0.000356164
0.00039208
0.000346746
0.000226375
0.000110559
5.74542e-05
6.96287e-05
0.00012811
0.00021728
0.000558779
0.000547595
0.000489354
0.00039654
0.000335843
0.000356164
0.00039208
0.000346745
0.000226375
0.000110559
5.74541e-05
6.96287e-05
0.00012811
0.00021728
0.000558779
0.000547595
0.000489354
0.00039654
0.000335843
0.000356164
0.00039208
0.000346745
0.000226375
0.000110559
5.74541e-05
6.96287e-05
0.00012811
0.00021728
0.000558779
0.000547595
0.000489354
0.00039654
0.000335843
0.000356164
0.00039208
0.000346745
0.000226375
0.000110559
5.74541e-05
6.96287e-05
0.00012811
0.00021728
0.000558779
0.000547595
0.000489354
0.00039654
0.000335843
0.000356164
0.00039208
0.000346745
0.000226375
0.000110559
5.74541e-05
6.96287e-05
0.00012811
0.00021728
0.000558779
0.000547595
0.000489354
0.00039654
0.000335843
0.000356164
0.00039208
0.000346745
0.000226375
0.000110559
5.74541e-05
6.96287e-05
0.00012811
0.00021728
0.000558779
0.000547595
0.000489354
0.00039654
0.000335843
0.000356164
0.00039208
0.000346745
0.000226375
0.000110559
5.74541e-05
6.96287e-05
0.00012811
0.00021728
0.000558779
0.000547595
0.000489354
0.00039654
0.000335843
0.000356164
0.00039208
0.000346745
0.000226375
0.000110559
5.74541e-05
6.96287e-05
0.00012811
0.00021728
0.000558779
0.000547595
0.000489354
0.00039654
0.000335843
0.000356164
0.00039208
0.000346745
0.000226375
0.000110559
5.74541e-05
6.96287e-05
0.00012811
0.00021728
0.000558779
0.000547595
0.000489354
0.00039654
0.000335843
0.000356164
0.00039208
0.000346745
0.000226375
0.000110559
5.74541e-05
6.96287e-05
0.00012811
0.00021728
0.000558779
0.000547595
0.000489354
0.00039654
0.000335843
0.000356164
0.00039208
0.000346745
0.000226375
0.000110559
5.74541e-05
6.96287e-05
0.00012811
0.00021728
0.000558779
0.000547595
0.000489354
0.00039654
0.000335843
0.000356164
0.00039208
0.000346745
0.000226375
0.000110559
5.74541e-05
6.96287e-05
0.00012811
0.00021728
0.000558779
0.000547595
0.000489354
0.00039654
0.000335843
0.000356164
0.00039208
0.000346745
0.000226375
0.000110559
5.74541e-05
6.96287e-05
0.00012811
0.00021728
0.000558779
0.000547595
0.000489354
0.00039654
0.000335843
0.000356164
0.00039208
0.000346745
0.000226375
0.000110559
5.74541e-05
6.96287e-05
0.00012811
0.00021728
0.000558779
0.000547595
0.000489354
0.00039654
0.000335843
0.000356164
0.00039208
0.000346745
0.000226375
0.000110559
5.74541e-05
6.96287e-05
0.00012811
0.00021728
0.000558779
0.000547595
0.000489354
0.00039654
0.000335843
0.000356164
0.00039208
0.000346745
0.000226375
0.000110559
5.74541e-05
6.96287e-05
0.00012811
0.00021728
0.000558779
0.000547595
0.000489354
0.00039654
0.000335843
0.000356164
0.00039208
0.000346745
0.000226375
0.000110559
5.74541e-05
6.96287e-05
0.00012811
0.00021728
0.000558779
0.000547595
0.000489354
0.00039654
0.000335843
0.000356164
0.00039208
0.000346745
0.000226375
0.000110559
5.74541e-05
6.96287e-05
0.00012811
0.00021728
0.000558779
0.000547595
0.000489354
0.00039654
0.000335843
0.000356164
0.00039208
0.000346745
0.000226375
0.000110559
5.74541e-05
6.96287e-05
0.00012811
0.00021728
0.000558779
0.000547595
0.000489354
0.00039654
0.000335843
0.000356164
0.00039208
0.000346745
0.000226375
0.000110559
5.74541e-05
6.96287e-05
0.00012811
0.00021728
0.000558779
0.000547595
0.000489354
0.00039654
0.000335843
0.000356164
0.00039208
0.000346745
0.000226375
0.000110559
5.74541e-05
6.96287e-05
0.00012811
0.00021728
0.000558779
0.000547595
0.000489354
0.00039654
0.000335843
0.000356164
0.00039208
0.000346745
0.000226375
0.000110559
5.74541e-05
6.96287e-05
0.00012811
0.00021728
0.000558779
0.000547595
0.000489354
0.00039654
0.000335843
0.000356164
0.00039208
0.000346745
0.000226375
0.000110559
5.74541e-05
6.96287e-05
0.00012811
0.00021728
0.000558779
0.000547595
0.000489354
0.00039654
0.000335843
0.000356164
0.00039208
0.000346745
0.000226375
0.000110559
5.74541e-05
6.96287e-05
0.00012811
0.00021728
0.000558779
0.000547595
0.000489354
0.00039654
0.000335843
0.000356164
0.00039208
0.000346745
0.000226375
0.000110559
5.74541e-05
6.96287e-05
0.00012811
0.00021728
0.000558779
0.000547595
0.000489354
0.00039654
0.000335843
0.000356164
0.00039208
0.000346745
0.000226375
0.000110559
5.74541e-05
6.96287e-05
0.00012811
0.00021728
0.000558779
0.000547595
0.000489354
0.00039654
0.000335843
0.000356164
0.00039208
0.000346745
0.000226375
0.000110559
5.74541e-05
6.96287e-05
0.00012811
0.00021728
0.000558779
0.000547595
0.000489354
0.00039654
0.000335843
0.000356164
0.00039208
0.000346745
0.000226375
0.000110559
5.74541e-05
6.96287e-05
0.00012811
0.00021728
0.000558779
0.000547595
0.000489354
0.00039654
0.000335843
0.000356164
0.00039208
0.000346745
0.000226375
0.000110559
5.74541e-05
6.96287e-05
0.00012811
0.00021728
0.000558779
0.000547595
0.000489354
0.00039654
0.000335843
0.000356164
0.00039208
0.000346745
0.000226375
0.000110559
5.74541e-05
6.96287e-05
0.00012811
0.00021728
0.000558779
0.000547595
0.000489354
0.00039654
0.000335843
0.000356164
0.00039208
0.000346745
0.000226375
0.000110559
5.74541e-05
6.96287e-05
0.00012811
0.00021728
0.000558779
0.000547595
0.000489354
0.00039654
0.000335843
0.000356164
0.00039208
0.000346745
0.000226375
0.000110559
5.74541e-05
6.96287e-05
0.00012811
0.00021728
0.000558779
0.000547595
0.000489354
0.00039654
0.000335843
0.000356164
0.00039208
0.000346745
0.000226375
0.000110559
5.74541e-05
6.96287e-05
0.00012811
0.00021728
0.000558779
0.000547595
0.000489354
0.00039654
0.000335843
0.000356164
0.00039208
0.000346745
0.000226375
0.000110559
5.74541e-05
6.96287e-05
0.00012811
0.00021728
0.000558779
0.000547595
0.000489354
0.00039654
0.000335843
0.000356164
0.00039208
0.000346745
0.000226375
0.000110559
5.74541e-05
6.96287e-05
0.00012811
0.00021728
0.000558779
0.000547595
0.000489354
0.00039654
0.000335843
0.000356164
0.00039208
0.000346745
0.000226375
0.000110559
5.74541e-05
6.96287e-05
0.00012811
0.00021728
0.000558779
0.000547595
0.000489354
0.00039654
0.000335843
0.000356164
0.00039208
0.000346745
0.000226375
0.000110559
5.74541e-05
6.96287e-05
0.00012811
0.00021728
0.000558779
0.000547595
0.000489354
0.00039654
0.000335843
0.000356164
0.00039208
0.000346745
0.000226375
0.000110559
5.74541e-05
6.96287e-05
0.00012811
0.00021728
0.000558779
0.000547595
0.000489354
0.00039654
0.000335843
0.000356164
0.00039208
0.000346745
0.000226375
0.000110559
5.74541e-05
6.96287e-05
0.00012811
0.00021728
0.000558779
0.000547595
0.000489354
0.00039654
0.000335843
0.000356164
0.00039208
0.000346745
0.000226375
0.000110559
5.74541e-05
6.96287e-05
0.00012811
0.00021728
0.000558779
0.000547595
0.000489354
0.00039654
0.000335843
0.000356164
0.00039208
0.000346745
0.000226375
0.000110559
5.74541e-05
6.96287e-05
0.00012811
0.00021728
0.000558779
0.000547595
0.000489354
0.00039654
0.000335843
0.000356164
0.00039208
0.000346745
0.000226375
0.000110559
5.74541e-05
6.96287e-05
0.00012811
0.00021728
0.000558779
0.000547595
0.000489354
0.00039654
0.000335843
0.000356164
0.00039208
0.000346745
0.000226375
0.000110559
5.74541e-05
6.96287e-05
0.00012811
0.00021728
0.000558779
0.000547595
0.000489354
0.00039654
0.000335843
0.000356164
0.00039208
0.000346745
0.000226375
0.000110559
5.74541e-05
6.96287e-05
0.00012811
0.00021728
0.000558779
0.000547595
0.000489354
0.00039654
0.000335843
0.000356164
0.00039208
0.000346745
0.000226375
0.000110559
5.74541e-05
6.96287e-05
0.00012811
0.00021728
0.000558779
0.000547595
0.000489354
0.00039654
0.000335843
0.000356164
0.00039208
0.000346745
0.000226375
0.000110559
5.74541e-05
6.96287e-05
0.00012811
0.00021728
0.000558779
0.000547595
0.000489354
0.00039654
0.000335843
0.000356164
0.00039208
0.000346745
0.000226375
0.000110559
5.74541e-05
6.96287e-05
0.00012811
0.00021728
0.000558779
0.000547595
0.000489354
0.00039654
0.000335843
0.000356164
0.00039208
0.000346745
0.000226375
0.000110559
5.74541e-05
6.96287e-05
0.00012811
0.00021728
0.000558779
0.000547595
0.000489354
0.00039654
0.000335843
0.000356164
0.00039208
0.000346745
0.000226375
0.000110559
5.74541e-05
6.96287e-05
0.00012811
0.00021728
0.000558779
0.000547595
0.000489354
0.00039654
0.000335843
0.000356164
0.00039208
0.000346745
0.000226375
0.000110559
5.74541e-05
6.96287e-05
0.00012811
0.00021728
0.000558779
0.000547595
0.000489354
0.00039654
0.000335843
0.000356164
0.00039208
0.000346745
0.000226375
0.000110559
5.74541e-05
6.96287e-05
0.00012811
0.00021728
0.000558779
0.000547595
0.000489354
0.00039654
0.000335843
0.000356164
0.00039208
0.000346745
0.000226375
0.000110559
5.74541e-05
6.96287e-05
0.00012811
0.00021728
0.000558779
0.000547595
0.000489354
0.00039654
0.000335843
0.000356164
0.00039208
0.000346745
0.000226375
0.000110559
5.74541e-05
6.96287e-05
0.00012811
0.00021728
0.000558779
0.000547595
0.000489354
0.00039654
0.000335843
0.000356164
0.00039208
0.000346745
0.000226375
0.000110559
5.74541e-05
6.96287e-05
0.00012811
0.00021728
0.000558779
0.000547595
0.000489354
0.00039654
0.000335843
0.000356164
0.00039208
0.000346745
0.000226375
0.000110559
5.74541e-05
6.96287e-05
0.00012811
0.00021728
0.000558779
0.000547595
0.000489354
0.00039654
0.000335843
0.000356164
0.00039208
0.000346745
0.000226375
0.000110559
5.74541e-05
6.96287e-05
0.00012811
0.00021728
0.000558779
0.000547595
0.000489354
0.00039654
0.000335843
0.000356164
0.00039208
0.000346745
0.000226375
0.000110559
5.74541e-05
6.96287e-05
0.00012811
0.00021728
0.000558779
0.000547595
0.000489354
0.00039654
0.000335843
0.000356164
0.00039208
0.000346745
0.000226375
0.000110559
5.74541e-05
6.96287e-05
0.00012811
0.00021728
0.000558779
0.000547595
0.000489354
0.00039654
0.000335843
0.000356164
0.00039208
0.000346745
0.000226375
0.000110559
5.74541e-05
6.96287e-05
0.00012811
0.00021728
0.000558779
0.000547595
0.000489354
0.00039654
0.000335843
0.000356164
0.00039208
0.000346745
0.000226375
0.000110559
5.74541e-05
6.96287e-05
0.00012811
0.00021728
0.000558779
0.000547595
0.000489354
0.00039654
0.000335843
0.000356164
0.00039208
0.000346745
0.000226375
0.000110559
5.74541e-05
6.96287e-05
0.00012811
0.00021728
0.000558779
0.000547595
0.000489354
0.00039654
0.000335843
0.000356164
0.00039208
0.000346745
0.000226375
0.000110559
5.74541e-05
6.96287e-05
0.00012811
0.00021728
0.000558779
0.000547595
0.000489354
0.00039654
0.000335843
0.000356164
0.00039208
0.000346745
0.000226375
0.000110559
5.74541e-05
6.96287e-05
0.00012811
0.00021728
0.000558779
0.000547595
0.000489354
0.00039654
0.000335843
0.000356164
0.00039208
0.000346745
0.000226375
0.000110559
5.74541e-05
6.96287e-05
0.00012811
0.00021728
0.000558779
0.000547595
0.000489354
0.00039654
0.000335843
0.000356164
0.00039208
0.000346745
0.000226375
0.000110559
5.74541e-05
6.96287e-05
0.00012811
0.00021728
0.000558779
0.000547595
0.000489354
0.00039654
0.000335843
0.000356164
0.00039208
0.000346745
0.000226375
0.000110559
5.74541e-05
6.96287e-05
0.00012811
0.00021728
0.000558779
0.000547595
0.000489354
0.00039654
0.000335843
0.000356164
0.00039208
0.000346745
0.000226375
0.000110559
5.74541e-05
6.96287e-05
0.00012811
0.00021728
0.000558779
0.000547595
0.000489354
0.00039654
0.000335843
0.000356164
0.00039208
0.000346745
0.000226375
0.000110559
5.74541e-05
6.96287e-05
0.00012811
0.00021728
0.000558779
0.000547595
0.000489354
0.00039654
0.000335843
0.000356164
0.00039208
0.000346745
0.000226375
0.000110559
5.74541e-05
6.96287e-05
0.00012811
0.00021728
0.000558779
0.000547595
0.000489354
0.00039654
0.000335843
0.000356164
0.00039208
0.000346745
0.000226375
0.000110559
5.74541e-05
6.96287e-05
0.00012811
0.00021728
0.000558779
0.000547595
0.000489354
0.00039654
0.000335843
0.000356164
0.00039208
0.000346745
0.000226375
0.000110559
5.74541e-05
6.96287e-05
0.00012811
0.00021728
0.000558779
0.000547595
0.000489354
0.00039654
0.000335843
0.000356164
0.00039208
0.000346745
0.000226375
0.000110559
5.74541e-05
6.96287e-05
0.00012811
0.00021728
0.000558779
0.000547595
0.000489354
0.00039654
0.000335843
0.000356164
0.00039208
0.000346745
0.000226375
0.000110559
5.74541e-05
6.96287e-05
0.00012811
0.00021728
0.000558779
0.000547595
0.000489354
0.00039654
0.000335843
0.000356164
0.00039208
0.000346745
0.000226375
0.000110559
5.74541e-05
6.96287e-05
0.00012811
0.00021728
0.000558779
0.000547595
0.000489354
0.00039654
0.000335843
0.000356164
0.00039208
0.000346745
0.000226375
0.000110559
5.74541e-05
6.96287e-05
0.00012811
0.00021728
0.000558779
0.000547595
0.000489354
0.00039654
0.000335843
0.000356164
0.00039208
0.000346745
0.000226375
0.000110559
5.74541e-05
6.96287e-05
0.00012811
0.00021728
0.000558779
0.000547595
0.000489354
0.00039654
0.000335843
0.000356164
0.00039208
0.000346745
0.000226375
0.000110559
5.74541e-05
6.96287e-05
0.00012811
0.00021728
0.000558779
0.000547595
0.000489354
0.00039654
0.000335843
0.000356164
0.00039208
0.000346745
0.000226375
0.000110559
5.74541e-05
6.96287e-05
0.00012811
0.00021728
0.000558779
0.000547595
0.000489354
0.00039654
0.000335843
0.000356164
0.00039208
0.000346745
0.000226375
0.000110559
5.74541e-05
6.96287e-05
0.00012811
0.00021728
0.000558779
0.000547595
0.000489354
0.00039654
0.000335843
0.000356164
0.00039208
0.000346745
0.000226375
0.000110559
5.74541e-05
6.96287e-05
0.00012811
0.00021728
0.000558779
0.000547595
0.000489354
0.00039654
0.000335843
0.000356164
0.00039208
0.000346745
0.000226375
0.000110559
5.74541e-05
6.96287e-05
0.00012811
0.00021728
0.000558779
0.000547595
0.000489354
0.00039654
0.000335843
0.000356164
0.00039208
0.000346745
0.000226375
0.000110559
5.74541e-05
6.96287e-05
0.00012811
0.00021728
0.000558779
0.000547595
0.000489354
0.00039654
0.000335843
0.000356164
0.00039208
0.000346745
0.000226375
0.000110559
5.74541e-05
6.96287e-05
0.00012811
0.00021728
0.000558779
0.000547595
0.000489354
0.00039654
0.000335843
0.000356164
0.00039208
0.000346745
0.000226375
0.000110559
5.74541e-05
6.96287e-05
0.00012811
0.00021728
0.000558779
0.000547595
0.000489354
0.00039654
0.000335843
0.000356164
0.00039208
0.000346745
0.000226375
0.000110559
5.74541e-05
6.96287e-05
0.00012811
0.00021728
0.000558779
0.000547595
0.000489354
0.00039654
0.000335843
0.000356164
0.00039208
0.000346745
0.000226375
0.000110559
5.74541e-05
6.96287e-05
0.00012811
0.00021728
0.000558779
0.000547595
0.000489354
0.00039654
0.000335843
0.000356164
0.00039208
0.000346745
0.000226375
0.000110559
5.74541e-05
6.96287e-05
0.00012811
0.00021728
0.000558779
0.000547595
0.000489354
0.00039654
0.000335843
0.000356164
0.00039208
0.000346745
0.000226375
0.000110559
5.74541e-05
6.96287e-05
0.00012811
0.00021728
0.000558779
0.000547595
0.000489354
0.00039654
0.000335843
0.000356164
0.00039208
0.000346745
0.000226375
0.000110559
5.74541e-05
6.96287e-05
0.00012811
0.00021728
0.000558779
0.000547595
0.000489354
0.00039654
0.000335843
0.000356164
0.00039208
0.000346745
0.000226375
0.000110559
5.74541e-05
6.96287e-05
0.00012811
0.00021728
0.000558779
0.000547595
0.000489354
0.00039654
0.000335843
0.000356164
0.00039208
0.000346745
0.000226375
0.000110559
5.74541e-05
6.96287e-05
0.00012811
0.00021728
0.000558779
0.000547595
0.000489354
0.00039654
0.000335843
0.000356164
0.00039208
0.000346745
0.000226375
0.000110559
5.74541e-05
6.96287e-05
0.00012811
0.00021728
0.000558779
0.000547595
0.000489354
0.00039654
0.000335843
0.000356164
0.00039208
0.000346745
0.000226375
0.000110559
5.74541e-05
6.96287e-05
0.00012811
0.00021728
0.000558779
0.000547595
0.000489354
0.00039654
0.000335843
0.000356164
0.00039208
0.000346745
0.000226375
0.000110559
5.74541e-05
6.96287e-05
0.00012811
0.00021728
0.000558779
0.000547595
0.000489354
0.00039654
0.000335843
0.000356164
0.00039208
0.000346745
0.000226375
0.000110559
5.74541e-05
6.96287e-05
0.00012811
0.00021728
0.000558779
0.000547595
0.000489354
0.00039654
0.000335843
0.000356164
0.00039208
0.000346745
0.000226375
0.000110559
5.74541e-05
6.96287e-05
0.00012811
0.00021728
0.000558779
0.000547595
0.000489354
0.00039654
0.000335843
0.000356164
0.00039208
0.000346745
0.000226375
0.000110559
5.74541e-05
6.96287e-05
0.00012811
0.00021728
0.000558779
0.000547595
0.000489354
0.00039654
0.000335843
0.000356164
0.00039208
0.000346745
0.000226375
0.000110559
5.74541e-05
6.96287e-05
0.00012811
0.00021728
0.000558779
0.000547595
0.000489354
0.00039654
0.000335843
0.000356164
0.00039208
0.000346745
0.000226375
0.000110559
5.74541e-05
6.96287e-05
0.00012811
0.00021728
