0.00124354
0.0012302
0.00116478
0.00107226
0.000958527
0.000761114
0.000501234
0.000269059
0.000126853
8.66897e-05
0.000127653
0.000225379
0.000367004
0.000541337
0.00124354
0.00112417
0.000325191
0.00157691
0.00456673
0.00810409
0.01092
0.0114424
0.00848305
0.0016652
0.00646902
0.00963816
0.00317555
0.010553
0.00124354
0.00114213
0.000601756
0.000402909
0.00168395
0.00304033
0.00415564
0.00459593
0.00403823
0.00246839
0.000331517
0.00130834
0.00107137
0.00185371
0.00124354
0.00118299
0.000870186
0.000320702
0.000347521
0.00105612
0.00166503
0.00197901
0.00186391
0.00132482
0.000529003
0.0001777
0.000325296
0.000468798
0.00124354
0.00120621
0.00101598
0.000695256
0.000309222
0.000131854
0.000551064
0.000817894
0.000846032
0.000636213
0.000272596
9.11151e-05
0.000254761
4.03119e-05
0.00124354
0.00121815
0.00109017
0.000883688
0.000634846
0.000318084
1.81795e-05
0.000266168
0.000354222
0.000277692
8.72064e-05
0.000134482
0.000289613
0.000288587
0.00124354
0.00122417
0.00112744
0.000977983
0.000796936
0.000540415
0.000243103
3.38857e-06
0.000112382
9.60961e-05
1.68897e-05
0.000174423
0.000323208
0.0004141
0.00124354
0.00122718
0.0011461
0.00102513
0.000877795
0.000650964
0.00037255
0.000136695
7.55555e-06
4.83659e-06
7.14787e-05
0.000198576
0.000343859
0.000477471
0.00124354
0.00122869
0.00115544
0.00104869
0.000918177
0.000706088
0.000436986
0.000202993
6.72836e-05
4.0895e-05
9.93726e-05
0.000211652
0.000355123
0.000509338
0.00124354
0.00122945
0.00116011
0.00106048
0.000938356
0.000733613
0.000469133
0.000236055
9.7088e-05
6.37847e-05
0.000113465
0.000218435
0.000360987
0.00052532
0.00124354
0.00122983
0.00116244
0.00106637
0.000948443
0.000747367
0.000485189
0.000252564
0.000111975
7.52353e-05
0.000120547
0.000221887
0.000363977
0.000533324
0.00124354
0.00123001
0.00116361
0.00106931
0.000953485
0.000754241
0.000493213
0.000260813
0.000119415
8.09621e-05
0.000124097
0.000223628
0.000365486
0.000537329
0.00124354
0.00123011
0.00116419
0.00107079
0.000956006
0.000757678
0.000497223
0.000264937
0.000123134
8.38258e-05
0.000125874
0.000224502
0.000366244
0.000539333
0.00124354
0.00123016
0.00116448
0.00107152
0.000957267
0.000759396
0.000499229
0.000266998
0.000124994
8.52577e-05
0.000126764
0.00022494
0.000366624
0.000540335
0.00124354
0.00123018
0.00116463
0.00107189
0.000957897
0.000760255
0.000500231
0.000268028
0.000125923
8.59737e-05
0.000127208
0.000225159
0.000366814
0.000540836
0.00124354
0.00123019
0.0011647
0.00107207
0.000958212
0.000760685
0.000500732
0.000268544
0.000126388
8.63317e-05
0.000127431
0.000225269
0.000366909
0.000541086
0.00124354
0.0012302
0.00116474
0.00107217
0.000958369
0.0007609
0.000500983
0.000268801
0.00012662
8.65107e-05
0.000127542
0.000225324
0.000366957
0.000541211
0.00124354
0.0012302
0.00116476
0.00107221
0.000958448
0.000761007
0.000501108
0.00026893
0.000126737
8.66002e-05
0.000127598
0.000225351
0.00036698
0.000541274
0.00124354
0.0012302
0.00116477
0.00107223
0.000958488
0.000761061
0.000501171
0.000268994
0.000126795
8.6645e-05
0.000127625
0.000225365
0.000366992
0.000541305
0.00124354
0.0012302
0.00116477
0.00107225
0.000958507
0.000761087
0.000501202
0.000269027
0.000126824
8.66674e-05
0.000127639
0.000225372
0.000366998
0.000541321
0.00124354
0.0012302
0.00116477
0.00107225
0.000958517
0.000761101
0.000501218
0.000269043
0.000126838
8.66785e-05
0.000127646
0.000225375
0.000367001
0.000541329
0.00124354
0.0012302
0.00116477
0.00107226
0.000958522
0.000761108
0.000501226
0.000269051
0.000126846
8.66841e-05
0.00012765
0.000225377
0.000367003
0.000541333
0.00124354
0.0012302
0.00116477
0.00107226
0.000958525
0.000761111
0.00050123
0.000269055
0.000126849
8.66869e-05
0.000127651
0.000225378
0.000367003
0.000541335
0.00124354
0.0012302
0.00116478
0.00107226
0.000958526
0.000761113
0.000501232
0.000269057
0.000126851
8.66883e-05
0.000127652
0.000225378
0.000367004
0.000541336
0.00124354
0.0012302
0.00116478
0.00107226
0.000958526
0.000761113
0.000501233
0.000269058
0.000126852
8.6689e-05
0.000127653
0.000225379
0.000367004
0.000541336
0.00124354
0.0012302
0.00116478
0.00107226
0.000958527
0.000761114
0.000501233
0.000269058
0.000126852
8.66894e-05
0.000127653
0.000225379
0.000367004
0.000541336
0.00124354
0.0012302
0.00116478
0.00107226
0.000958527
0.000761114
0.000501233
0.000269059
0.000126853
8.66896e-05
0.000127653
0.000225379
0.000367004
0.000541337
0.00124354
0.0012302
0.00116478
0.00107226
0.000958527
0.000761114
0.000501233
0.000269059
0.000126853
8.66896e-05
0.000127653
0.000225379
0.000367004
0.000541337
0.00124354
0.0012302
0.00116478
0.00107226
0.000958527
0.000761114
0.000501233
0.000269059
0.000126853
8.66897e-05
0.000127653
0.000225379
0.000367004
0.000541337
0.00124354
0.0012302
0.00116478
0.00107226
0.000958527
0.000761114
0.000501234
0.000269059
0.000126853
8.66897e-05
0.000127653
0.000225379
0.000367004
0.000541337
0.00124354
0.0012302
0.00116478
0.00107226
0.000958527
0.000761114
0.000501234
0.000269059
0.000126853
8.66897e-05
0.000127653
0.000225379
0.000367004
0.000541337
0.00124354
0.0012302
0.00116478
0.00107226
0.000958527
0.000761114
0.000501234
0.000269059
0.000126853
8.66897e-05
0.000127653
0.000225379
0.000367004
0.000541337
0.00124354
0.0012302
0.00116478
0.00107226
0.000958527
0.000761114
0.000501234
0.000269059
0.000126853
8.66897e-05
0.000127653
0.000225379
0.000367004
0.000541337
0.00124354
0.0012302
0.00116478
0.00107226
0.000958527
0.000761114
0.000501234
0.000269059
0.000126853
8.66897e-05
0.000127653
0.000225379
0.000367004
0.000541337
0.00124354
0.0012302
0.00116478
0.00107226
0.000958527
0.000761114
0.000501234
0.000269059
0.000126853
8.66897e-05
0.000127653
0.000225379
0.000367004
0.000541337
0.00124354
0.0012302
0.00116478
0.00107226
0.000958527
0.000761114
0.000501234
0.000269059
0.000126853
8.66897e-05
0.000127653
0.000225379
0.000367004
0.000541337
0.00124354
0.0012302
0.00116478
0.00107226
0.000958527
0.000761114
0.000501234
0.000269059
0.000126853
8.66897e-05
0.000127653
0.000225379
0.000367004
0.000541337
0.00124354
0.0012302
0.00116478
0.00107226
0.000958527
0.000761114
0.000501234
0.000269059
0.000126853
8.66897e-05
0.000127653
0.000225379
0.000367004
0.000541337
0.00124354
0.0012302
0.00116478
0.00107226
0.000958527
0.000761114
0.000501234
0.000269059
0.000126853
8.66897e-05
0.000127653
0.000225379
0.000367004
0.000541337
0.00124354
0.0012302
0.00116478
0.00107226
0.000958527
0.000761114
0.000501234
0.000269059
0.000126853
8.66897e-05
0.000127653
0.000225379
0.000367004
0.000541337
0.00124354
0.0012302
0.00116478
0.00107226
0.000958527
0.000761114
0.000501234
0.000269059
0.000126853
8.66897e-05
0.000127653
0.000225379
0.000367004
0.000541337
0.00124354
0.0012302
0.00116478
0.00107226
0.000958527
0.000761114
0.000501234
0.000269059
0.000126853
8.66897e-05
0.000127653
0.000225379
0.000367004
0.000541337
0.00124354
0.0012302
0.00116478
0.00107226
0.000958527
0.000761114
0.000501234
0.000269059
0.000126853
8.66897e-05
0.000127653
0.000225379
0.000367004
0.000541337
0.00124354
0.0012302
0.00116478
0.00107226
0.000958527
0.000761114
0.000501234
0.000269059
0.000126853
8.66897e-05
0.000127653
0.000225379
0.000367004
0.000541337
0.00124354
0.0012302
0.00116478
0.00107226
0.000958527
0.000761114
0.000501234
0.000269059
0.000126853
8.66897e-05
0.000127653
0.000225379
0.000367004
0.000541337
0.00124354
0.0012302
0.00116478
0.00107226
0.000958527
0.000761114
0.000501234
0.000269059
0.000126853
8.66897e-05
0.000127653
0.000225379
0.000367004
0.000541337
0.00124354
0.0012302
0.00116478
0.00107226
0.000958527
0.000761114
0.000501234
0.000269059
0.000126853
8.66897e-05
0.000127653
0.000225379
0.000367004
0.000541337
0.00124354
0.0012302
0.00116478
0.00107226
0.000958527
0.000761114
0.000501234
0.000269059
0.000126853
8.66897e-05
0.000127653
0.000225379
0.000367004
0.000541337
0.00124354
0.0012302
0.00116478
0.00107226
0.000958527
0.000761114
0.000501234
0.000269059
0.000126853
8.66897e-05
0.000127653
0.000225379
0.000367004
0.000541337
0.00124354
0.0012302
0.00116478
0.00107226
0.000958527
0.000761114
0.000501234
0.000269059
0.000126853
8.66897e-05
0.000127653
0.000225379
0.000367004
0.000541337
0.00124354
0.0012302
0.00116478
0.00107226
0.000958527
0.000761114
0.000501234
0.000269059
0.000126853
8.66897e-05
0.000127653
0.000225379
0.000367004
0.000541337
0.00124354
0.0012302
0.00116478
0.00107226
0.000958527
0.000761114
0.000501234
0.000269059
0.000126853
8.66897e-05
0.000127653
0.000225379
0.000367004
0.000541337
0.00124354
0.0012302
0.00116478
0.00107226
0.000958527
0.000761114
0.000501234
0.000269059
0.000126853
8.66897e-05
0.000127653
0.000225379
0.000367004
0.000541337
0.00124354
0.0012302
0.00116478
0.00107226
0.000958527
0.000761114
0.000501234
0.000269059
0.000126853
8.66897e-05
0.000127653
0.000225379
0.000367004
0.000541337
0.00124354
0.0012302
0.00116478
0.00107226
0.000958527
0.000761114
0.000501234
0.000269059
0.000126853
8.66897e-05
0.000127653
0.000225379
0.000367004
0.000541337
0.00124354
0.0012302
0.00116478
0.00107226
0.000958527
0.000761114
0.000501234
0.000269059
0.000126853
8.66897e-05
0.000127653
0.000225379
0.000367004
0.000541337
0.00124354
0.0012302
0.00116478
0.00107226
0.000958527
0.000761114
0.000501234
0.000269059
0.000126853
8.66897e-05
0.000127653
0.000225379
0.000367004
0.000541337
0.00124354
0.0012302
0.00116478
0.00107226
0.000958527
0.000761114
0.000501234
0.000269059
0.000126853
8.66897e-05
0.000127653
0.000225379
0.000367004
0.000541337
0.00124354
0.0012302
0.00116478
0.00107226
0.000958527
0.000761114
0.000501234
0.000269059
0.000126853
8.66897e-05
0.000127653
0.000225379
0.000367004
0.000541337
0.00124354
0.0012302
0.00116478
0.00107226
0.000958527
0.000761114
0.000501234
0.000269059
0.000126853
8.66897e-05
0.000127653
0.000225379
0.000367004
0.000541337
0.00124354
0.0012302
0.00116478
0.00107226
0.000958527
0.000761114
0.000501234
0.000269059
0.000126853
8.66897e-05
0.000127653
0.000225379
0.000367004
0.000541337
0.00124354
0.0012302
0.00116478
0.00107226
0.000958527
0.000761114
0.000501234
0.000269059
0.000126853
8.66897e-05
0.000127653
0.000225379
0.000367004
0.000541337
0.00124354
0.0012302
0.00116478
0.00107226
0.000958527
0.000761114
0.000501234
0.000269059
0.000126853
8.66897e-05
0.000127653
0.000225379
0.000367004
0.000541337
0.00124354
0.0012302
0.00116478
0.00107226
0.000958527
0.000761114
0.000501234
0.000269059
0.000126853
8.66897e-05
0.000127653
0.000225379
0.000367004
0.000541337
0.00124354
0.0012302
0.00116478
0.00107226
0.000958527
0.000761114
0.000501234
0.000269059
0.000126853
8.66897e-05
0.000127653
0.000225379
0.000367004
0.000541337
0.00124354
0.0012302
0.00116478
0.00107226
0.000958527
0.000761114
0.000501234
0.000269059
0.000126853
8.66897e-05
0.000127653
0.000225379
0.000367004
0.000541337
0.00124354
0.0012302
0.00116478
0.00107226
0.000958527
0.000761114
0.000501234
0.000269059
0.000126853
8.66897e-05
0.000127653
0.000225379
0.000367004
0.000541337
0.00124354
0.0012302
0.00116478
0.00107226
0.000958527
0.000761114
0.000501234
0.000269059
0.000126853
8.66897e-05
0.000127653
0.000225379
0.000367004
0.000541337
0.00124354
0.0012302
0.00116478
0.00107226
0.000958527
0.000761114
0.000501234
0.000269059
0.000126853
8.66897e-05
0.000127653
0.000225379
0.000367004
0.000541337
0.00124354
0.0012302
0.00116478
0.00107226
0.000958527
0.000761114
0.000501234
0.000269059
0.000126853
8.66897e-05
0.000127653
0.000225379
0.000367004
0.000541337
0.00124354
0.0012302
0.00116478
0.00107226
0.000958527
0.000761114
0.000501234
0.000269059
0.000126853
8.66897e-05
0.000127653
0.000225379
0.000367004
0.000541337
0.00124354
0.0012302
0.00116478
0.00107226
0.000958527
0.000761114
0.000501234
0.000269059
0.000126853
8.66897e-05
0.000127653
0.000225379
0.000367004
0.000541337
0.00124354
0.0012302
0.00116478
0.00107226
0.000958527
0.000761114
0.000501234
0.000269059
0.000126853
8.66897e-05
0.000127653
0.000225379
0.000367004
0.000541337
0.00124354
0.0012302
0.00116478
0.00107226
0.000958527
0.000761114
0.000501234
0.000269059
0.000126853
8.66897e-05
0.000127653
0.000225379
0.000367004
0.000541337
0.00124354
0.0012302
0.00116478
0.00107226
0.000958527
0.000761114
0.000501234
0.000269059
0.000126853
8.66897e-05
0.000127653
0.000225379
0.000367004
0.000541337
0.00124354
0.0012302
0.00116478
0.00107226
0.000958527
0.000761114
0.000501234
0.000269059
0.000126853
8.66897e-05
0.000127653
0.000225379
0.000367004
0.000541337
0.00124354
0.0012302
0.00116478
0.00107226
0.000958527
0.000761114
0.000501234
0.000269059
0.000126853
8.66897e-05
0.000127653
0.000225379
0.000367004
0.000541337
0.00124354
0.0012302
0.00116478
0.00107226
0.000958527
0.000761114
0.000501234
0.000269059
0.000126853
8.66897e-05
0.000127653
0.000225379
0.000367004
0.000541337
0.00124354
0.0012302
0.00116478
0.00107226
0.000958527
0.000761114
0.000501234
0.000269059
0.000126853
8.66897e-05
0.000127653
0.000225379
0.000367004
0.000541337
0.00124354
0.0012302
0.00116478
0.00107226
0.000958527
0.000761114
0.000501234
0.000269059
0.000126853
8.66897e-05
0.000127653
0.000225379
0.000367004
0.000541337
0.00124354
0.0012302
0.00116478
0.00107226
0.000958527
0.000761114
0.000501234
0.000269059
0.000126853
8.66897e-05
0.000127653
0.000225379
0.000367004
0.000541337
0.00124354
0.0012302
0.00116478
0.00107226
0.000958527
0.000761114
0.000501234
0.000269059
0.000126853
8.66897e-05
0.000127653
0.000225379
0.000367004
0.000541337
0.00124354
0.0012302
0.00116478
0.00107226
0.000958527
0.000761114
0.000501234
0.000269059
0.000126853
8.66897e-05
0.000127653
0.000225379
0.000367004
0.000541337
0.00124354
0.0012302
0.00116478
0.00107226
0.000958527
0.000761114
0.000501234
0.000269059
0.000126853
8.66897e-05
0.000127653
0.000225379
0.000367004
0.000541337
0.00124354
0.0012302
0.00116478
0.00107226
0.000958527
0.000761114
0.000501234
0.000269059
0.000126853
8.66897e-05
0.000127653
0.000225379
0.000367004
0.000541337
0.00124354
0.0012302
0.00116478
0.00107226
0.000958527
0.000761114
0.000501234
0.000269059
0.000126853
8.66897e-05
0.000127653
0.000225379
0.000367004
0.000541337
0.00124354
0.0012302
0.00116478
0.00107226
0.000958527
0.000761114
0.000501234
0.000269059
0.000126853
8.66897e-05
0.000127653
0.000225379
0.000367004
0.000541337
0.00124354
0.0012302
0.00116478
0.00107226
0.000958527
0.000761114
0.000501234
0.000269059
0.000126853
8.66897e-05
0.000127653
0.000225379
0.000367004
0.000541337
0.00124354
0.0012302
0.00116478
0.00107226
0.000958527
0.000761114
0.000501234
0.000269059
0.000126853
8.66897e-05
0.000127653
0.000225379
0.000367004
0.000541337
0.00124354
0.0012302
0.00116478
0.00107226
0.000958527
0.000761114
0.000501234
0.000269059
0.000126853
8.66897e-05
0.000127653
0.000225379
0.000367004
0.000541337
0.00124354
0.0012302
0.00116478
0.00107226
0.000958527
0.000761114
0.000501234
0.000269059
0.000126853
8.66897e-05
0.000127653
0.000225379
0.000367004
0.000541337
0.00124354
0.0012302
0.00116478
0.00107226
0.000958527
0.000761114
0.000501234
0.000269059
0.000126853
8.66897e-05
0.000127653
0.000225379
0.000367004
0.000541337
0.00124354
0.0012302
0.00116478
0.00107226
0.000958527
0.000761114
0.000501234
0.000269059
0.000126853
8.66897e-05
0.000127653
0.000225379
0.000367004
0.000541337
0.00124354
0.0012302
0.00116478
0.00107226
0.000958527
0.000761114
0.000501234
0.000269059
0.000126853
8.66897e-05
0.000127653
0.000225379
0.000367004
0.000541337
0.00124354
0.0012302
0.00116478
0.00107226
0.000958527
0.000761114
0.000501234
0.000269059
0.000126853
8.66897e-05
0.000127653
0.000225379
0.000367004
0.000541337
0.00124354
0.0012302
0.00116478
0.00107226
0.000958527
0.000761114
0.000501234
0.000269059
0.000126853
8.66897e-05
0.000127653
0.000225379
0.000367004
0.000541337
0.00124354
0.0012302
0.00116478
0.00107226
0.000958527
0.000761114
0.000501234
0.000269059
0.000126853
8.66897e-05
0.000127653
0.000225379
0.000367004
0.000541337
0.00124354
0.0012302
0.00116478
0.00107226
0.000958527
0.000761114
0.000501234
0.000269059
0.000126853
8.66897e-05
0.000127653
0.000225379
0.000367004
0.000541337
0.00124354
0.0012302
0.00116478
0.00107226
0.000958527
0.000761114
0.000501234
0.000269059
0.000126853
8.66897e-05
0.000127653
0.000225379
0.000367004
0.000541337
0.00124354
0.0012302
0.00116478
0.00107226
0.000958527
0.000761114
0.000501234
0.000269059
0.000126853
8.66897e-05
0.000127653
0.000225379
0.000367004
0.000541337
0.00124354
0.0012302
0.00116478
0.00107226
0.000958527
0.000761114
0.000501234
0.000269059
0.000126853
8.66897e-05
0.000127653
0.000225379
0.000367004
0.000541337
0.00124354
0.0012302
0.00116478
0.00107226
0.000958527
0.000761114
0.000501234
0.000269059
0.000126853
8.66897e-05
0.000127653
0.000225379
0.000367004
0.000541337
0.00124354
0.0012302
0.00116478
0.00107226
0.000958527
0.000761114
0.000501234
0.000269059
0.000126853
8.66897e-05
0.000127653
0.000225379
0.000367004
0.000541337
0.00124354
0.0012302
0.00116478
0.00107226
0.000958527
0.000761114
0.000501234
0.000269059
0.000126853
8.66897e-05
0.000127653
0.000225379
0.000367004
0.000541337
0.00124354
0.0012302
0.00116478
0.00107226
0.000958527
0.000761114
0.000501234
0.000269059
0.000126853
8.66897e-05
0.000127653
0.000225379
0.000367004
0.000541337
0.00124354
0.0012302
0.00116478
0.00107226
0.000958527
0.000761114
0.000501234
0.000269059
0.000126853
8.66897e-05
0.000127653
0.000225379
0.000367004
0.000541337
0.00124354
0.0012302
0.00116478
0.00107226
0.000958527
0.000761114
0.000501234
0.000269059
0.000126853
8.66897e-05
0.000127653
0.000225379
0.000367004
0.000541337
0.00124354
0.0012302
0.00116478
0.00107226
0.000958527
0.000761114
0.000501234
0.000269059
0.000126853
8.66897e-05
0.000127653
0.000225379
0.000367004
0.000541337
0.00124354
0.0012302
0.00116478
0.00107226
0.000958527
0.000761114
0.000501234
0.000269059
0.000126853
8.66897e-05
0.000127653
0.000225379
0.000367004
0.000541337
0.00124354
0.0012302
0.00116478
0.00107226
0.000958527
0.000761114
0.000501234
0.000269059
0.000126853
8.66897e-05
0.000127653
0.000225379
0.000367004
0.000541337
0.00124354
0.0012302
0.00116478
0.00107226
0.000958527
0.000761114
0.000501234
0.000269059
0.000126853
8.66897e-05
0.000127653
0.000225379
0.000367004
0.000541337
0.00124354
0.0012302
0.00116478
0.00107226
0.000958527
0.000761114
0.000501234
0.000269059
0.000126853
8.66897e-05
0.000127653
0.000225379
0.000367004
0.000541337
0.00124354
0.0012302
0.00116478
0.00107226
0.000958527
0.000761114
0.000501234
0.000269059
0.000126853
8.66897e-05
0.000127653
0.000225379
0.000367004
0.000541337
0.00124354
0.0012302
0.00116478
0.00107226
0.000958527
0.000761114
0.000501234
0.000269059
0.000126853
8.66897e-05
0.000127653
0.000225379
0.000367004
0.000541337
0.00124354
0.0012302
0.00116478
0.00107226
0.000958527
0.000761114
0.000501234
0.000269059
0.000126853
8.66897e-05
0.000127653
0.000225379
0.000367004
0.000541337
0.00124354
0.0012302
0.00116478
0.00107226
0.000958527
0.000761114
0.000501234
0.000269059
0.000126853
8.66897e-05
0.000127653
0.000225379
0.000367004
0.000541337
0.00124354
0.0012302
0.00116478
0.00107226
0.000958527
0.000761114
0.000501234
0.000269059
0.000126853
8.66897e-05
0.000127653
0.000225379
0.000367004
0.000541337
0.00124354
0.0012302
0.00116478
0.00107226
0.000958527
0.000761114
0.000501234
0.000269059
0.000126853
8.66897e-05
0.000127653
0.000225379
0.000367004
0.000541337
0.00124354
0.0012302
0.00116478
0.00107226
0.000958527
0.000761114
0.000501234
0.000269059
0.000126853
8.66897e-05
0.000127653
0.000225379
0.000367004
0.000541337
0.00124354
0.0012302
0.00116478
0.00107226
0.000958527
0.000761114
0.000501234
0.000269059
0.000126853
8.66897e-05
0.000127653
0.000225379
0.000367004
0.000541337
0.00124354
0.0012302
0.00116478
0.00107226
0.000958527
0.000761114
0.000501234
0.000269059
0.000126853
8.66897e-05
0.000127653
0.000225379
0.000367004
0.000541337
0.000621771
0.000617705
0.000598049
0.000574421
0.000538438
0.000446622
0.000308054
0.000173913
8.4334e-05
5.21434e-05
6.93003e-05
0.000123432
0.000207288
0.000313091
0.000621771
0.000582942
0.000283317
0.000515817
0.00189621
0.00365801
0.00516578
0.00558569
0.00427813
0.000990087
0.00316747
0.0050848
0.00230077
0.00454771
0.000621771
0.000580657
0.00035698
7.05623e-05
0.000643822
0.00129513
0.00187472
0.00215143
0.00193784
0.00120126
0.000141782
0.000723576
0.000695751
0.000672171
0.000621771
0.000597187
0.000468813
0.000240801
4.93921e-05
0.000384273
0.000699435
0.000888543
0.000868587
0.000627331
0.000238905
0.000128289
0.000237303
0.000113717
0.000621771
0.000607163
0.000532205
0.000406096
0.000245429
3.85306e-05
0.000179859
0.00033733
0.000378574
0.000293485
0.000118567
7.10982e-05
0.000174327
9.70421e-05
0.000621771
0.000612384
0.000564913
0.00049001
0.000392191
0.000244182
6.75397e-05
7.72774e-05
0.000143934
0.000121547
3.15084e-05
8.55289e-05
0.000179766
0.000203012
0.000621771
0.000615034
0.000581437
0.000532168
0.000465383
0.000345779
0.0001886
4.93599e-05
2.90315e-05
3.48613e-05
1.73459e-05
0.000101766
0.000190891
0.000257411
0.000621771
0.000616368
0.000589733
0.000553284
0.000501928
0.000396292
0.000248521
0.000111889
2.78398e-05
8.60783e-06
4.29552e-05
0.000111947
0.000198446
0.000285078
0.000621771
0.000617036
0.000593889
0.00056385
0.000520188
0.000421479
0.000278335
0.000142963
5.61336e-05
3.03681e-05
5.60381e-05
0.00011753
0.000202708
0.000299039
0.000621771
0.000617371
0.000595968
0.000569135
0.000529314
0.000434056
0.000293206
0.000158453
7.02454e-05
4.12539e-05
6.26471e-05
0.000120442
0.000204959
0.000306054
0.000621771
0.000617538
0.000597009
0.000571778
0.000533876
0.00044034
0.000300633
0.000166187
7.72926e-05
4.66982e-05
6.59682e-05
0.000121927
0.000206113
0.000309569
0.000621771
0.000617622
0.000597529
0.000573099
0.000536157
0.000443481
0.000304344
0.000170051
8.0814e-05
4.94207e-05
6.76329e-05
0.000122677
0.000206698
0.000311329
0.000621771
0.000617664
0.000597789
0.00057376
0.000537297
0.000445052
0.000306199
0.000171982
8.25742e-05
5.0782e-05
6.84663e-05
0.000123054
0.000206992
0.00031221
0.000621771
0.000617685
0.000597919
0.00057409
0.000537868
0.000445837
0.000307126
0.000172947
8.34541e-05
5.14627e-05
6.88832e-05
0.000123243
0.00020714
0.00031265
0.000621771
0.000617695
0.000597984
0.000574255
0.000538153
0.000446229
0.00030759
0.00017343
8.38941e-05
5.1803e-05
6.90918e-05
0.000123338
0.000207214
0.00031287
0.000621771
0.0006177
0.000598016
0.000574338
0.000538295
0.000446425
0.000307822
0.000173671
8.4114e-05
5.19732e-05
6.9196e-05
0.000123385
0.000207251
0.000312981
0.000621771
0.000617703
0.000598033
0.000574379
0.000538367
0.000446523
0.000307938
0.000173792
8.4224e-05
5.20583e-05
6.92482e-05
0.000123409
0.000207269
0.000313036
0.000621771
0.000617704
0.000598041
0.0005744
0.000538402
0.000446573
0.000307996
0.000173852
8.4279e-05
5.21008e-05
6.92743e-05
0.000123421
0.000207279
0.000313063
0.000621771
0.000617705
0.000598045
0.00057441
0.00053842
0.000446597
0.000308025
0.000173882
8.43065e-05
5.21221e-05
6.92873e-05
0.000123427
0.000207283
0.000313077
0.000621771
0.000617705
0.000598047
0.000574415
0.000538429
0.000446609
0.000308039
0.000173897
8.43202e-05
5.21327e-05
6.92938e-05
0.00012343
0.000207285
0.000313084
0.000621771
0.000617705
0.000598048
0.000574418
0.000538433
0.000446615
0.000308046
0.000173905
8.43271e-05
5.2138e-05
6.92971e-05
0.000123431
0.000207287
0.000313087
0.000621771
0.000617705
0.000598048
0.000574419
0.000538436
0.000446619
0.00030805
0.000173909
8.43305e-05
5.21407e-05
6.92987e-05
0.000123432
0.000207287
0.000313089
0.000621771
0.000617705
0.000598049
0.00057442
0.000538437
0.00044662
0.000308052
0.000173911
8.43323e-05
5.2142e-05
6.92995e-05
0.000123432
0.000207288
0.00031309
0.000621771
0.000617705
0.000598049
0.00057442
0.000538437
0.000446621
0.000308053
0.000173912
8.43331e-05
5.21427e-05
6.92999e-05
0.000123432
0.000207288
0.00031309
0.000621771
0.000617705
0.000598049
0.00057442
0.000538438
0.000446621
0.000308053
0.000173912
8.43336e-05
5.2143e-05
6.93001e-05
0.000123432
0.000207288
0.000313091
0.000621771
0.000617705
0.000598049
0.000574421
0.000538438
0.000446621
0.000308053
0.000173912
8.43338e-05
5.21432e-05
6.93002e-05
0.000123432
0.000207288
0.000313091
0.000621771
0.000617705
0.000598049
0.000574421
0.000538438
0.000446621
0.000308053
0.000173912
8.43339e-05
5.21433e-05
6.93003e-05
0.000123432
0.000207288
0.000313091
0.000621771
0.000617705
0.000598049
0.000574421
0.000538438
0.000446622
0.000308054
0.000173912
8.43339e-05
5.21433e-05
6.93003e-05
0.000123432
0.000207288
0.000313091
0.000621771
0.000617705
0.000598049
0.000574421
0.000538438
0.000446622
0.000308054
0.000173912
8.4334e-05
5.21433e-05
6.93003e-05
0.000123432
0.000207288
0.000313091
0.000621771
0.000617705
0.000598049
0.000574421
0.000538438
0.000446622
0.000308054
0.000173913
8.4334e-05
5.21433e-05
6.93003e-05
0.000123432
0.000207288
0.000313091
0.000621771
0.000617705
0.000598049
0.000574421
0.000538438
0.000446622
0.000308054
0.000173913
8.4334e-05
5.21433e-05
6.93003e-05
0.000123432
0.000207288
0.000313091
0.000621771
0.000617705
0.000598049
0.000574421
0.000538438
0.000446622
0.000308054
0.000173913
8.4334e-05
5.21433e-05
6.93003e-05
0.000123432
0.000207288
0.000313091
0.000621771
0.000617705
0.000598049
0.000574421
0.000538438
0.000446622
0.000308054
0.000173913
8.4334e-05
5.21434e-05
6.93003e-05
0.000123432
0.000207288
0.000313091
0.000621771
0.000617705
0.000598049
0.000574421
0.000538438
0.000446622
0.000308054
0.000173913
8.4334e-05
5.21434e-05
6.93003e-05
0.000123432
0.000207288
0.000313091
0.000621771
0.000617705
0.000598049
0.000574421
0.000538438
0.000446622
0.000308054
0.000173913
8.4334e-05
5.21434e-05
6.93003e-05
0.000123432
0.000207288
0.000313091
0.000621771
0.000617705
0.000598049
0.000574421
0.000538438
0.000446622
0.000308054
0.000173913
8.4334e-05
5.21434e-05
6.93003e-05
0.000123432
0.000207288
0.000313091
0.000621771
0.000617705
0.000598049
0.000574421
0.000538438
0.000446622
0.000308054
0.000173913
8.4334e-05
5.21434e-05
6.93003e-05
0.000123432
0.000207288
0.000313091
0.000621771
0.000617705
0.000598049
0.000574421
0.000538438
0.000446622
0.000308054
0.000173913
8.4334e-05
5.21434e-05
6.93003e-05
0.000123432
0.000207288
0.000313091
0.000621771
0.000617705
0.000598049
0.000574421
0.000538438
0.000446622
0.000308054
0.000173913
8.4334e-05
5.21434e-05
6.93003e-05
0.000123432
0.000207288
0.000313091
0.000621771
0.000617705
0.000598049
0.000574421
0.000538438
0.000446622
0.000308054
0.000173913
8.4334e-05
5.21434e-05
6.93003e-05
0.000123432
0.000207288
0.000313091
0.000621771
0.000617705
0.000598049
0.000574421
0.000538438
0.000446622
0.000308054
0.000173913
8.4334e-05
5.21434e-05
6.93003e-05
0.000123432
0.000207288
0.000313091
0.000621771
0.000617705
0.000598049
0.000574421
0.000538438
0.000446622
0.000308054
0.000173913
8.4334e-05
5.21434e-05
6.93003e-05
0.000123432
0.000207288
0.000313091
0.000621771
0.000617705
0.000598049
0.000574421
0.000538438
0.000446622
0.000308054
0.000173913
8.4334e-05
5.21434e-05
6.93003e-05
0.000123432
0.000207288
0.000313091
0.000621771
0.000617705
0.000598049
0.000574421
0.000538438
0.000446622
0.000308054
0.000173913
8.4334e-05
5.21434e-05
6.93003e-05
0.000123432
0.000207288
0.000313091
0.000621771
0.000617705
0.000598049
0.000574421
0.000538438
0.000446622
0.000308054
0.000173913
8.4334e-05
5.21434e-05
6.93003e-05
0.000123432
0.000207288
0.000313091
0.000621771
0.000617705
0.000598049
0.000574421
0.000538438
0.000446622
0.000308054
0.000173913
8.4334e-05
5.21434e-05
6.93003e-05
0.000123432
0.000207288
0.000313091
0.000621771
0.000617705
0.000598049
0.000574421
0.000538438
0.000446622
0.000308054
0.000173913
8.4334e-05
5.21434e-05
6.93003e-05
0.000123432
0.000207288
0.000313091
0.000621771
0.000617705
0.000598049
0.000574421
0.000538438
0.000446622
0.000308054
0.000173913
8.4334e-05
5.21434e-05
6.93003e-05
0.000123432
0.000207288
0.000313091
0.000621771
0.000617705
0.000598049
0.000574421
0.000538438
0.000446622
0.000308054
0.000173913
8.4334e-05
5.21434e-05
6.93003e-05
0.000123432
0.000207288
0.000313091
0.000621771
0.000617705
0.000598049
0.000574421
0.000538438
0.000446622
0.000308054
0.000173913
8.4334e-05
5.21434e-05
6.93003e-05
0.000123432
0.000207288
0.000313091
0.000621771
0.000617705
0.000598049
0.000574421
0.000538438
0.000446622
0.000308054
0.000173913
8.4334e-05
5.21434e-05
6.93003e-05
0.000123432
0.000207288
0.000313091
0.000621771
0.000617705
0.000598049
0.000574421
0.000538438
0.000446622
0.000308054
0.000173913
8.4334e-05
5.21434e-05
6.93003e-05
0.000123432
0.000207288
0.000313091
0.000621771
0.000617705
0.000598049
0.000574421
0.000538438
0.000446622
0.000308054
0.000173913
8.4334e-05
5.21434e-05
6.93003e-05
0.000123432
0.000207288
0.000313091
0.000621771
0.000617705
0.000598049
0.000574421
0.000538438
0.000446622
0.000308054
0.000173913
8.4334e-05
5.21434e-05
6.93003e-05
0.000123432
0.000207288
0.000313091
0.000621771
0.000617705
0.000598049
0.000574421
0.000538438
0.000446622
0.000308054
0.000173913
8.4334e-05
5.21434e-05
6.93003e-05
0.000123432
0.000207288
0.000313091
0.000621771
0.000617705
0.000598049
0.000574421
0.000538438
0.000446622
0.000308054
0.000173913
8.4334e-05
5.21434e-05
6.93003e-05
0.000123432
0.000207288
0.000313091
0.000621771
0.000617705
0.000598049
0.000574421
0.000538438
0.000446622
0.000308054
0.000173913
8.4334e-05
5.21434e-05
6.93003e-05
0.000123432
0.000207288
0.000313091
0.000621771
0.000617705
0.000598049
0.000574421
0.000538438
0.000446622
0.000308054
0.000173913
8.4334e-05
5.21434e-05
6.93003e-05
0.000123432
0.000207288
0.000313091
0.000621771
0.000617705
0.000598049
0.000574421
0.000538438
0.000446622
0.000308054
0.000173913
8.4334e-05
5.21434e-05
6.93003e-05
0.000123432
0.000207288
0.000313091
0.000621771
0.000617705
0.000598049
0.000574421
0.000538438
0.000446622
0.000308054
0.000173913
8.4334e-05
5.21434e-05
6.93003e-05
0.000123432
0.000207288
0.000313091
0.000621771
0.000617705
0.000598049
0.000574421
0.000538438
0.000446622
0.000308054
0.000173913
8.4334e-05
5.21434e-05
6.93003e-05
0.000123432
0.000207288
0.000313091
0.000621771
0.000617705
0.000598049
0.000574421
0.000538438
0.000446622
0.000308054
0.000173913
8.4334e-05
5.21434e-05
6.93003e-05
0.000123432
0.000207288
0.000313091
0.000621771
0.000617705
0.000598049
0.000574421
0.000538438
0.000446622
0.000308054
0.000173913
8.4334e-05
5.21434e-05
6.93003e-05
0.000123432
0.000207288
0.000313091
0.000621771
0.000617705
0.000598049
0.000574421
0.000538438
0.000446622
0.000308054
0.000173913
8.4334e-05
5.21434e-05
6.93003e-05
0.000123432
0.000207288
0.000313091
0.000621771
0.000617705
0.000598049
0.000574421
0.000538438
0.000446622
0.000308054
0.000173913
8.4334e-05
5.21434e-05
6.93003e-05
0.000123432
0.000207288
0.000313091
0.000621771
0.000617705
0.000598049
0.000574421
0.000538438
0.000446622
0.000308054
0.000173913
8.4334e-05
5.21434e-05
6.93003e-05
0.000123432
0.000207288
0.000313091
0.000621771
0.000617705
0.000598049
0.000574421
0.000538438
0.000446622
0.000308054
0.000173913
8.4334e-05
5.21434e-05
6.93003e-05
0.000123432
0.000207288
0.000313091
0.000621771
0.000617705
0.000598049
0.000574421
0.000538438
0.000446622
0.000308054
0.000173913
8.4334e-05
5.21434e-05
6.93003e-05
0.000123432
0.000207288
0.000313091
0.000621771
0.000617705
0.000598049
0.000574421
0.000538438
0.000446622
0.000308054
0.000173913
8.4334e-05
5.21434e-05
6.93003e-05
0.000123432
0.000207288
0.000313091
0.000621771
0.000617705
0.000598049
0.000574421
0.000538438
0.000446622
0.000308054
0.000173913
8.4334e-05
5.21434e-05
6.93003e-05
0.000123432
0.000207288
0.000313091
0.000621771
0.000617705
0.000598049
0.000574421
0.000538438
0.000446622
0.000308054
0.000173913
8.4334e-05
5.21434e-05
6.93003e-05
0.000123432
0.000207288
0.000313091
0.000621771
0.000617705
0.000598049
0.000574421
0.000538438
0.000446622
0.000308054
0.000173913
8.4334e-05
5.21434e-05
6.93003e-05
0.000123432
0.000207288
0.000313091
0.000621771
0.000617705
0.000598049
0.000574421
0.000538438
0.000446622
0.000308054
0.000173913
8.4334e-05
5.21434e-05
6.93003e-05
0.000123432
0.000207288
0.000313091
0.000621771
0.000617705
0.000598049
0.000574421
0.000538438
0.000446622
0.000308054
0.000173913
8.4334e-05
5.21434e-05
6.93003e-05
0.000123432
0.000207288
0.000313091
0.000621771
0.000617705
0.000598049
0.000574421
0.000538438
0.000446622
0.000308054
0.000173913
8.4334e-05
5.21434e-05
6.93003e-05
0.000123432
0.000207288
0.000313091
0.000621771
0.000617705
0.000598049
0.000574421
0.000538438
0.000446622
0.000308054
0.000173913
8.4334e-05
5.21434e-05
6.93003e-05
0.000123432
0.000207288
0.000313091
0.000621771
0.000617705
0.000598049
0.000574421
0.000538438
0.000446622
0.000308054
0.000173913
8.4334e-05
5.21434e-05
6.93003e-05
0.000123432
0.000207288
0.000313091
0.000621771
0.000617705
0.000598049
0.000574421
0.000538438
0.000446622
0.000308054
0.000173913
8.4334e-05
5.21434e-05
6.93003e-05
0.000123432
0.000207288
0.000313091
0.000621771
0.000617705
0.000598049
0.000574421
0.000538438
0.000446622
0.000308054
0.000173913
8.4334e-05
5.21434e-05
6.93003e-05
0.000123432
0.000207288
0.000313091
0.000621771
0.000617705
0.000598049
0.000574421
0.000538438
0.000446622
0.000308054
0.000173913
8.4334e-05
5.21434e-05
6.93003e-05
0.000123432
0.000207288
0.000313091
0.000621771
0.000617705
0.000598049
0.000574421
0.000538438
0.000446622
0.000308054
0.000173913
8.4334e-05
5.21434e-05
6.93003e-05
0.000123432
0.000207288
0.000313091
0.000621771
0.000617705
0.000598049
0.000574421
0.000538438
0.000446622
0.000308054
0.000173913
8.4334e-05
5.21434e-05
6.93003e-05
0.000123432
0.000207288
0.000313091
0.000621771
0.000617705
0.000598049
0.000574421
0.000538438
0.000446622
0.000308054
0.000173913
8.4334e-05
5.21434e-05
6.93003e-05
0.000123432
0.000207288
0.000313091
0.000621771
0.000617705
0.000598049
0.000574421
0.000538438
0.000446622
0.000308054
0.000173913
8.4334e-05
5.21434e-05
6.93003e-05
0.000123432
0.000207288
0.000313091
0.000621771
0.000617705
0.000598049
0.000574421
0.000538438
0.000446622
0.000308054
0.000173913
8.4334e-05
5.21434e-05
6.93003e-05
0.000123432
0.000207288
0.000313091
0.000621771
0.000617705
0.000598049
0.000574421
0.000538438
0.000446622
0.000308054
0.000173913
8.4334e-05
5.21434e-05
6.93003e-05
0.000123432
0.000207288
0.000313091
0.000621771
0.000617705
0.000598049
0.000574421
0.000538438
0.000446622
0.000308054
0.000173913
8.4334e-05
5.21434e-05
6.93003e-05
0.000123432
0.000207288
0.000313091
0.000621771
0.000617705
0.000598049
0.000574421
0.000538438
0.000446622
0.000308054
0.000173913
8.4334e-05
5.21434e-05
6.93003e-05
0.000123432
0.000207288
0.000313091
0.000621771
0.000617705
0.000598049
0.000574421
0.000538438
0.000446622
0.000308054
0.000173913
8.4334e-05
5.21434e-05
6.93003e-05
0.000123432
0.000207288
0.000313091
0.000621771
0.000617705
0.000598049
0.000574421
0.000538438
0.000446622
0.000308054
0.000173913
8.4334e-05
5.21434e-05
6.93003e-05
0.000123432
0.000207288
0.000313091
0.000621771
0.000617705
0.000598049
0.000574421
0.000538438
0.000446622
0.000308054
0.000173913
8.4334e-05
5.21434e-05
6.93003e-05
0.000123432
0.000207288
0.000313091
0.000621771
0.000617705
0.000598049
0.000574421
0.000538438
0.000446622
0.000308054
0.000173913
8.4334e-05
5.21434e-05
6.93003e-05
0.000123432
0.000207288
0.000313091
0.000621771
0.000617705
0.000598049
0.000574421
0.000538438
0.000446622
0.000308054
0.000173913
8.4334e-05
5.21434e-05
6.93003e-05
0.000123432
0.000207288
0.000313091
0.000621771
0.000617705
0.000598049
0.000574421
0.000538438
0.000446622
0.000308054
0.000173913
8.4334e-05
5.21434e-05
6.93003e-05
0.000123432
0.000207288
0.000313091
0.000621771
0.000617705
0.000598049
0.000574421
0.000538438
0.000446622
0.000308054
0.000173913
8.4334e-05
5.21434e-05
6.93003e-05
0.000123432
0.000207288
0.000313091
0.000621771
0.000617705
0.000598049
0.000574421
0.000538438
0.000446622
0.000308054
0.000173913
8.4334e-05
5.21434e-05
6.93003e-05
0.000123432
0.000207288
0.000313091
0.000621771
0.000617705
0.000598049
0.000574421
0.000538438
0.000446622
0.000308054
0.000173913
8.4334e-05
5.21434e-05
6.93003e-05
0.000123432
0.000207288
0.000313091
0.000621771
0.000617705
0.000598049
0.000574421
0.000538438
0.000446622
0.000308054
0.000173913
8.4334e-05
5.21434e-05
6.93003e-05
0.000123432
0.000207288
0.000313091
0.000621771
0.000617705
0.000598049
0.000574421
0.000538438
0.000446622
0.000308054
0.000173913
8.4334e-05
5.21434e-05
6.93003e-05
0.000123432
0.000207288
0.000313091
0.000621771
0.000617705
0.000598049
0.000574421
0.000538438
0.000446622
0.000308054
0.000173913
8.4334e-05
5.21434e-05
6.93003e-05
0.000123432
0.000207288
0.000313091
0.000621771
0.000617705
0.000598049
0.000574421
0.000538438
0.000446622
0.000308054
0.000173913
8.4334e-05
5.21434e-05
6.93003e-05
0.000123432
0.000207288
0.000313091
0.000621771
0.000617705
0.000598049
0.000574421
0.000538438
0.000446622
0.000308054
0.000173913
8.4334e-05
5.21434e-05
6.93003e-05
0.000123432
0.000207288
0.000313091
0.000621771
0.000617705
0.000598049
0.000574421
0.000538438
0.000446622
0.000308054
0.000173913
8.4334e-05
5.21434e-05
6.93003e-05
0.000123432
0.000207288
0.000313091
0.000621771
0.000617705
0.000598049
0.000574421
0.000538438
0.000446622
0.000308054
0.000173913
8.4334e-05
5.21434e-05
6.93003e-05
0.000123432
0.000207288
0.000313091
0.000621771
0.000617705
0.000598049
0.000574421
0.000538438
0.000446622
0.000308054
0.000173913
8.4334e-05
5.21434e-05
6.93003e-05
0.000123432
0.000207288
0.000313091
0.000621771
0.000617705
0.000598049
0.000574421
0.000538438
0.000446622
0.000308054
0.000173913
8.4334e-05
5.21434e-05
6.93003e-05
0.000123432
0.000207288
0.000313091
0.000621771
0.000617705
0.000598049
0.000574421
0.000538438
0.000446622
0.000308054
0.000173913
8.4334e-05
5.21434e-05
6.93003e-05
0.000123432
0.000207288
0.000313091
0.000621771
0.000617705
0.000598049
0.000574421
0.000538438
0.000446622
0.000308054
0.000173913
8.4334e-05
5.21434e-05
6.93003e-05
0.000123432
0.000207288
0.000313091
0.000621771
0.000617705
0.000598049
0.000574421
0.000538438
0.000446622
0.000308054
0.000173913
8.4334e-05
5.21434e-05
6.93003e-05
0.000123432
0.000207288
0.000313091
0.000621771
0.000617705
0.000598049
0.000574421
0.000538438
0.000446622
0.000308054
0.000173913
8.4334e-05
5.21434e-05
6.93003e-05
0.000123432
0.000207288
0.000313091
0.000621771
0.000617705
0.000598049
0.000574421
0.000538438
0.000446622
0.000308054
0.000173913
8.4334e-05
5.21434e-05
6.93003e-05
0.000123432
0.000207288
0.000313091
0.000621771
0.000617705
0.000598049
0.000574421
0.000538438
0.000446622
0.000308054
0.000173913
8.4334e-05
5.21434e-05
6.93003e-05
0.000123432
0.000207288
0.000313091
0.000621771
0.000617705
0.000598049
0.000574421
0.000538438
0.000446622
0.000308054
0.000173913
8.4334e-05
5.21434e-05
6.93003e-05
0.000123432
0.000207288
0.000313091
0.000621771
0.000617705
0.000598049
0.000574421
0.000538438
0.000446622
0.000308054
0.000173913
8.4334e-05
5.21434e-05
6.93003e-05
0.000123432
0.000207288
0.000313091
0.000621771
0.000617705
0.000598049
0.000574421
0.000538438
0.000446622
0.000308054
0.000173913
8.4334e-05
5.21434e-05
6.93003e-05
0.000123432
0.000207288
0.000313091
0.000621771
0.000617705
0.000598049
0.000574421
0.000538438
0.000446622
0.000308054
0.000173913
8.4334e-05
5.21434e-05
6.93003e-05
0.000123432
0.000207288
0.000313091
0.000621771
0.000617705
0.000598049
0.000574421
0.000538438
0.000446622
0.000308054
0.000173913
8.4334e-05
5.21434e-05
6.93003e-05
0.000123432
0.000207288
0.000313091
0.000621771
0.000617705
0.000598049
0.000574421
0.000538438
0.000446622
0.000308054
0.000173913
8.4334e-05
5.21434e-05
6.93003e-05
0.000123432
0.000207288
0.000313091
0.000621771
0.000617705
0.000598049
0.000574421
0.000538438
0.000446622
0.000308054
0.000173913
8.4334e-05
5.21434e-05
6.93003e-05
0.000123432
0.000207288
0.000313091
0.000621771
0.000617705
0.000598049
0.000574421
0.000538438
0.000446622
0.000308054
0.000173913
8.4334e-05
5.21434e-05
6.93003e-05
0.000123432
0.000207288
0.000313091
0.000621771
0.000617705
0.000598049
0.000574421
0.000538438
0.000446622
0.000308054
0.000173913
8.4334e-05
5.21434e-05
6.93003e-05
0.000123432
0.000207288
0.000313091
0.000414514
0.000411803
0.000398696
0.000382942
0.000358958
0.00029776
0.000205398
0.000115981
5.6258e-05
3.47783e-05
4.61831e-05
8.22269e-05
0.000138079
0.000208567
0.000414514
0.00039399
0.000220099
0.000272778
0.00116157
0.00233225
0.00336354
0.00368749
0.0028653
0.000710523
0.00208407
0.00345795
0.0017356
0.00281143
0.000414514
0.00038919
0.000250162
1.87583e-05
0.000386087
0.000813372
0.00120332
0.00139962
0.00127213
0.000792902
8.90795e-05
0.000499184
0.000503758
0.000383801
0.000414514
0.000399052
0.000318014
0.000173465
1.27112e-05
0.000231895
0.000442494
0.000572881
0.000565613
0.00040997
0.000153119
9.40398e-05
0.000173258
5.22105e-05
0.000414514
0.000405214
0.000357403
0.000276931
0.000173434
3.76578e-05
0.000107929
0.000214749
0.000244985
0.000190728
7.53022e-05
5.18062e-05
0.000123066
7.50256e-05
0.000414514
0.000408469
0.000377875
0.000329709
0.000266297
0.000168735
5.10391e-05
4.63502e-05
9.20975e-05
7.83855e-05
1.8993e-05
5.92444e-05
0.000123102
0.00014015
0.000414514
0.000410127
0.000388249
0.000356279
0.000312656
0.000233488
0.000128756
3.55284e-05
1.73741e-05
2.18693e-05
1.2597e-05
6.89396e-05
0.000128811
0.00017387
0.000414514
0.000410963
0.000393464
0.0003696
0.000335815
0.000265682
0.000167206
7.59274e-05
1.95757e-05
6.4422e-06
2.91533e-05
7.51516e-05
0.000133011
0.000191088
0.000414514
0.000411383
0.000396078
0.000376269
0.000347388
0.000281735
0.000186334
9.59965e-05
3.795e-05
2.06077e-05
3.76106e-05
7.85835e-05
0.000135438
0.000199794
0.000414514
0.000411593
0.000397387
0.000379605
0.000353174
0.000289751
0.000195874
0.000105999
4.71122e-05
2.76924e-05
4.18826e-05
8.0379e-05
0.000136732
0.000204172
0.000414514
0.000411698
0.000398041
0.000381274
0.000356066
0.000293756
0.000200638
0.000110992
5.16872e-05
3.12352e-05
4.40293e-05
8.12964e-05
0.000137399
0.000206367
0.000414514
0.00041175
0.000398369
0.000382108
0.000357512
0.000295758
0.000203018
0.000113487
5.39731e-05
3.30067e-05
4.51053e-05
8.176e-05
0.000137738
0.000207466
0.000414514
0.000411777
0.000398533
0.000382525
0.000358235
0.000296759
0.000204208
0.000114734
5.51157e-05
3.38925e-05
4.5644e-05
8.1993e-05
0.000137908
0.000208016
0.000414514
0.00041179
0.000398614
0.000382734
0.000358596
0.00029726
0.000204803
0.000115357
5.56869e-05
3.43354e-05
4.59135e-05
8.21099e-05
0.000137994
0.000208291
0.000414514
0.000411796
0.000398655
0.000382838
0.000358777
0.00029751
0.0002051
0.000115669
5.59725e-05
3.45568e-05
4.60483e-05
8.21683e-05
0.000138036
0.000208429
0.000414514
0.0004118
0.000398676
0.00038289
0.000358868
0.000297635
0.000205249
0.000115825
5.61152e-05
3.46676e-05
4.61157e-05
8.21976e-05
0.000138058
0.000208498
0.000414514
0.000411801
0.000398686
0.000382916
0.000358913
0.000297697
0.000205323
0.000115903
5.61866e-05
3.47229e-05
4.61494e-05
8.22122e-05
0.000138069
0.000208532
0.000414514
0.000411802
0.000398691
0.000382929
0.000358935
0.000297729
0.00020536
0.000115942
5.62223e-05
3.47506e-05
4.61662e-05
8.22196e-05
0.000138074
0.000208549
0.000414514
0.000411803
0.000398694
0.000382936
0.000358947
0.000297744
0.000205379
0.000115961
5.62402e-05
3.47645e-05
4.61746e-05
8.22232e-05
0.000138077
0.000208558
0.000414514
0.000411803
0.000398695
0.000382939
0.000358952
0.000297752
0.000205388
0.000115971
5.62491e-05
3.47714e-05
4.61789e-05
8.22251e-05
0.000138078
0.000208562
0.000414514
0.000411803
0.000398696
0.000382941
0.000358955
0.000297756
0.000205393
0.000115976
5.62536e-05
3.47748e-05
4.6181e-05
8.2226e-05
0.000138079
0.000208564
0.000414514
0.000411803
0.000398696
0.000382942
0.000358957
0.000297758
0.000205395
0.000115978
5.62558e-05
3.47766e-05
4.6182e-05
8.22264e-05
0.000138079
0.000208566
0.000414514
0.000411803
0.000398696
0.000382942
0.000358957
0.000297759
0.000205396
0.000115979
5.62569e-05
3.47774e-05
4.61825e-05
8.22267e-05
0.000138079
0.000208566
0.000414514
0.000411803
0.000398696
0.000382942
0.000358958
0.000297759
0.000205397
0.00011598
5.62575e-05
3.47779e-05
4.61828e-05
8.22268e-05
0.000138079
0.000208566
0.000414514
0.000411803
0.000398696
0.000382942
0.000358958
0.00029776
0.000205397
0.00011598
5.62577e-05
3.47781e-05
4.61829e-05
8.22268e-05
0.000138079
0.000208566
0.000414514
0.000411803
0.000398696
0.000382942
0.000358958
0.00029776
0.000205397
0.00011598
5.62579e-05
3.47782e-05
4.6183e-05
8.22269e-05
0.000138079
0.000208567
0.000414514
0.000411803
0.000398696
0.000382942
0.000358958
0.00029776
0.000205398
0.00011598
5.6258e-05
3.47782e-05
4.6183e-05
8.22269e-05
0.000138079
0.000208567
0.000414514
0.000411803
0.000398696
0.000382942
0.000358958
0.00029776
0.000205398
0.000115981
5.6258e-05
3.47783e-05
4.61831e-05
8.22269e-05
0.000138079
0.000208567
0.000414514
0.000411803
0.000398696
0.000382942
0.000358958
0.00029776
0.000205398
0.000115981
5.6258e-05
3.47783e-05
4.61831e-05
8.22269e-05
0.000138079
0.000208567
0.000414514
0.000411803
0.000398696
0.000382942
0.000358958
0.00029776
0.000205398
0.000115981
5.6258e-05
3.47783e-05
4.61831e-05
8.22269e-05
0.000138079
0.000208567
0.000414514
0.000411803
0.000398696
0.000382942
0.000358958
0.00029776
0.000205398
0.000115981
5.6258e-05
3.47783e-05
4.61831e-05
8.22269e-05
0.000138079
0.000208567
0.000414514
0.000411803
0.000398696
0.000382942
0.000358958
0.00029776
0.000205398
0.000115981
5.6258e-05
3.47783e-05
4.61831e-05
8.22269e-05
0.000138079
0.000208567
0.000414514
0.000411803
0.000398696
0.000382942
0.000358958
0.00029776
0.000205398
0.000115981
5.6258e-05
3.47783e-05
4.61831e-05
8.22269e-05
0.000138079
0.000208567
0.000414514
0.000411803
0.000398696
0.000382942
0.000358958
0.00029776
0.000205398
0.000115981
5.6258e-05
3.47783e-05
4.61831e-05
8.22269e-05
0.000138079
0.000208567
0.000414514
0.000411803
0.000398696
0.000382942
0.000358958
0.00029776
0.000205398
0.000115981
5.6258e-05
3.47783e-05
4.61831e-05
8.22269e-05
0.000138079
0.000208567
0.000414514
0.000411803
0.000398696
0.000382942
0.000358958
0.00029776
0.000205398
0.000115981
5.6258e-05
3.47783e-05
4.61831e-05
8.22269e-05
0.000138079
0.000208567
0.000414514
0.000411803
0.000398696
0.000382942
0.000358958
0.00029776
0.000205398
0.000115981
5.6258e-05
3.47783e-05
4.61831e-05
8.22269e-05
0.000138079
0.000208567
0.000414514
0.000411803
0.000398696
0.000382942
0.000358958
0.00029776
0.000205398
0.000115981
5.6258e-05
3.47783e-05
4.61831e-05
8.22269e-05
0.000138079
0.000208567
0.000414514
0.000411803
0.000398696
0.000382942
0.000358958
0.00029776
0.000205398
0.000115981
5.6258e-05
3.47783e-05
4.61831e-05
8.22269e-05
0.000138079
0.000208567
0.000414514
0.000411803
0.000398696
0.000382942
0.000358958
0.00029776
0.000205398
0.000115981
5.6258e-05
3.47783e-05
4.61831e-05
8.22269e-05
0.000138079
0.000208567
0.000414514
0.000411803
0.000398696
0.000382942
0.000358958
0.00029776
0.000205398
0.000115981
5.6258e-05
3.47783e-05
4.61831e-05
8.22269e-05
0.000138079
0.000208567
0.000414514
0.000411803
0.000398696
0.000382942
0.000358958
0.00029776
0.000205398
0.000115981
5.6258e-05
3.47783e-05
4.61831e-05
8.22269e-05
0.000138079
0.000208567
0.000414514
0.000411803
0.000398696
0.000382942
0.000358958
0.00029776
0.000205398
0.000115981
5.6258e-05
3.47783e-05
4.61831e-05
8.22269e-05
0.000138079
0.000208567
0.000414514
0.000411803
0.000398696
0.000382942
0.000358958
0.00029776
0.000205398
0.000115981
5.6258e-05
3.47783e-05
4.61831e-05
8.22269e-05
0.000138079
0.000208567
0.000414514
0.000411803
0.000398696
0.000382942
0.000358958
0.00029776
0.000205398
0.000115981
5.6258e-05
3.47783e-05
4.61831e-05
8.22269e-05
0.000138079
0.000208567
0.000414514
0.000411803
0.000398696
0.000382942
0.000358958
0.00029776
0.000205398
0.000115981
5.6258e-05
3.47783e-05
4.61831e-05
8.22269e-05
0.000138079
0.000208567
0.000414514
0.000411803
0.000398696
0.000382942
0.000358958
0.00029776
0.000205398
0.000115981
5.6258e-05
3.47783e-05
4.61831e-05
8.22269e-05
0.000138079
0.000208567
0.000414514
0.000411803
0.000398696
0.000382942
0.000358958
0.00029776
0.000205398
0.000115981
5.6258e-05
3.47783e-05
4.61831e-05
8.22269e-05
0.000138079
0.000208567
0.000414514
0.000411803
0.000398696
0.000382942
0.000358958
0.00029776
0.000205398
0.000115981
5.6258e-05
3.47783e-05
4.61831e-05
8.22269e-05
0.000138079
0.000208567
0.000414514
0.000411803
0.000398696
0.000382942
0.000358958
0.00029776
0.000205398
0.000115981
5.6258e-05
3.47783e-05
4.61831e-05
8.22269e-05
0.000138079
0.000208567
0.000414514
0.000411803
0.000398696
0.000382942
0.000358958
0.00029776
0.000205398
0.000115981
5.6258e-05
3.47783e-05
4.61831e-05
8.22269e-05
0.000138079
0.000208567
0.000414514
0.000411803
0.000398696
0.000382942
0.000358958
0.00029776
0.000205398
0.000115981
5.6258e-05
3.47783e-05
4.61831e-05
8.22269e-05
0.000138079
0.000208567
0.000414514
0.000411803
0.000398696
0.000382942
0.000358958
0.00029776
0.000205398
0.000115981
5.6258e-05
3.47783e-05
4.61831e-05
8.22269e-05
0.000138079
0.000208567
0.000414514
0.000411803
0.000398696
0.000382942
0.000358958
0.00029776
0.000205398
0.000115981
5.6258e-05
3.47783e-05
4.61831e-05
8.22269e-05
0.000138079
0.000208567
0.000414514
0.000411803
0.000398696
0.000382942
0.000358958
0.00029776
0.000205398
0.000115981
5.6258e-05
3.47783e-05
4.61831e-05
8.22269e-05
0.000138079
0.000208567
0.000414514
0.000411803
0.000398696
0.000382942
0.000358958
0.00029776
0.000205398
0.000115981
5.6258e-05
3.47783e-05
4.61831e-05
8.22269e-05
0.000138079
0.000208567
0.000414514
0.000411803
0.000398696
0.000382942
0.000358958
0.00029776
0.000205398
0.000115981
5.6258e-05
3.47783e-05
4.61831e-05
8.22269e-05
0.000138079
0.000208567
0.000414514
0.000411803
0.000398696
0.000382942
0.000358958
0.00029776
0.000205398
0.000115981
5.6258e-05
3.47783e-05
4.61831e-05
8.22269e-05
0.000138079
0.000208567
0.000414514
0.000411803
0.000398696
0.000382942
0.000358958
0.00029776
0.000205398
0.000115981
5.6258e-05
3.47783e-05
4.61831e-05
8.22269e-05
0.000138079
0.000208567
0.000414514
0.000411803
0.000398696
0.000382942
0.000358958
0.00029776
0.000205398
0.000115981
5.6258e-05
3.47783e-05
4.61831e-05
8.22269e-05
0.000138079
0.000208567
0.000414514
0.000411803
0.000398696
0.000382942
0.000358958
0.00029776
0.000205398
0.000115981
5.6258e-05
3.47783e-05
4.61831e-05
8.22269e-05
0.000138079
0.000208567
0.000414514
0.000411803
0.000398696
0.000382942
0.000358958
0.00029776
0.000205398
0.000115981
5.6258e-05
3.47783e-05
4.61831e-05
8.22269e-05
0.000138079
0.000208567
0.000414514
0.000411803
0.000398696
0.000382942
0.000358958
0.00029776
0.000205398
0.000115981
5.6258e-05
3.47783e-05
4.61831e-05
8.22269e-05
0.000138079
0.000208567
0.000414514
0.000411803
0.000398696
0.000382942
0.000358958
0.00029776
0.000205398
0.000115981
5.6258e-05
3.47783e-05
4.61831e-05
8.22269e-05
0.000138079
0.000208567
0.000414514
0.000411803
0.000398696
0.000382942
0.000358958
0.00029776
0.000205398
0.000115981
5.6258e-05
3.47783e-05
4.61831e-05
8.22269e-05
0.000138079
0.000208567
0.000414514
0.000411803
0.000398696
0.000382942
0.000358958
0.00029776
0.000205398
0.000115981
5.6258e-05
3.47783e-05
4.61831e-05
8.22269e-05
0.000138079
0.000208567
0.000414514
0.000411803
0.000398696
0.000382942
0.000358958
0.00029776
0.000205398
0.000115981
5.6258e-05
3.47783e-05
4.61831e-05
8.22269e-05
0.000138079
0.000208567
0.000414514
0.000411803
0.000398696
0.000382942
0.000358958
0.00029776
0.000205398
0.000115981
5.6258e-05
3.47783e-05
4.61831e-05
8.22269e-05
0.000138079
0.000208567
0.000414514
0.000411803
0.000398696
0.000382942
0.000358958
0.00029776
0.000205398
0.000115981
5.6258e-05
3.47783e-05
4.61831e-05
8.22269e-05
0.000138079
0.000208567
0.000414514
0.000411803
0.000398696
0.000382942
0.000358958
0.00029776
0.000205398
0.000115981
5.6258e-05
3.47783e-05
4.61831e-05
8.22269e-05
0.000138079
0.000208567
0.000414514
0.000411803
0.000398696
0.000382942
0.000358958
0.00029776
0.000205398
0.000115981
5.6258e-05
3.47783e-05
4.61831e-05
8.22269e-05
0.000138079
0.000208567
0.000414514
0.000411803
0.000398696
0.000382942
0.000358958
0.00029776
0.000205398
0.000115981
5.6258e-05
3.47783e-05
4.61831e-05
8.22269e-05
0.000138079
0.000208567
0.000414514
0.000411803
0.000398696
0.000382942
0.000358958
0.00029776
0.000205398
0.000115981
5.6258e-05
3.47783e-05
4.61831e-05
8.22269e-05
0.000138079
0.000208567
0.000414514
0.000411803
0.000398696
0.000382942
0.000358958
0.00029776
0.000205398
0.000115981
5.6258e-05
3.47783e-05
4.61831e-05
8.22269e-05
0.000138079
0.000208567
0.000414514
0.000411803
0.000398696
0.000382942
0.000358958
0.00029776
0.000205398
0.000115981
5.6258e-05
3.47783e-05
4.61831e-05
8.22269e-05
0.000138079
0.000208567
0.000414514
0.000411803
0.000398696
0.000382942
0.000358958
0.00029776
0.000205398
0.000115981
5.6258e-05
3.47783e-05
4.61831e-05
8.22269e-05
0.000138079
0.000208567
0.000414514
0.000411803
0.000398696
0.000382942
0.000358958
0.00029776
0.000205398
0.000115981
5.6258e-05
3.47783e-05
4.61831e-05
8.22269e-05
0.000138079
0.000208567
0.000414514
0.000411803
0.000398696
0.000382942
0.000358958
0.00029776
0.000205398
0.000115981
5.6258e-05
3.47783e-05
4.61831e-05
8.22269e-05
0.000138079
0.000208567
0.000414514
0.000411803
0.000398696
0.000382942
0.000358958
0.00029776
0.000205398
0.000115981
5.6258e-05
3.47783e-05
4.61831e-05
8.22269e-05
0.000138079
0.000208567
0.000414514
0.000411803
0.000398696
0.000382942
0.000358958
0.00029776
0.000205398
0.000115981
5.6258e-05
3.47783e-05
4.61831e-05
8.22269e-05
0.000138079
0.000208567
0.000414514
0.000411803
0.000398696
0.000382942
0.000358958
0.00029776
0.000205398
0.000115981
5.6258e-05
3.47783e-05
4.61831e-05
8.22269e-05
0.000138079
0.000208567
0.000414514
0.000411803
0.000398696
0.000382942
0.000358958
0.00029776
0.000205398
0.000115981
5.6258e-05
3.47783e-05
4.61831e-05
8.22269e-05
0.000138079
0.000208567
0.000414514
0.000411803
0.000398696
0.000382942
0.000358958
0.00029776
0.000205398
0.000115981
5.6258e-05
3.47783e-05
4.61831e-05
8.22269e-05
0.000138079
0.000208567
0.000414514
0.000411803
0.000398696
0.000382942
0.000358958
0.00029776
0.000205398
0.000115981
5.6258e-05
3.47783e-05
4.61831e-05
8.22269e-05
0.000138079
0.000208567
0.000414514
0.000411803
0.000398696
0.000382942
0.000358958
0.00029776
0.000205398
0.000115981
5.6258e-05
3.47783e-05
4.61831e-05
8.22269e-05
0.000138079
0.000208567
0.000414514
0.000411803
0.000398696
0.000382942
0.000358958
0.00029776
0.000205398
0.000115981
5.6258e-05
3.47783e-05
4.61831e-05
8.22269e-05
0.000138079
0.000208567
0.000414514
0.000411803
0.000398696
0.000382942
0.000358958
0.00029776
0.000205398
0.000115981
5.6258e-05
3.47783e-05
4.61831e-05
8.22269e-05
0.000138079
0.000208567
0.000414514
0.000411803
0.000398696
0.000382942
0.000358958
0.00029776
0.000205398
0.000115981
5.6258e-05
3.47783e-05
4.61831e-05
8.22269e-05
0.000138079
0.000208567
0.000414514
0.000411803
0.000398696
0.000382942
0.000358958
0.00029776
0.000205398
0.000115981
5.6258e-05
3.47783e-05
4.61831e-05
8.22269e-05
0.000138079
0.000208567
0.000414514
0.000411803
0.000398696
0.000382942
0.000358958
0.00029776
0.000205398
0.000115981
5.6258e-05
3.47783e-05
4.61831e-05
8.22269e-05
0.000138079
0.000208567
0.000414514
0.000411803
0.000398696
0.000382942
0.000358958
0.00029776
0.000205398
0.000115981
5.6258e-05
3.47783e-05
4.61831e-05
8.22269e-05
0.000138079
0.000208567
0.000414514
0.000411803
0.000398696
0.000382942
0.000358958
0.00029776
0.000205398
0.000115981
5.6258e-05
3.47783e-05
4.61831e-05
8.22269e-05
0.000138079
0.000208567
0.000414514
0.000411803
0.000398696
0.000382942
0.000358958
0.00029776
0.000205398
0.000115981
5.6258e-05
3.47783e-05
4.61831e-05
8.22269e-05
0.000138079
0.000208567
0.000414514
0.000411803
0.000398696
0.000382942
0.000358958
0.00029776
0.000205398
0.000115981
5.6258e-05
3.47783e-05
4.61831e-05
8.22269e-05
0.000138079
0.000208567
0.000414514
0.000411803
0.000398696
0.000382942
0.000358958
0.00029776
0.000205398
0.000115981
5.6258e-05
3.47783e-05
4.61831e-05
8.22269e-05
0.000138079
0.000208567
0.000414514
0.000411803
0.000398696
0.000382942
0.000358958
0.00029776
0.000205398
0.000115981
5.6258e-05
3.47783e-05
4.61831e-05
8.22269e-05
0.000138079
0.000208567
0.000414514
0.000411803
0.000398696
0.000382942
0.000358958
0.00029776
0.000205398
0.000115981
5.6258e-05
3.47783e-05
4.61831e-05
8.22269e-05
0.000138079
0.000208567
0.000414514
0.000411803
0.000398696
0.000382942
0.000358958
0.00029776
0.000205398
0.000115981
5.6258e-05
3.47783e-05
4.61831e-05
8.22269e-05
0.000138079
0.000208567
0.000414514
0.000411803
0.000398696
0.000382942
0.000358958
0.00029776
0.000205398
0.000115981
5.6258e-05
3.47783e-05
4.61831e-05
8.22269e-05
0.000138079
0.000208567
0.000414514
0.000411803
0.000398696
0.000382942
0.000358958
0.00029776
0.000205398
0.000115981
5.6258e-05
3.47783e-05
4.61831e-05
8.22269e-05
0.000138079
0.000208567
0.000414514
0.000411803
0.000398696
0.000382942
0.000358958
0.00029776
0.000205398
0.000115981
5.6258e-05
3.47783e-05
4.61831e-05
8.22269e-05
0.000138079
0.000208567
0.000414514
0.000411803
0.000398696
0.000382942
0.000358958
0.00029776
0.000205398
0.000115981
5.6258e-05
3.47783e-05
4.61831e-05
8.22269e-05
0.000138079
0.000208567
0.000414514
0.000411803
0.000398696
0.000382942
0.000358958
0.00029776
0.000205398
0.000115981
5.6258e-05
3.47783e-05
4.61831e-05
8.22269e-05
0.000138079
0.000208567
0.000414514
0.000411803
0.000398696
0.000382942
0.000358958
0.00029776
0.000205398
0.000115981
5.6258e-05
3.47783e-05
4.61831e-05
8.22269e-05
0.000138079
0.000208567
0.000414514
0.000411803
0.000398696
0.000382942
0.000358958
0.00029776
0.000205398
0.000115981
5.6258e-05
3.47783e-05
4.61831e-05
8.22269e-05
0.000138079
0.000208567
0.000414514
0.000411803
0.000398696
0.000382942
0.000358958
0.00029776
0.000205398
0.000115981
5.6258e-05
3.47783e-05
4.61831e-05
8.22269e-05
0.000138079
0.000208567
0.000414514
0.000411803
0.000398696
0.000382942
0.000358958
0.00029776
0.000205398
0.000115981
5.6258e-05
3.47783e-05
4.61831e-05
8.22269e-05
0.000138079
0.000208567
0.000414514
0.000411803
0.000398696
0.000382942
0.000358958
0.00029776
0.000205398
0.000115981
5.6258e-05
3.47783e-05
4.61831e-05
8.22269e-05
0.000138079
0.000208567
0.000414514
0.000411803
0.000398696
0.000382942
0.000358958
0.00029776
0.000205398
0.000115981
5.6258e-05
3.47783e-05
4.61831e-05
8.22269e-05
0.000138079
0.000208567
0.000414514
0.000411803
0.000398696
0.000382942
0.000358958
0.00029776
0.000205398
0.000115981
5.6258e-05
3.47783e-05
4.61831e-05
8.22269e-05
0.000138079
0.000208567
0.000414514
0.000411803
0.000398696
0.000382942
0.000358958
0.00029776
0.000205398
0.000115981
5.6258e-05
3.47783e-05
4.61831e-05
8.22269e-05
0.000138079
0.000208567
0.000414514
0.000411803
0.000398696
0.000382942
0.000358958
0.00029776
0.000205398
0.000115981
5.6258e-05
3.47783e-05
4.61831e-05
8.22269e-05
0.000138079
0.000208567
0.000414514
0.000411803
0.000398696
0.000382942
0.000358958
0.00029776
0.000205398
0.000115981
5.6258e-05
3.47783e-05
4.61831e-05
8.22269e-05
0.000138079
0.000208567
0.000414514
0.000411803
0.000398696
0.000382942
0.000358958
0.00029776
0.000205398
0.000115981
5.6258e-05
3.47783e-05
4.61831e-05
8.22269e-05
0.000138079
0.000208567
0.000414514
0.000411803
0.000398696
0.000382942
0.000358958
0.00029776
0.000205398
0.000115981
5.6258e-05
3.47783e-05
4.61831e-05
8.22269e-05
0.000138079
0.000208567
0.000414514
0.000411803
0.000398696
0.000382942
0.000358958
0.00029776
0.000205398
0.000115981
5.6258e-05
3.47783e-05
4.61831e-05
8.22269e-05
0.000138079
0.000208567
0.000414514
0.000411803
0.000398696
0.000382942
0.000358958
0.00029776
0.000205398
0.000115981
5.6258e-05
3.47783e-05
4.61831e-05
8.22269e-05
0.000138079
0.000208567
0.000414514
0.000411803
0.000398696
0.000382942
0.000358958
0.00029776
0.000205398
0.000115981
5.6258e-05
3.47783e-05
4.61831e-05
8.22269e-05
0.000138079
0.000208567
0.000414514
0.000411803
0.000398696
0.000382942
0.000358958
0.00029776
0.000205398
0.000115981
5.6258e-05
3.47783e-05
4.61831e-05
8.22269e-05
0.000138079
0.000208567
0.000414514
0.000411803
0.000398696
0.000382942
0.000358958
0.00029776
0.000205398
0.000115981
5.6258e-05
3.47783e-05
4.61831e-05
8.22269e-05
0.000138079
0.000208567
0.000414514
0.000411803
0.000398696
0.000382942
0.000358958
0.00029776
0.000205398
0.000115981
5.6258e-05
3.47783e-05
4.61831e-05
8.22269e-05
0.000138079
0.000208567
