0.00171211
0.00167772
0.00150053
0.00121409
0.000982361
0.000922567
0.000911979
0.000756892
0.000477346
0.000240446
0.000155905
0.000213654
0.000367281
0.000586693
0.00171211
0.00167107
0.00145958
0.00112884
0.000920662
0.00103333
0.00132145
0.00133856
0.000791732
0.000194949
0.000280339
0.000506172
0.000446817
0.00117948
0.00171211
0.00167414
0.00147985
0.00116926
0.000915927
0.000833407
0.000811911
0.00068238
0.000443466
0.000219215
0.000134411
0.000210974
0.00036756
0.00057063
0.00171211
0.00167595
0.00149016
0.00119029
0.000942556
0.000862223
0.000835855
0.000686613
0.000432084
0.000218166
0.00014377
0.000206482
0.00036256
0.000574563
0.00171211
0.00167684
0.00149535
0.00120182
0.000961013
0.000889488
0.000869714
0.000716576
0.000449608
0.000226065
0.000148842
0.000209609
0.000364353
0.000579839
0.00171211
0.00167729
0.00149794
0.00120787
0.00097135
0.000905393
0.000889981
0.000735687
0.000462389
0.000232455
0.000152033
0.000211504
0.000365681
0.000583033
0.00171211
0.00167751
0.00149924
0.00121096
0.000976774
0.000913832
0.000900783
0.000746053
0.000469616
0.000236254
0.000153873
0.000212541
0.000366444
0.000584799
0.00171211
0.00167761
0.00149989
0.00121252
0.000979548
0.000918163
0.000906334
0.000751416
0.00047342
0.000238301
0.000154864
0.000213087
0.000366853
0.000585729
0.00171211
0.00167767
0.00150021
0.0012133
0.000980949
0.000920356
0.000909145
0.00075414
0.000475368
0.000239361
0.000155378
0.000213368
0.000367064
0.000586207
0.00171211
0.0016777
0.00150037
0.0012137
0.000981654
0.00092146
0.000910559
0.000755513
0.000476353
0.000239901
0.00015564
0.000213511
0.000367172
0.000586449
0.00171211
0.00167771
0.00150045
0.00121389
0.000982007
0.000922013
0.000911268
0.000756201
0.000476848
0.000240172
0.000155772
0.000213582
0.000367226
0.000586571
0.00171211
0.00167772
0.00150049
0.00121399
0.000982184
0.00092229
0.000911623
0.000756546
0.000477097
0.000240309
0.000155838
0.000213618
0.000367254
0.000586632
0.00171211
0.00167772
0.00150051
0.00121404
0.000982272
0.000922428
0.000911801
0.000756719
0.000477221
0.000240377
0.000155871
0.000213636
0.000367267
0.000586663
0.00171211
0.00167772
0.00150052
0.00121407
0.000982316
0.000922498
0.00091189
0.000756805
0.000477283
0.000240412
0.000155888
0.000213645
0.000367274
0.000586678
0.00171211
0.00167772
0.00150053
0.00121408
0.000982338
0.000922532
0.000911934
0.000756849
0.000477314
0.000240429
0.000155896
0.00021365
0.000367277
0.000586686
0.00171211
0.00167772
0.00150053
0.00121409
0.00098235
0.00092255
0.000911956
0.00075687
0.00047733
0.000240437
0.0001559
0.000213652
0.000367279
0.00058669
0.00171211
0.00167772
0.00150053
0.00121409
0.000982355
0.000922558
0.000911967
0.000756881
0.000477338
0.000240441
0.000155903
0.000213653
0.00036728
0.000586691
0.00171211
0.00167772
0.00150053
0.00121409
0.000982358
0.000922563
0.000911973
0.000756886
0.000477342
0.000240444
0.000155904
0.000213654
0.00036728
0.000586692
0.00171211
0.00167772
0.00150053
0.00121409
0.000982359
0.000922565
0.000911976
0.000756889
0.000477344
0.000240445
0.000155904
0.000213654
0.000367281
0.000586693
0.00171211
0.00167772
0.00150053
0.00121409
0.00098236
0.000922566
0.000911977
0.00075689
0.000477345
0.000240445
0.000155904
0.000213654
0.000367281
0.000586693
0.00171211
0.00167772
0.00150053
0.00121409
0.00098236
0.000922567
0.000911978
0.000756891
0.000477345
0.000240446
0.000155904
0.000213654
0.000367281
0.000586693
0.00171211
0.00167772
0.00150053
0.00121409
0.00098236
0.000922567
0.000911978
0.000756891
0.000477345
0.000240446
0.000155905
0.000213654
0.000367281
0.000586693
0.00171211
0.00167772
0.00150053
0.00121409
0.000982361
0.000922567
0.000911978
0.000756892
0.000477345
0.000240446
0.000155905
0.000213654
0.000367281
0.000586693
0.00171211
0.00167772
0.00150053
0.00121409
0.000982361
0.000922567
0.000911979
0.000756892
0.000477346
0.000240446
0.000155905
0.000213654
0.000367281
0.000586693
0.00171211
0.00167772
0.00150053
0.00121409
0.000982361
0.000922567
0.000911979
0.000756892
0.000477346
0.000240446
0.000155905
0.000213654
0.000367281
0.000586693
0.00171211
0.00167772
0.00150053
0.00121409
0.000982361
0.000922567
0.000911979
0.000756892
0.000477346
0.000240446
0.000155905
0.000213654
0.000367281
0.000586693
0.00171211
0.00167772
0.00150053
0.00121409
0.000982361
0.000922567
0.000911979
0.000756892
0.000477346
0.000240446
0.000155905
0.000213654
0.000367281
0.000586693
0.00171211
0.00167772
0.00150053
0.00121409
0.000982361
0.000922567
0.000911979
0.000756892
0.000477346
0.000240446
0.000155905
0.000213654
0.000367281
0.000586693
0.00171211
0.00167772
0.00150053
0.00121409
0.000982361
0.000922567
0.000911979
0.000756892
0.000477346
0.000240446
0.000155905
0.000213654
0.000367281
0.000586693
0.00171211
0.00167772
0.00150053
0.00121409
0.000982361
0.000922567
0.000911979
0.000756892
0.000477346
0.000240446
0.000155905
0.000213654
0.000367281
0.000586693
0.00171211
0.00167772
0.00150053
0.00121409
0.000982361
0.000922567
0.000911979
0.000756892
0.000477346
0.000240446
0.000155905
0.000213654
0.000367281
0.000586693
0.00171211
0.00167772
0.00150053
0.00121409
0.000982361
0.000922567
0.000911979
0.000756892
0.000477346
0.000240446
0.000155905
0.000213654
0.000367281
0.000586693
0.00171211
0.00167772
0.00150053
0.00121409
0.000982361
0.000922567
0.000911979
0.000756892
0.000477346
0.000240446
0.000155905
0.000213654
0.000367281
0.000586693
0.00171211
0.00167772
0.00150053
0.00121409
0.000982361
0.000922567
0.000911979
0.000756892
0.000477346
0.000240446
0.000155905
0.000213654
0.000367281
0.000586693
0.00171211
0.00167772
0.00150053
0.00121409
0.000982361
0.000922567
0.000911979
0.000756892
0.000477346
0.000240446
0.000155905
0.000213654
0.000367281
0.000586693
0.00171211
0.00167772
0.00150053
0.00121409
0.000982361
0.000922567
0.000911979
0.000756892
0.000477346
0.000240446
0.000155905
0.000213654
0.000367281
0.000586693
0.00171211
0.00167772
0.00150053
0.00121409
0.000982361
0.000922567
0.000911979
0.000756892
0.000477346
0.000240446
0.000155905
0.000213654
0.000367281
0.000586693
0.00171211
0.00167772
0.00150053
0.00121409
0.000982361
0.000922567
0.000911979
0.000756892
0.000477346
0.000240446
0.000155905
0.000213654
0.000367281
0.000586693
0.00171211
0.00167772
0.00150053
0.00121409
0.000982361
0.000922567
0.000911979
0.000756892
0.000477346
0.000240446
0.000155905
0.000213654
0.000367281
0.000586693
0.00171211
0.00167772
0.00150053
0.00121409
0.000982361
0.000922567
0.000911979
0.000756892
0.000477346
0.000240446
0.000155905
0.000213654
0.000367281
0.000586693
0.00171211
0.00167772
0.00150053
0.00121409
0.000982361
0.000922567
0.000911979
0.000756892
0.000477346
0.000240446
0.000155905
0.000213654
0.000367281
0.000586693
0.00171211
0.00167772
0.00150053
0.00121409
0.000982361
0.000922567
0.000911979
0.000756892
0.000477346
0.000240446
0.000155905
0.000213654
0.000367281
0.000586693
0.00171211
0.00167772
0.00150053
0.00121409
0.000982361
0.000922567
0.000911979
0.000756892
0.000477346
0.000240446
0.000155905
0.000213654
0.000367281
0.000586693
0.00171211
0.00167772
0.00150053
0.00121409
0.000982361
0.000922567
0.000911979
0.000756892
0.000477346
0.000240446
0.000155905
0.000213654
0.000367281
0.000586693
0.00171211
0.00167772
0.00150053
0.00121409
0.000982361
0.000922567
0.000911979
0.000756892
0.000477346
0.000240446
0.000155905
0.000213654
0.000367281
0.000586693
0.00171211
0.00167772
0.00150053
0.00121409
0.000982361
0.000922567
0.000911979
0.000756892
0.000477346
0.000240446
0.000155905
0.000213654
0.000367281
0.000586693
0.00171211
0.00167772
0.00150053
0.00121409
0.000982361
0.000922567
0.000911979
0.000756892
0.000477346
0.000240446
0.000155905
0.000213654
0.000367281
0.000586693
0.00171211
0.00167772
0.00150053
0.00121409
0.000982361
0.000922567
0.000911979
0.000756892
0.000477346
0.000240446
0.000155905
0.000213654
0.000367281
0.000586693
0.00171211
0.00167772
0.00150053
0.00121409
0.000982361
0.000922567
0.000911979
0.000756892
0.000477346
0.000240446
0.000155905
0.000213654
0.000367281
0.000586693
0.00171211
0.00167772
0.00150053
0.00121409
0.000982361
0.000922567
0.000911979
0.000756892
0.000477346
0.000240446
0.000155905
0.000213654
0.000367281
0.000586693
0.00171211
0.00167772
0.00150053
0.00121409
0.000982361
0.000922567
0.000911979
0.000756892
0.000477346
0.000240446
0.000155905
0.000213654
0.000367281
0.000586693
0.00171211
0.00167772
0.00150053
0.00121409
0.000982361
0.000922567
0.000911979
0.000756892
0.000477346
0.000240446
0.000155905
0.000213654
0.000367281
0.000586693
0.00171211
0.00167772
0.00150053
0.00121409
0.000982361
0.000922567
0.000911979
0.000756892
0.000477346
0.000240446
0.000155905
0.000213654
0.000367281
0.000586693
0.00171211
0.00167772
0.00150053
0.00121409
0.000982361
0.000922567
0.000911979
0.000756892
0.000477346
0.000240446
0.000155905
0.000213654
0.000367281
0.000586693
0.00171211
0.00167772
0.00150053
0.00121409
0.000982361
0.000922567
0.000911979
0.000756892
0.000477346
0.000240446
0.000155905
0.000213654
0.000367281
0.000586693
0.00171211
0.00167772
0.00150053
0.00121409
0.000982361
0.000922567
0.000911979
0.000756892
0.000477346
0.000240446
0.000155905
0.000213654
0.000367281
0.000586693
0.00171211
0.00167772
0.00150053
0.00121409
0.000982361
0.000922567
0.000911979
0.000756892
0.000477346
0.000240446
0.000155905
0.000213654
0.000367281
0.000586693
0.00171211
0.00167772
0.00150053
0.00121409
0.000982361
0.000922567
0.000911979
0.000756892
0.000477346
0.000240446
0.000155905
0.000213654
0.000367281
0.000586693
0.00171211
0.00167772
0.00150053
0.00121409
0.000982361
0.000922567
0.000911979
0.000756892
0.000477346
0.000240446
0.000155905
0.000213654
0.000367281
0.000586693
0.00171211
0.00167772
0.00150053
0.00121409
0.000982361
0.000922567
0.000911979
0.000756892
0.000477346
0.000240446
0.000155905
0.000213654
0.000367281
0.000586693
0.00171211
0.00167772
0.00150053
0.00121409
0.000982361
0.000922567
0.000911979
0.000756892
0.000477346
0.000240446
0.000155905
0.000213654
0.000367281
0.000586693
0.00171211
0.00167772
0.00150053
0.00121409
0.000982361
0.000922567
0.000911979
0.000756892
0.000477346
0.000240446
0.000155905
0.000213654
0.000367281
0.000586693
0.00171211
0.00167772
0.00150053
0.00121409
0.000982361
0.000922567
0.000911979
0.000756892
0.000477346
0.000240446
0.000155905
0.000213654
0.000367281
0.000586693
0.00171211
0.00167772
0.00150053
0.00121409
0.000982361
0.000922567
0.000911979
0.000756892
0.000477346
0.000240446
0.000155905
0.000213654
0.000367281
0.000586693
0.00171211
0.00167772
0.00150053
0.00121409
0.000982361
0.000922567
0.000911979
0.000756892
0.000477346
0.000240446
0.000155905
0.000213654
0.000367281
0.000586693
0.00171211
0.00167772
0.00150053
0.00121409
0.000982361
0.000922567
0.000911979
0.000756892
0.000477346
0.000240446
0.000155905
0.000213654
0.000367281
0.000586693
0.00171211
0.00167772
0.00150053
0.00121409
0.000982361
0.000922567
0.000911979
0.000756892
0.000477346
0.000240446
0.000155905
0.000213654
0.000367281
0.000586693
0.00171211
0.00167772
0.00150053
0.00121409
0.000982361
0.000922567
0.000911979
0.000756892
0.000477346
0.000240446
0.000155905
0.000213654
0.000367281
0.000586693
0.00171211
0.00167772
0.00150053
0.00121409
0.000982361
0.000922567
0.000911979
0.000756892
0.000477346
0.000240446
0.000155905
0.000213654
0.000367281
0.000586693
0.00171211
0.00167772
0.00150053
0.00121409
0.000982361
0.000922567
0.000911979
0.000756892
0.000477346
0.000240446
0.000155905
0.000213654
0.000367281
0.000586693
0.00171211
0.00167772
0.00150053
0.00121409
0.000982361
0.000922567
0.000911979
0.000756892
0.000477346
0.000240446
0.000155905
0.000213654
0.000367281
0.000586693
0.00171211
0.00167772
0.00150053
0.00121409
0.000982361
0.000922567
0.000911979
0.000756892
0.000477346
0.000240446
0.000155905
0.000213654
0.000367281
0.000586693
0.00171211
0.00167772
0.00150053
0.00121409
0.000982361
0.000922567
0.000911979
0.000756892
0.000477346
0.000240446
0.000155905
0.000213654
0.000367281
0.000586693
0.00171211
0.00167772
0.00150053
0.00121409
0.000982361
0.000922567
0.000911979
0.000756892
0.000477346
0.000240446
0.000155905
0.000213654
0.000367281
0.000586693
0.00171211
0.00167772
0.00150053
0.00121409
0.000982361
0.000922567
0.000911979
0.000756892
0.000477346
0.000240446
0.000155905
0.000213654
0.000367281
0.000586693
0.00171211
0.00167772
0.00150053
0.00121409
0.000982361
0.000922567
0.000911979
0.000756892
0.000477346
0.000240446
0.000155905
0.000213654
0.000367281
0.000586693
0.00171211
0.00167772
0.00150053
0.00121409
0.000982361
0.000922567
0.000911979
0.000756892
0.000477346
0.000240446
0.000155905
0.000213654
0.000367281
0.000586693
0.00171211
0.00167772
0.00150053
0.00121409
0.000982361
0.000922567
0.000911979
0.000756892
0.000477346
0.000240446
0.000155905
0.000213654
0.000367281
0.000586693
0.00171211
0.00167772
0.00150053
0.00121409
0.000982361
0.000922567
0.000911979
0.000756892
0.000477346
0.000240446
0.000155905
0.000213654
0.000367281
0.000586693
0.00171211
0.00167772
0.00150053
0.00121409
0.000982361
0.000922567
0.000911979
0.000756892
0.000477346
0.000240446
0.000155905
0.000213654
0.000367281
0.000586693
0.00171211
0.00167772
0.00150053
0.00121409
0.000982361
0.000922567
0.000911979
0.000756892
0.000477346
0.000240446
0.000155905
0.000213654
0.000367281
0.000586693
0.00171211
0.00167772
0.00150053
0.00121409
0.000982361
0.000922567
0.000911979
0.000756892
0.000477346
0.000240446
0.000155905
0.000213654
0.000367281
0.000586693
0.00171211
0.00167772
0.00150053
0.00121409
0.000982361
0.000922567
0.000911979
0.000756892
0.000477346
0.000240446
0.000155905
0.000213654
0.000367281
0.000586693
0.00171211
0.00167772
0.00150053
0.00121409
0.000982361
0.000922567
0.000911979
0.000756892
0.000477346
0.000240446
0.000155905
0.000213654
0.000367281
0.000586693
0.00171211
0.00167772
0.00150053
0.00121409
0.000982361
0.000922567
0.000911979
0.000756892
0.000477346
0.000240446
0.000155905
0.000213654
0.000367281
0.000586693
0.00171211
0.00167772
0.00150053
0.00121409
0.000982361
0.000922567
0.000911979
0.000756892
0.000477346
0.000240446
0.000155905
0.000213654
0.000367281
0.000586693
0.00171211
0.00167772
0.00150053
0.00121409
0.000982361
0.000922567
0.000911979
0.000756892
0.000477346
0.000240446
0.000155905
0.000213654
0.000367281
0.000586693
0.00171211
0.00167772
0.00150053
0.00121409
0.000982361
0.000922567
0.000911979
0.000756892
0.000477346
0.000240446
0.000155905
0.000213654
0.000367281
0.000586693
0.00171211
0.00167772
0.00150053
0.00121409
0.000982361
0.000922567
0.000911979
0.000756892
0.000477346
0.000240446
0.000155905
0.000213654
0.000367281
0.000586693
0.00171211
0.00167772
0.00150053
0.00121409
0.000982361
0.000922567
0.000911979
0.000756892
0.000477346
0.000240446
0.000155905
0.000213654
0.000367281
0.000586693
0.00171211
0.00167772
0.00150053
0.00121409
0.000982361
0.000922567
0.000911979
0.000756892
0.000477346
0.000240446
0.000155905
0.000213654
0.000367281
0.000586693
0.00171211
0.00167772
0.00150053
0.00121409
0.000982361
0.000922567
0.000911979
0.000756892
0.000477346
0.000240446
0.000155905
0.000213654
0.000367281
0.000586693
0.00171211
0.00167772
0.00150053
0.00121409
0.000982361
0.000922567
0.000911979
0.000756892
0.000477346
0.000240446
0.000155905
0.000213654
0.000367281
0.000586693
0.00171211
0.00167772
0.00150053
0.00121409
0.000982361
0.000922567
0.000911979
0.000756892
0.000477346
0.000240446
0.000155905
0.000213654
0.000367281
0.000586693
0.00171211
0.00167772
0.00150053
0.00121409
0.000982361
0.000922567
0.000911979
0.000756892
0.000477346
0.000240446
0.000155905
0.000213654
0.000367281
0.000586693
0.00171211
0.00167772
0.00150053
0.00121409
0.000982361
0.000922567
0.000911979
0.000756892
0.000477346
0.000240446
0.000155905
0.000213654
0.000367281
0.000586693
0.00171211
0.00167772
0.00150053
0.00121409
0.000982361
0.000922567
0.000911979
0.000756892
0.000477346
0.000240446
0.000155905
0.000213654
0.000367281
0.000586693
0.00171211
0.00167772
0.00150053
0.00121409
0.000982361
0.000922567
0.000911979
0.000756892
0.000477346
0.000240446
0.000155905
0.000213654
0.000367281
0.000586693
0.00171211
0.00167772
0.00150053
0.00121409
0.000982361
0.000922567
0.000911979
0.000756892
0.000477346
0.000240446
0.000155905
0.000213654
0.000367281
0.000586693
0.00171211
0.00167772
0.00150053
0.00121409
0.000982361
0.000922567
0.000911979
0.000756892
0.000477346
0.000240446
0.000155905
0.000213654
0.000367281
0.000586693
0.00171211
0.00167772
0.00150053
0.00121409
0.000982361
0.000922567
0.000911979
0.000756892
0.000477346
0.000240446
0.000155905
0.000213654
0.000367281
0.000586693
0.00171211
0.00167772
0.00150053
0.00121409
0.000982361
0.000922567
0.000911979
0.000756892
0.000477346
0.000240446
0.000155905
0.000213654
0.000367281
0.000586693
0.00171211
0.00167772
0.00150053
0.00121409
0.000982361
0.000922567
0.000911979
0.000756892
0.000477346
0.000240446
0.000155905
0.000213654
0.000367281
0.000586693
0.00171211
0.00167772
0.00150053
0.00121409
0.000982361
0.000922567
0.000911979
0.000756892
0.000477346
0.000240446
0.000155905
0.000213654
0.000367281
0.000586693
0.00171211
0.00167772
0.00150053
0.00121409
0.000982361
0.000922567
0.000911979
0.000756892
0.000477346
0.000240446
0.000155905
0.000213654
0.000367281
0.000586693
0.00171211
0.00167772
0.00150053
0.00121409
0.000982361
0.000922567
0.000911979
0.000756892
0.000477346
0.000240446
0.000155905
0.000213654
0.000367281
0.000586693
0.00171211
0.00167772
0.00150053
0.00121409
0.000982361
0.000922567
0.000911979
0.000756892
0.000477346
0.000240446
0.000155905
0.000213654
0.000367281
0.000586693
0.00171211
0.00167772
0.00150053
0.00121409
0.000982361
0.000922567
0.000911979
0.000756892
0.000477346
0.000240446
0.000155905
0.000213654
0.000367281
0.000586693
0.00171211
0.00167772
0.00150053
0.00121409
0.000982361
0.000922567
0.000911979
0.000756892
0.000477346
0.000240446
0.000155905
0.000213654
0.000367281
0.000586693
0.00171211
0.00167772
0.00150053
0.00121409
0.000982361
0.000922567
0.000911979
0.000756892
0.000477346
0.000240446
0.000155905
0.000213654
0.000367281
0.000586693
0.00171211
0.00167772
0.00150053
0.00121409
0.000982361
0.000922567
0.000911979
0.000756892
0.000477346
0.000240446
0.000155905
0.000213654
0.000367281
0.000586693
0.00171211
0.00167772
0.00150053
0.00121409
0.000982361
0.000922567
0.000911979
0.000756892
0.000477346
0.000240446
0.000155905
0.000213654
0.000367281
0.000586693
0.00171211
0.00167772
0.00150053
0.00121409
0.000982361
0.000922567
0.000911979
0.000756892
0.000477346
0.000240446
0.000155905
0.000213654
0.000367281
0.000586693
0.00171211
0.00167772
0.00150053
0.00121409
0.000982361
0.000922567
0.000911979
0.000756892
0.000477346
0.000240446
0.000155905
0.000213654
0.000367281
0.000586693
0.00171211
0.00167772
0.00150053
0.00121409
0.000982361
0.000922567
0.000911979
0.000756892
0.000477346
0.000240446
0.000155905
0.000213654
0.000367281
0.000586693
0.00171211
0.00167772
0.00150053
0.00121409
0.000982361
0.000922567
0.000911979
0.000756892
0.000477346
0.000240446
0.000155905
0.000213654
0.000367281
0.000586693
0.00171211
0.00167772
0.00150053
0.00121409
0.000982361
0.000922567
0.000911979
0.000756892
0.000477346
0.000240446
0.000155905
0.000213654
0.000367281
0.000586693
0.00171211
0.00167772
0.00150053
0.00121409
0.000982361
0.000922567
0.000911979
0.000756892
0.000477346
0.000240446
0.000155905
0.000213654
0.000367281
0.000586693
0.00171211
0.00167772
0.00150053
0.00121409
0.000982361
0.000922567
0.000911979
0.000756892
0.000477346
0.000240446
0.000155905
0.000213654
0.000367281
0.000586693
0.00171211
0.00167772
0.00150053
0.00121409
0.000982361
0.000922567
0.000911979
0.000756892
0.000477346
0.000240446
0.000155905
0.000213654
0.000367281
0.000586693
0.00171211
0.00167772
0.00150053
0.00121409
0.000982361
0.000922567
0.000911979
0.000756892
0.000477346
0.000240446
0.000155905
0.000213654
0.000367281
0.000586693
0.000856056
0.000841401
0.000765835
0.000646652
0.000556894
0.000540433
0.000528074
0.000428844
0.00026541
0.000131255
8.46275e-05
0.000119659
0.000211794
0.000343551
0.000856056
0.000839452
0.000752928
0.000618219
0.000537298
0.000592412
0.000718998
0.000715187
0.00043499
0.000120274
0.000154385
0.000280695
0.000274841
0.000566218
0.000856056
0.000840156
0.000758538
0.000630502
0.000531855
0.000504312
0.000485779
0.000398834
0.000255725
0.000126924
7.82088e-05
0.000122118
0.000216425
0.0003348
0.000856056
0.00084076
0.000762044
0.000637754
0.000541365
0.000515624
0.000495793
0.000399279
0.000247687
0.000123885
8.0976e-05
0.000117653
0.000210824
0.000337748
0.000856056
0.000841079
0.00076391
0.000641991
0.000548453
0.000526771
0.000510175
0.000411861
0.00025431
0.000126156
8.24153e-05
0.000118421
0.000210908
0.000340273
0.000856056
0.00084124
0.000764866
0.000644269
0.000552514
0.000533326
0.000518765
0.000419915
0.000259392
0.00012836
8.33845e-05
0.000118983
0.000211263
0.000341795
0.000856056
0.00084132
0.000765349
0.000645448
0.000554665
0.000536814
0.000523338
0.000424282
0.000262294
0.000129723
8.39673e-05
0.000119305
0.000211507
0.00034264
0.000856056
0.000841361
0.000765592
0.000646047
0.00055577
0.000538608
0.000525687
0.00042654
0.000263826
0.000130469
8.42872e-05
0.000119478
0.000211645
0.000343087
0.000856056
0.000841381
0.000765714
0.000646349
0.000556329
0.000539516
0.000526876
0.000427686
0.000264612
0.000130857
8.44548e-05
0.000119567
0.000211718
0.000343317
0.000856056
0.000841391
0.000765775
0.0006465
0.000556611
0.000539973
0.000527474
0.000428264
0.00026501
0.000131055
8.45405e-05
0.000119613
0.000211756
0.000343433
0.000856056
0.000841396
0.000765805
0.000646576
0.000556752
0.000540203
0.000527774
0.000428554
0.00026521
0.000131155
8.45838e-05
0.000119636
0.000211775
0.000343492
0.000856056
0.000841398
0.00076582
0.000646614
0.000556823
0.000540318
0.000527924
0.000428699
0.00026531
0.000131205
8.46056e-05
0.000119648
0.000211785
0.000343521
0.000856056
0.0008414
0.000765828
0.000646633
0.000556858
0.000540375
0.000527999
0.000428772
0.00026536
0.00013123
8.46165e-05
0.000119654
0.000211789
0.000343536
0.000856056
0.0008414
0.000765832
0.000646643
0.000556876
0.000540404
0.000528037
0.000428808
0.000265385
0.000131243
8.4622e-05
0.000119657
0.000211792
0.000343543
0.000856056
0.0008414
0.000765834
0.000646647
0.000556885
0.000540418
0.000528056
0.000428826
0.000265398
0.000131249
8.46247e-05
0.000119658
0.000211793
0.000343547
0.000856056
0.000841401
0.000765834
0.00064665
0.000556889
0.000540425
0.000528065
0.000428835
0.000265404
0.000131252
8.46261e-05
0.000119659
0.000211794
0.000343549
0.000856056
0.000841401
0.000765835
0.000646651
0.000556891
0.000540429
0.00052807
0.00042884
0.000265407
0.000131254
8.46268e-05
0.000119659
0.000211794
0.00034355
0.000856056
0.000841401
0.000765835
0.000646652
0.000556892
0.000540431
0.000528072
0.000428842
0.000265409
0.000131255
8.46271e-05
0.000119659
0.000211794
0.00034355
0.000856056
0.000841401
0.000765835
0.000646652
0.000556893
0.000540432
0.000528073
0.000428843
0.00026541
0.000131255
8.46273e-05
0.000119659
0.000211794
0.000343551
0.000856056
0.000841401
0.000765835
0.000646652
0.000556893
0.000540432
0.000528074
0.000428844
0.00026541
0.000131255
8.46274e-05
0.000119659
0.000211794
0.000343551
0.000856056
0.000841401
0.000765835
0.000646652
0.000556893
0.000540432
0.000528074
0.000428844
0.00026541
0.000131255
8.46274e-05
0.000119659
0.000211794
0.000343551
0.000856056
0.000841401
0.000765835
0.000646652
0.000556894
0.000540432
0.000528074
0.000428844
0.00026541
0.000131255
8.46275e-05
0.000119659
0.000211794
0.000343551
0.000856056
0.000841401
0.000765835
0.000646652
0.000556894
0.000540432
0.000528074
0.000428844
0.00026541
0.000131255
8.46275e-05
0.000119659
0.000211794
0.000343551
0.000856056
0.000841401
0.000765835
0.000646652
0.000556894
0.000540433
0.000528074
0.000428844
0.00026541
0.000131255
8.46275e-05
0.000119659
0.000211794
0.000343551
0.000856056
0.000841401
0.000765835
0.000646652
0.000556894
0.000540433
0.000528074
0.000428844
0.00026541
0.000131255
8.46275e-05
0.000119659
0.000211794
0.000343551
0.000856056
0.000841401
0.000765835
0.000646652
0.000556894
0.000540433
0.000528074
0.000428844
0.00026541
0.000131255
8.46275e-05
0.000119659
0.000211794
0.000343551
0.000856056
0.000841401
0.000765835
0.000646652
0.000556894
0.000540433
0.000528074
0.000428844
0.00026541
0.000131255
8.46275e-05
0.000119659
0.000211794
0.000343551
0.000856056
0.000841401
0.000765835
0.000646652
0.000556894
0.000540433
0.000528074
0.000428844
0.00026541
0.000131255
8.46275e-05
0.000119659
0.000211794
0.000343551
0.000856056
0.000841401
0.000765835
0.000646652
0.000556894
0.000540433
0.000528074
0.000428844
0.00026541
0.000131255
8.46275e-05
0.000119659
0.000211794
0.000343551
0.000856056
0.000841401
0.000765835
0.000646652
0.000556894
0.000540433
0.000528074
0.000428844
0.00026541
0.000131255
8.46275e-05
0.000119659
0.000211794
0.000343551
0.000856056
0.000841401
0.000765835
0.000646652
0.000556894
0.000540433
0.000528074
0.000428844
0.00026541
0.000131255
8.46275e-05
0.000119659
0.000211794
0.000343551
0.000856056
0.000841401
0.000765835
0.000646652
0.000556894
0.000540433
0.000528074
0.000428844
0.00026541
0.000131255
8.46275e-05
0.000119659
0.000211794
0.000343551
0.000856056
0.000841401
0.000765835
0.000646652
0.000556894
0.000540433
0.000528074
0.000428844
0.00026541
0.000131255
8.46275e-05
0.000119659
0.000211794
0.000343551
0.000856056
0.000841401
0.000765835
0.000646652
0.000556894
0.000540433
0.000528074
0.000428844
0.00026541
0.000131255
8.46275e-05
0.000119659
0.000211794
0.000343551
0.000856056
0.000841401
0.000765835
0.000646652
0.000556894
0.000540433
0.000528074
0.000428844
0.00026541
0.000131255
8.46275e-05
0.000119659
0.000211794
0.000343551
0.000856056
0.000841401
0.000765835
0.000646652
0.000556894
0.000540433
0.000528074
0.000428844
0.00026541
0.000131255
8.46275e-05
0.000119659
0.000211794
0.000343551
0.000856056
0.000841401
0.000765835
0.000646652
0.000556894
0.000540433
0.000528074
0.000428844
0.00026541
0.000131255
8.46275e-05
0.000119659
0.000211794
0.000343551
0.000856056
0.000841401
0.000765835
0.000646652
0.000556894
0.000540433
0.000528074
0.000428844
0.00026541
0.000131255
8.46275e-05
0.000119659
0.000211794
0.000343551
0.000856056
0.000841401
0.000765835
0.000646652
0.000556894
0.000540433
0.000528074
0.000428844
0.00026541
0.000131255
8.46275e-05
0.000119659
0.000211794
0.000343551
0.000856056
0.000841401
0.000765835
0.000646652
0.000556894
0.000540433
0.000528074
0.000428844
0.00026541
0.000131255
8.46275e-05
0.000119659
0.000211794
0.000343551
0.000856056
0.000841401
0.000765835
0.000646652
0.000556894
0.000540433
0.000528074
0.000428844
0.00026541
0.000131255
8.46275e-05
0.000119659
0.000211794
0.000343551
0.000856056
0.000841401
0.000765835
0.000646652
0.000556894
0.000540433
0.000528074
0.000428844
0.00026541
0.000131255
8.46275e-05
0.000119659
0.000211794
0.000343551
0.000856056
0.000841401
0.000765835
0.000646652
0.000556894
0.000540433
0.000528074
0.000428844
0.00026541
0.000131255
8.46275e-05
0.000119659
0.000211794
0.000343551
0.000856056
0.000841401
0.000765835
0.000646652
0.000556894
0.000540433
0.000528074
0.000428844
0.00026541
0.000131255
8.46275e-05
0.000119659
0.000211794
0.000343551
0.000856056
0.000841401
0.000765835
0.000646652
0.000556894
0.000540433
0.000528074
0.000428844
0.00026541
0.000131255
8.46275e-05
0.000119659
0.000211794
0.000343551
0.000856056
0.000841401
0.000765835
0.000646652
0.000556894
0.000540433
0.000528074
0.000428844
0.00026541
0.000131255
8.46275e-05
0.000119659
0.000211794
0.000343551
0.000856056
0.000841401
0.000765835
0.000646652
0.000556894
0.000540433
0.000528074
0.000428844
0.00026541
0.000131255
8.46275e-05
0.000119659
0.000211794
0.000343551
0.000856056
0.000841401
0.000765835
0.000646652
0.000556894
0.000540433
0.000528074
0.000428844
0.00026541
0.000131255
8.46275e-05
0.000119659
0.000211794
0.000343551
0.000856056
0.000841401
0.000765835
0.000646652
0.000556894
0.000540433
0.000528074
0.000428844
0.00026541
0.000131255
8.46275e-05
0.000119659
0.000211794
0.000343551
0.000856056
0.000841401
0.000765835
0.000646652
0.000556894
0.000540433
0.000528074
0.000428844
0.00026541
0.000131255
8.46275e-05
0.000119659
0.000211794
0.000343551
0.000856056
0.000841401
0.000765835
0.000646652
0.000556894
0.000540433
0.000528074
0.000428844
0.00026541
0.000131255
8.46275e-05
0.000119659
0.000211794
0.000343551
0.000856056
0.000841401
0.000765835
0.000646652
0.000556894
0.000540433
0.000528074
0.000428844
0.00026541
0.000131255
8.46275e-05
0.000119659
0.000211794
0.000343551
0.000856056
0.000841401
0.000765835
0.000646652
0.000556894
0.000540433
0.000528074
0.000428844
0.00026541
0.000131255
8.46275e-05
0.000119659
0.000211794
0.000343551
0.000856056
0.000841401
0.000765835
0.000646652
0.000556894
0.000540433
0.000528074
0.000428844
0.00026541
0.000131255
8.46275e-05
0.000119659
0.000211794
0.000343551
0.000856056
0.000841401
0.000765835
0.000646652
0.000556894
0.000540433
0.000528074
0.000428844
0.00026541
0.000131255
8.46275e-05
0.000119659
0.000211794
0.000343551
0.000856056
0.000841401
0.000765835
0.000646652
0.000556894
0.000540433
0.000528074
0.000428844
0.00026541
0.000131255
8.46275e-05
0.000119659
0.000211794
0.000343551
0.000856056
0.000841401
0.000765835
0.000646652
0.000556894
0.000540433
0.000528074
0.000428844
0.00026541
0.000131255
8.46275e-05
0.000119659
0.000211794
0.000343551
0.000856056
0.000841401
0.000765835
0.000646652
0.000556894
0.000540433
0.000528074
0.000428844
0.00026541
0.000131255
8.46275e-05
0.000119659
0.000211794
0.000343551
0.000856056
0.000841401
0.000765835
0.000646652
0.000556894
0.000540433
0.000528074
0.000428844
0.00026541
0.000131255
8.46275e-05
0.000119659
0.000211794
0.000343551
0.000856056
0.000841401
0.000765835
0.000646652
0.000556894
0.000540433
0.000528074
0.000428844
0.00026541
0.000131255
8.46275e-05
0.000119659
0.000211794
0.000343551
0.000856056
0.000841401
0.000765835
0.000646652
0.000556894
0.000540433
0.000528074
0.000428844
0.00026541
0.000131255
8.46275e-05
0.000119659
0.000211794
0.000343551
0.000856056
0.000841401
0.000765835
0.000646652
0.000556894
0.000540433
0.000528074
0.000428844
0.00026541
0.000131255
8.46275e-05
0.000119659
0.000211794
0.000343551
0.000856056
0.000841401
0.000765835
0.000646652
0.000556894
0.000540433
0.000528074
0.000428844
0.00026541
0.000131255
8.46275e-05
0.000119659
0.000211794
0.000343551
0.000856056
0.000841401
0.000765835
0.000646652
0.000556894
0.000540433
0.000528074
0.000428844
0.00026541
0.000131255
8.46275e-05
0.000119659
0.000211794
0.000343551
0.000856056
0.000841401
0.000765835
0.000646652
0.000556894
0.000540433
0.000528074
0.000428844
0.00026541
0.000131255
8.46275e-05
0.000119659
0.000211794
0.000343551
0.000856056
0.000841401
0.000765835
0.000646652
0.000556894
0.000540433
0.000528074
0.000428844
0.00026541
0.000131255
8.46275e-05
0.000119659
0.000211794
0.000343551
0.000856056
0.000841401
0.000765835
0.000646652
0.000556894
0.000540433
0.000528074
0.000428844
0.00026541
0.000131255
8.46275e-05
0.000119659
0.000211794
0.000343551
0.000856056
0.000841401
0.000765835
0.000646652
0.000556894
0.000540433
0.000528074
0.000428844
0.00026541
0.000131255
8.46275e-05
0.000119659
0.000211794
0.000343551
0.000856056
0.000841401
0.000765835
0.000646652
0.000556894
0.000540433
0.000528074
0.000428844
0.00026541
0.000131255
8.46275e-05
0.000119659
0.000211794
0.000343551
0.000856056
0.000841401
0.000765835
0.000646652
0.000556894
0.000540433
0.000528074
0.000428844
0.00026541
0.000131255
8.46275e-05
0.000119659
0.000211794
0.000343551
0.000856056
0.000841401
0.000765835
0.000646652
0.000556894
0.000540433
0.000528074
0.000428844
0.00026541
0.000131255
8.46275e-05
0.000119659
0.000211794
0.000343551
0.000856056
0.000841401
0.000765835
0.000646652
0.000556894
0.000540433
0.000528074
0.000428844
0.00026541
0.000131255
8.46275e-05
0.000119659
0.000211794
0.000343551
0.000856056
0.000841401
0.000765835
0.000646652
0.000556894
0.000540433
0.000528074
0.000428844
0.00026541
0.000131255
8.46275e-05
0.000119659
0.000211794
0.000343551
0.000856056
0.000841401
0.000765835
0.000646652
0.000556894
0.000540433
0.000528074
0.000428844
0.00026541
0.000131255
8.46275e-05
0.000119659
0.000211794
0.000343551
0.000856056
0.000841401
0.000765835
0.000646652
0.000556894
0.000540433
0.000528074
0.000428844
0.00026541
0.000131255
8.46275e-05
0.000119659
0.000211794
0.000343551
0.000856056
0.000841401
0.000765835
0.000646652
0.000556894
0.000540433
0.000528074
0.000428844
0.00026541
0.000131255
8.46275e-05
0.000119659
0.000211794
0.000343551
0.000856056
0.000841401
0.000765835
0.000646652
0.000556894
0.000540433
0.000528074
0.000428844
0.00026541
0.000131255
8.46275e-05
0.000119659
0.000211794
0.000343551
0.000856056
0.000841401
0.000765835
0.000646652
0.000556894
0.000540433
0.000528074
0.000428844
0.00026541
0.000131255
8.46275e-05
0.000119659
0.000211794
0.000343551
0.000856056
0.000841401
0.000765835
0.000646652
0.000556894
0.000540433
0.000528074
0.000428844
0.00026541
0.000131255
8.46275e-05
0.000119659
0.000211794
0.000343551
0.000856056
0.000841401
0.000765835
0.000646652
0.000556894
0.000540433
0.000528074
0.000428844
0.00026541
0.000131255
8.46275e-05
0.000119659
0.000211794
0.000343551
0.000856056
0.000841401
0.000765835
0.000646652
0.000556894
0.000540433
0.000528074
0.000428844
0.00026541
0.000131255
8.46275e-05
0.000119659
0.000211794
0.000343551
0.000856056
0.000841401
0.000765835
0.000646652
0.000556894
0.000540433
0.000528074
0.000428844
0.00026541
0.000131255
8.46275e-05
0.000119659
0.000211794
0.000343551
0.000856056
0.000841401
0.000765835
0.000646652
0.000556894
0.000540433
0.000528074
0.000428844
0.00026541
0.000131255
8.46275e-05
0.000119659
0.000211794
0.000343551
0.000856056
0.000841401
0.000765835
0.000646652
0.000556894
0.000540433
0.000528074
0.000428844
0.00026541
0.000131255
8.46275e-05
0.000119659
0.000211794
0.000343551
0.000856056
0.000841401
0.000765835
0.000646652
0.000556894
0.000540433
0.000528074
0.000428844
0.00026541
0.000131255
8.46275e-05
0.000119659
0.000211794
0.000343551
0.000856056
0.000841401
0.000765835
0.000646652
0.000556894
0.000540433
0.000528074
0.000428844
0.00026541
0.000131255
8.46275e-05
0.000119659
0.000211794
0.000343551
0.000856056
0.000841401
0.000765835
0.000646652
0.000556894
0.000540433
0.000528074
0.000428844
0.00026541
0.000131255
8.46275e-05
0.000119659
0.000211794
0.000343551
0.000856056
0.000841401
0.000765835
0.000646652
0.000556894
0.000540433
0.000528074
0.000428844
0.00026541
0.000131255
8.46275e-05
0.000119659
0.000211794
0.000343551
0.000856056
0.000841401
0.000765835
0.000646652
0.000556894
0.000540433
0.000528074
0.000428844
0.00026541
0.000131255
8.46275e-05
0.000119659
0.000211794
0.000343551
0.000856056
0.000841401
0.000765835
0.000646652
0.000556894
0.000540433
0.000528074
0.000428844
0.00026541
0.000131255
8.46275e-05
0.000119659
0.000211794
0.000343551
0.000856056
0.000841401
0.000765835
0.000646652
0.000556894
0.000540433
0.000528074
0.000428844
0.00026541
0.000131255
8.46275e-05
0.000119659
0.000211794
0.000343551
0.000856056
0.000841401
0.000765835
0.000646652
0.000556894
0.000540433
0.000528074
0.000428844
0.00026541
0.000131255
8.46275e-05
0.000119659
0.000211794
0.000343551
0.000856056
0.000841401
0.000765835
0.000646652
0.000556894
0.000540433
0.000528074
0.000428844
0.00026541
0.000131255
8.46275e-05
0.000119659
0.000211794
0.000343551
0.000856056
0.000841401
0.000765835
0.000646652
0.000556894
0.000540433
0.000528074
0.000428844
0.00026541
0.000131255
8.46275e-05
0.000119659
0.000211794
0.000343551
0.000856056
0.000841401
0.000765835
0.000646652
0.000556894
0.000540433
0.000528074
0.000428844
0.00026541
0.000131255
8.46275e-05
0.000119659
0.000211794
0.000343551
0.000856056
0.000841401
0.000765835
0.000646652
0.000556894
0.000540433
0.000528074
0.000428844
0.00026541
0.000131255
8.46275e-05
0.000119659
0.000211794
0.000343551
0.000856056
0.000841401
0.000765835
0.000646652
0.000556894
0.000540433
0.000528074
0.000428844
0.00026541
0.000131255
8.46275e-05
0.000119659
0.000211794
0.000343551
0.000856056
0.000841401
0.000765835
0.000646652
0.000556894
0.000540433
0.000528074
0.000428844
0.00026541
0.000131255
8.46275e-05
0.000119659
0.000211794
0.000343551
0.000856056
0.000841401
0.000765835
0.000646652
0.000556894
0.000540433
0.000528074
0.000428844
0.00026541
0.000131255
8.46275e-05
0.000119659
0.000211794
0.000343551
0.000856056
0.000841401
0.000765835
0.000646652
0.000556894
0.000540433
0.000528074
0.000428844
0.00026541
0.000131255
8.46275e-05
0.000119659
0.000211794
0.000343551
0.000856056
0.000841401
0.000765835
0.000646652
0.000556894
0.000540433
0.000528074
0.000428844
0.00026541
0.000131255
8.46275e-05
0.000119659
0.000211794
0.000343551
0.000856056
0.000841401
0.000765835
0.000646652
0.000556894
0.000540433
0.000528074
0.000428844
0.00026541
0.000131255
8.46275e-05
0.000119659
0.000211794
0.000343551
0.000856056
0.000841401
0.000765835
0.000646652
0.000556894
0.000540433
0.000528074
0.000428844
0.00026541
0.000131255
8.46275e-05
0.000119659
0.000211794
0.000343551
0.000856056
0.000841401
0.000765835
0.000646652
0.000556894
0.000540433
0.000528074
0.000428844
0.00026541
0.000131255
8.46275e-05
0.000119659
0.000211794
0.000343551
0.000856056
0.000841401
0.000765835
0.000646652
0.000556894
0.000540433
0.000528074
0.000428844
0.00026541
0.000131255
8.46275e-05
0.000119659
0.000211794
0.000343551
0.000856056
0.000841401
0.000765835
0.000646652
0.000556894
0.000540433
0.000528074
0.000428844
0.00026541
0.000131255
8.46275e-05
0.000119659
0.000211794
0.000343551
0.000856056
0.000841401
0.000765835
0.000646652
0.000556894
0.000540433
0.000528074
0.000428844
0.00026541
0.000131255
8.46275e-05
0.000119659
0.000211794
0.000343551
0.000856056
0.000841401
0.000765835
0.000646652
0.000556894
0.000540433
0.000528074
0.000428844
0.00026541
0.000131255
8.46275e-05
0.000119659
0.000211794
0.000343551
0.000856056
0.000841401
0.000765835
0.000646652
0.000556894
0.000540433
0.000528074
0.000428844
0.00026541
0.000131255
8.46275e-05
0.000119659
0.000211794
0.000343551
0.000856056
0.000841401
0.000765835
0.000646652
0.000556894
0.000540433
0.000528074
0.000428844
0.00026541
0.000131255
8.46275e-05
0.000119659
0.000211794
0.000343551
0.000856056
0.000841401
0.000765835
0.000646652
0.000556894
0.000540433
0.000528074
0.000428844
0.00026541
0.000131255
8.46275e-05
0.000119659
0.000211794
0.000343551
0.000856056
0.000841401
0.000765835
0.000646652
0.000556894
0.000540433
0.000528074
0.000428844
0.00026541
0.000131255
8.46275e-05
0.000119659
0.000211794
0.000343551
0.000856056
0.000841401
0.000765835
0.000646652
0.000556894
0.000540433
0.000528074
0.000428844
0.00026541
0.000131255
8.46275e-05
0.000119659
0.000211794
0.000343551
0.000856056
0.000841401
0.000765835
0.000646652
0.000556894
0.000540433
0.000528074
0.000428844
0.00026541
0.000131255
8.46275e-05
0.000119659
0.000211794
0.000343551
0.000856056
0.000841401
0.000765835
0.000646652
0.000556894
0.000540433
0.000528074
0.000428844
0.00026541
0.000131255
8.46275e-05
0.000119659
0.000211794
0.000343551
0.000856056
0.000841401
0.000765835
0.000646652
0.000556894
0.000540433
0.000528074
0.000428844
0.00026541
0.000131255
8.46275e-05
0.000119659
0.000211794
0.000343551
0.000856056
0.000841401
0.000765835
0.000646652
0.000556894
0.000540433
0.000528074
0.000428844
0.00026541
0.000131255
8.46275e-05
0.000119659
0.000211794
0.000343551
0.000856056
0.000841401
0.000765835
0.000646652
0.000556894
0.000540433
0.000528074
0.000428844
0.00026541
0.000131255
8.46275e-05
0.000119659
0.000211794
0.000343551
0.000856056
0.000841401
0.000765835
0.000646652
0.000556894
0.000540433
0.000528074
0.000428844
0.00026541
0.000131255
8.46275e-05
0.000119659
0.000211794
0.000343551
0.000856056
0.000841401
0.000765835
0.000646652
0.000556894
0.000540433
0.000528074
0.000428844
0.00026541
0.000131255
8.46275e-05
0.000119659
0.000211794
0.000343551
0.000856056
0.000841401
0.000765835
0.000646652
0.000556894
0.000540433
0.000528074
0.000428844
0.00026541
0.000131255
8.46275e-05
0.000119659
0.000211794
0.000343551
0.000570704
0.000560933
0.000510554
0.000431095
0.000371259
0.000360299
0.000352081
0.000285942
0.000176982
8.75219e-05
5.63967e-05
7.96997e-05
0.000141064
0.000228845
0.000570704
0.000560023
0.000504165
0.000416867
0.000364095
0.000399757
0.000482803
0.000481146
0.000295875
8.39736e-05
0.000104932
0.000190674
0.000189156
0.000363051
0.000570704
0.00056026
0.000506613
0.000422499
0.000358024
0.000340583
0.000328382
0.000269833
0.000173527
8.67277e-05
5.34549e-05
8.23753e-05
0.000145295
0.000223678
0.000570704
0.000560577
0.000508455
0.000426215
0.000362679
0.000346136
0.000333153
0.000268572
0.00016697
8.3834e-05
5.47198e-05
7.88463e-05
0.000140831
0.000225398
0.000570704
0.000560753
0.000509477
0.000428505
0.000366524
0.00035241
0.000341504
0.000275868
0.00017056
8.47915e-05
5.53343e-05
7.91248e-05
0.000140667
0.000226873
0.000570704
0.000560843
0.000510009
0.000429763
0.000368786
0.000356176
0.000346565
0.000280631
0.000173477
8.59415e-05
5.5784e-05
7.93781e-05
0.000140806
0.000227781
0.000570704
0.000560888
0.00051028
0.00043042
0.000369997
0.000358196
0.000349271
0.000283225
0.000175163
8.66792e-05
5.60672e-05
7.95292e-05
0.00014092
0.000228292
0.000570704
0.00056091
0.000510416
0.000430755
0.000370622
0.000359237
0.000350664
0.000284569
0.000176056
8.70876e-05
5.62258e-05
7.96119e-05
0.000140988
0.000228563
0.000570704
0.000560922
0.000510485
0.000430925
0.000370939
0.000359766
0.000351369
0.000285252
0.000176516
8.73016e-05
5.63097e-05
7.96551e-05
0.000141025
0.000228703
0.000570704
0.000560928
0.000510519
0.00043101
0.000371099
0.000360032
0.000351724
0.000285596
0.000176748
8.74109e-05
5.63528e-05
7.96773e-05
0.000141044
0.000228774
0.000570704
0.00056093
0.000510536
0.000431053
0.000371179
0.000360165
0.000351903
0.000285769
0.000176865
8.74662e-05
5.63746e-05
7.96885e-05
0.000141054
0.000228809
0.000570704
0.000560932
0.000510545
0.000431074
0.000371219
0.000360232
0.000351992
0.000285855
0.000176924
8.7494e-05
5.63856e-05
7.96941e-05
0.000141059
0.000228827
0.000570704
0.000560932
0.000510549
0.000431085
0.000371239
0.000360266
0.000352036
0.000285899
0.000176953
8.7508e-05
5.63911e-05
7.96969e-05
0.000141061
0.000228836
0.000570704
0.000560933
0.000510551
0.00043109
0.000371249
0.000360282
0.000352059
0.00028592
0.000176968
8.75149e-05
5.63939e-05
7.96983e-05
0.000141063
0.000228841
0.000570704
0.000560933
0.000510553
0.000431093
0.000371254
0.000360291
0.00035207
0.000285931
0.000176975
8.75184e-05
5.63953e-05
7.9699e-05
0.000141063
0.000228843
0.000570704
0.000560933
0.000510553
0.000431094
0.000371257
0.000360295
0.000352075
0.000285937
0.000176979
8.75202e-05
5.6396e-05
7.96994e-05
0.000141064
0.000228844
0.000570704
0.000560933
0.000510553
0.000431095
0.000371258
0.000360297
0.000352078
0.000285939
0.000176981
8.75211e-05
5.63963e-05
7.96996e-05
0.000141064
0.000228845
0.000570704
0.000560933
0.000510553
0.000431095
0.000371259
0.000360298
0.00035208
0.000285941
0.000176982
8.75215e-05
5.63965e-05
7.96997e-05
0.000141064
0.000228845
0.000570704
0.000560933
0.000510554
0.000431095
0.000371259
0.000360299
0.00035208
0.000285941
0.000176982
8.75217e-05
5.63966e-05
7.96997e-05
0.000141064
0.000228845
0.000570704
0.000560933
0.000510554
0.000431095
0.000371259
0.000360299
0.000352081
0.000285942
0.000176982
8.75218e-05
5.63966e-05
7.96997e-05
0.000141064
0.000228845
0.000570704
0.000560933
0.000510554
0.000431095
0.000371259
0.000360299
0.000352081
0.000285942
0.000176982
8.75219e-05
5.63966e-05
7.96997e-05
0.000141064
0.000228845
0.000570704
0.000560933
0.000510554
0.000431095
0.000371259
0.000360299
0.000352081
0.000285942
0.000176982
8.75219e-05
5.63966e-05
7.96997e-05
0.000141064
0.000228845
0.000570704
0.000560933
0.000510554
0.000431095
0.000371259
0.000360299
0.000352081
0.000285942
0.000176982
8.75219e-05
5.63967e-05
7.96997e-05
0.000141064
0.000228845
0.000570704
0.000560933
0.000510554
0.000431095
0.000371259
0.000360299
0.000352081
0.000285942
0.000176982
8.75219e-05
5.63967e-05
7.96997e-05
0.000141064
0.000228845
0.000570704
0.000560933
0.000510554
0.000431095
0.000371259
0.000360299
0.000352081
0.000285942
0.000176982
8.75219e-05
5.63967e-05
7.96997e-05
0.000141064
0.000228845
0.000570704
0.000560933
0.000510554
0.000431095
0.000371259
0.000360299
0.000352081
0.000285942
0.000176982
8.75219e-05
5.63967e-05
7.96997e-05
0.000141064
0.000228845
0.000570704
0.000560933
0.000510554
0.000431095
0.000371259
0.000360299
0.000352081
0.000285942
0.000176982
8.75219e-05
5.63967e-05
7.96997e-05
0.000141064
0.000228845
0.000570704
0.000560933
0.000510554
0.000431095
0.000371259
0.000360299
0.000352081
0.000285942
0.000176982
8.75219e-05
5.63967e-05
7.96997e-05
0.000141064
0.000228845
0.000570704
0.000560933
0.000510554
0.000431095
0.000371259
0.000360299
0.000352081
0.000285942
0.000176982
8.75219e-05
5.63967e-05
7.96997e-05
0.000141064
0.000228845
0.000570704
0.000560933
0.000510554
0.000431095
0.000371259
0.000360299
0.000352081
0.000285942
0.000176982
8.75219e-05
5.63967e-05
7.96997e-05
0.000141064
0.000228845
0.000570704
0.000560933
0.000510554
0.000431095
0.000371259
0.000360299
0.000352081
0.000285942
0.000176982
8.75219e-05
5.63967e-05
7.96997e-05
0.000141064
0.000228845
0.000570704
0.000560933
0.000510554
0.000431095
0.000371259
0.000360299
0.000352081
0.000285942
0.000176982
8.75219e-05
5.63967e-05
7.96997e-05
0.000141064
0.000228845
0.000570704
0.000560933
0.000510554
0.000431095
0.000371259
0.000360299
0.000352081
0.000285942
0.000176982
8.75219e-05
5.63967e-05
7.96997e-05
0.000141064
0.000228845
0.000570704
0.000560933
0.000510554
0.000431095
0.000371259
0.000360299
0.000352081
0.000285942
0.000176982
8.75219e-05
5.63967e-05
7.96997e-05
0.000141064
0.000228845
0.000570704
0.000560933
0.000510554
0.000431095
0.000371259
0.000360299
0.000352081
0.000285942
0.000176982
8.75219e-05
5.63967e-05
7.96997e-05
0.000141064
0.000228845
0.000570704
0.000560933
0.000510554
0.000431095
0.000371259
0.000360299
0.000352081
0.000285942
0.000176982
8.75219e-05
5.63967e-05
7.96997e-05
0.000141064
0.000228845
0.000570704
0.000560933
0.000510554
0.000431095
0.000371259
0.000360299
0.000352081
0.000285942
0.000176982
8.75219e-05
5.63967e-05
7.96997e-05
0.000141064
0.000228845
0.000570704
0.000560933
0.000510554
0.000431095
0.000371259
0.000360299
0.000352081
0.000285942
0.000176982
8.75219e-05
5.63967e-05
7.96997e-05
0.000141064
0.000228845
0.000570704
0.000560933
0.000510554
0.000431095
0.000371259
0.000360299
0.000352081
0.000285942
0.000176982
8.75219e-05
5.63967e-05
7.96997e-05
0.000141064
0.000228845
0.000570704
0.000560933
0.000510554
0.000431095
0.000371259
0.000360299
0.000352081
0.000285942
0.000176982
8.75219e-05
5.63967e-05
7.96997e-05
0.000141064
0.000228845
0.000570704
0.000560933
0.000510554
0.000431095
0.000371259
0.000360299
0.000352081
0.000285942
0.000176982
8.75219e-05
5.63967e-05
7.96997e-05
0.000141064
0.000228845
0.000570704
0.000560933
0.000510554
0.000431095
0.000371259
0.000360299
0.000352081
0.000285942
0.000176982
8.75219e-05
5.63967e-05
7.96997e-05
0.000141064
0.000228845
0.000570704
0.000560933
0.000510554
0.000431095
0.000371259
0.000360299
0.000352081
0.000285942
0.000176982
8.75219e-05
5.63967e-05
7.96997e-05
0.000141064
0.000228845
0.000570704
0.000560933
0.000510554
0.000431095
0.000371259
0.000360299
0.000352081
0.000285942
0.000176982
8.75219e-05
5.63967e-05
7.96997e-05
0.000141064
0.000228845
0.000570704
0.000560933
0.000510554
0.000431095
0.000371259
0.000360299
0.000352081
0.000285942
0.000176982
8.75219e-05
5.63967e-05
7.96997e-05
0.000141064
0.000228845
0.000570704
0.000560933
0.000510554
0.000431095
0.000371259
0.000360299
0.000352081
0.000285942
0.000176982
8.75219e-05
5.63967e-05
7.96997e-05
0.000141064
0.000228845
0.000570704
0.000560933
0.000510554
0.000431095
0.000371259
0.000360299
0.000352081
0.000285942
0.000176982
8.75219e-05
5.63967e-05
7.96997e-05
0.000141064
0.000228845
0.000570704
0.000560933
0.000510554
0.000431095
0.000371259
0.000360299
0.000352081
0.000285942
0.000176982
8.75219e-05
5.63967e-05
7.96997e-05
0.000141064
0.000228845
0.000570704
0.000560933
0.000510554
0.000431095
0.000371259
0.000360299
0.000352081
0.000285942
0.000176982
8.75219e-05
5.63967e-05
7.96997e-05
0.000141064
0.000228845
0.000570704
0.000560933
0.000510554
0.000431095
0.000371259
0.000360299
0.000352081
0.000285942
0.000176982
8.75219e-05
5.63967e-05
7.96997e-05
0.000141064
0.000228845
0.000570704
0.000560933
0.000510554
0.000431095
0.000371259
0.000360299
0.000352081
0.000285942
0.000176982
8.75219e-05
5.63967e-05
7.96997e-05
0.000141064
0.000228845
0.000570704
0.000560933
0.000510554
0.000431095
0.000371259
0.000360299
0.000352081
0.000285942
0.000176982
8.75219e-05
5.63967e-05
7.96997e-05
0.000141064
0.000228845
0.000570704
0.000560933
0.000510554
0.000431095
0.000371259
0.000360299
0.000352081
0.000285942
0.000176982
8.75219e-05
5.63967e-05
7.96997e-05
0.000141064
0.000228845
0.000570704
0.000560933
0.000510554
0.000431095
0.000371259
0.000360299
0.000352081
0.000285942
0.000176982
8.75219e-05
5.63967e-05
7.96997e-05
0.000141064
0.000228845
0.000570704
0.000560933
0.000510554
0.000431095
0.000371259
0.000360299
0.000352081
0.000285942
0.000176982
8.75219e-05
5.63967e-05
7.96997e-05
0.000141064
0.000228845
0.000570704
0.000560933
0.000510554
0.000431095
0.000371259
0.000360299
0.000352081
0.000285942
0.000176982
8.75219e-05
5.63967e-05
7.96997e-05
0.000141064
0.000228845
0.000570704
0.000560933
0.000510554
0.000431095
0.000371259
0.000360299
0.000352081
0.000285942
0.000176982
8.75219e-05
5.63967e-05
7.96997e-05
0.000141064
0.000228845
0.000570704
0.000560933
0.000510554
0.000431095
0.000371259
0.000360299
0.000352081
0.000285942
0.000176982
8.75219e-05
5.63967e-05
7.96997e-05
0.000141064
0.000228845
0.000570704
0.000560933
0.000510554
0.000431095
0.000371259
0.000360299
0.000352081
0.000285942
0.000176982
8.75219e-05
5.63967e-05
7.96997e-05
0.000141064
0.000228845
0.000570704
0.000560933
0.000510554
0.000431095
0.000371259
0.000360299
0.000352081
0.000285942
0.000176982
8.75219e-05
5.63967e-05
7.96997e-05
0.000141064
0.000228845
0.000570704
0.000560933
0.000510554
0.000431095
0.000371259
0.000360299
0.000352081
0.000285942
0.000176982
8.75219e-05
5.63967e-05
7.96997e-05
0.000141064
0.000228845
0.000570704
0.000560933
0.000510554
0.000431095
0.000371259
0.000360299
0.000352081
0.000285942
0.000176982
8.75219e-05
5.63967e-05
7.96997e-05
0.000141064
0.000228845
0.000570704
0.000560933
0.000510554
0.000431095
0.000371259
0.000360299
0.000352081
0.000285942
0.000176982
8.75219e-05
5.63967e-05
7.96997e-05
0.000141064
0.000228845
0.000570704
0.000560933
0.000510554
0.000431095
0.000371259
0.000360299
0.000352081
0.000285942
0.000176982
8.75219e-05
5.63967e-05
7.96997e-05
0.000141064
0.000228845
0.000570704
0.000560933
0.000510554
0.000431095
0.000371259
0.000360299
0.000352081
0.000285942
0.000176982
8.75219e-05
5.63967e-05
7.96997e-05
0.000141064
0.000228845
0.000570704
0.000560933
0.000510554
0.000431095
0.000371259
0.000360299
0.000352081
0.000285942
0.000176982
8.75219e-05
5.63967e-05
7.96997e-05
0.000141064
0.000228845
0.000570704
0.000560933
0.000510554
0.000431095
0.000371259
0.000360299
0.000352081
0.000285942
0.000176982
8.75219e-05
5.63967e-05
7.96997e-05
0.000141064
0.000228845
0.000570704
0.000560933
0.000510554
0.000431095
0.000371259
0.000360299
0.000352081
0.000285942
0.000176982
8.75219e-05
5.63967e-05
7.96997e-05
0.000141064
0.000228845
0.000570704
0.000560933
0.000510554
0.000431095
0.000371259
0.000360299
0.000352081
0.000285942
0.000176982
8.75219e-05
5.63967e-05
7.96997e-05
0.000141064
0.000228845
0.000570704
0.000560933
0.000510554
0.000431095
0.000371259
0.000360299
0.000352081
0.000285942
0.000176982
8.75219e-05
5.63967e-05
7.96997e-05
0.000141064
0.000228845
0.000570704
0.000560933
0.000510554
0.000431095
0.000371259
0.000360299
0.000352081
0.000285942
0.000176982
8.75219e-05
5.63967e-05
7.96997e-05
0.000141064
0.000228845
0.000570704
0.000560933
0.000510554
0.000431095
0.000371259
0.000360299
0.000352081
0.000285942
0.000176982
8.75219e-05
5.63967e-05
7.96997e-05
0.000141064
0.000228845
0.000570704
0.000560933
0.000510554
0.000431095
0.000371259
0.000360299
0.000352081
0.000285942
0.000176982
8.75219e-05
5.63967e-05
7.96997e-05
0.000141064
0.000228845
0.000570704
0.000560933
0.000510554
0.000431095
0.000371259
0.000360299
0.000352081
0.000285942
0.000176982
8.75219e-05
5.63967e-05
7.96997e-05
0.000141064
0.000228845
0.000570704
0.000560933
0.000510554
0.000431095
0.000371259
0.000360299
0.000352081
0.000285942
0.000176982
8.75219e-05
5.63967e-05
7.96997e-05
0.000141064
0.000228845
0.000570704
0.000560933
0.000510554
0.000431095
0.000371259
0.000360299
0.000352081
0.000285942
0.000176982
8.75219e-05
5.63967e-05
7.96997e-05
0.000141064
0.000228845
0.000570704
0.000560933
0.000510554
0.000431095
0.000371259
0.000360299
0.000352081
0.000285942
0.000176982
8.75219e-05
5.63967e-05
7.96997e-05
0.000141064
0.000228845
0.000570704
0.000560933
0.000510554
0.000431095
0.000371259
0.000360299
0.000352081
0.000285942
0.000176982
8.75219e-05
5.63967e-05
7.96997e-05
0.000141064
0.000228845
0.000570704
0.000560933
0.000510554
0.000431095
0.000371259
0.000360299
0.000352081
0.000285942
0.000176982
8.75219e-05
5.63967e-05
7.96997e-05
0.000141064
0.000228845
0.000570704
0.000560933
0.000510554
0.000431095
0.000371259
0.000360299
0.000352081
0.000285942
0.000176982
8.75219e-05
5.63967e-05
7.96997e-05
0.000141064
0.000228845
0.000570704
0.000560933
0.000510554
0.000431095
0.000371259
0.000360299
0.000352081
0.000285942
0.000176982
8.75219e-05
5.63967e-05
7.96997e-05
0.000141064
0.000228845
0.000570704
0.000560933
0.000510554
0.000431095
0.000371259
0.000360299
0.000352081
0.000285942
0.000176982
8.75219e-05
5.63967e-05
7.96997e-05
0.000141064
0.000228845
0.000570704
0.000560933
0.000510554
0.000431095
0.000371259
0.000360299
0.000352081
0.000285942
0.000176982
8.75219e-05
5.63967e-05
7.96997e-05
0.000141064
0.000228845
0.000570704
0.000560933
0.000510554
0.000431095
0.000371259
0.000360299
0.000352081
0.000285942
0.000176982
8.75219e-05
5.63967e-05
7.96997e-05
0.000141064
0.000228845
0.000570704
0.000560933
0.000510554
0.000431095
0.000371259
0.000360299
0.000352081
0.000285942
0.000176982
8.75219e-05
5.63967e-05
7.96997e-05
0.000141064
0.000228845
0.000570704
0.000560933
0.000510554
0.000431095
0.000371259
0.000360299
0.000352081
0.000285942
0.000176982
8.75219e-05
5.63967e-05
7.96997e-05
0.000141064
0.000228845
0.000570704
0.000560933
0.000510554
0.000431095
0.000371259
0.000360299
0.000352081
0.000285942
0.000176982
8.75219e-05
5.63967e-05
7.96997e-05
0.000141064
0.000228845
0.000570704
0.000560933
0.000510554
0.000431095
0.000371259
0.000360299
0.000352081
0.000285942
0.000176982
8.75219e-05
5.63967e-05
7.96997e-05
0.000141064
0.000228845
0.000570704
0.000560933
0.000510554
0.000431095
0.000371259
0.000360299
0.000352081
0.000285942
0.000176982
8.75219e-05
5.63967e-05
7.96997e-05
0.000141064
0.000228845
0.000570704
0.000560933
0.000510554
0.000431095
0.000371259
0.000360299
0.000352081
0.000285942
0.000176982
8.75219e-05
5.63967e-05
7.96997e-05
0.000141064
0.000228845
0.000570704
0.000560933
0.000510554
0.000431095
0.000371259
0.000360299
0.000352081
0.000285942
0.000176982
8.75219e-05
5.63967e-05
7.96997e-05
0.000141064
0.000228845
0.000570704
0.000560933
0.000510554
0.000431095
0.000371259
0.000360299
0.000352081
0.000285942
0.000176982
8.75219e-05
5.63967e-05
7.96997e-05
0.000141064
0.000228845
0.000570704
0.000560933
0.000510554
0.000431095
0.000371259
0.000360299
0.000352081
0.000285942
0.000176982
8.75219e-05
5.63967e-05
7.96997e-05
0.000141064
0.000228845
0.000570704
0.000560933
0.000510554
0.000431095
0.000371259
0.000360299
0.000352081
0.000285942
0.000176982
8.75219e-05
5.63967e-05
7.96997e-05
0.000141064
0.000228845
0.000570704
0.000560933
0.000510554
0.000431095
0.000371259
0.000360299
0.000352081
0.000285942
0.000176982
8.75219e-05
5.63967e-05
7.96997e-05
0.000141064
0.000228845
0.000570704
0.000560933
0.000510554
0.000431095
0.000371259
0.000360299
0.000352081
0.000285942
0.000176982
8.75219e-05
5.63967e-05
7.96997e-05
0.000141064
0.000228845
0.000570704
0.000560933
0.000510554
0.000431095
0.000371259
0.000360299
0.000352081
0.000285942
0.000176982
8.75219e-05
5.63967e-05
7.96997e-05
0.000141064
0.000228845
0.000570704
0.000560933
0.000510554
0.000431095
0.000371259
0.000360299
0.000352081
0.000285942
0.000176982
8.75219e-05
5.63967e-05
7.96997e-05
0.000141064
0.000228845
0.000570704
0.000560933
0.000510554
0.000431095
0.000371259
0.000360299
0.000352081
0.000285942
0.000176982
8.75219e-05
5.63967e-05
7.96997e-05
0.000141064
0.000228845
0.000570704
0.000560933
0.000510554
0.000431095
0.000371259
0.000360299
0.000352081
0.000285942
0.000176982
8.75219e-05
5.63967e-05
7.96997e-05
0.000141064
0.000228845
0.000570704
0.000560933
0.000510554
0.000431095
0.000371259
0.000360299
0.000352081
0.000285942
0.000176982
8.75219e-05
5.63967e-05
7.96997e-05
0.000141064
0.000228845
0.000570704
0.000560933
0.000510554
0.000431095
0.000371259
0.000360299
0.000352081
0.000285942
0.000176982
8.75219e-05
5.63967e-05
7.96997e-05
0.000141064
0.000228845
0.000570704
0.000560933
0.000510554
0.000431095
0.000371259
0.000360299
0.000352081
0.000285942
0.000176982
8.75219e-05
5.63967e-05
7.96997e-05
0.000141064
0.000228845
0.000570704
0.000560933
0.000510554
0.000431095
0.000371259
0.000360299
0.000352081
0.000285942
0.000176982
8.75219e-05
5.63967e-05
7.96997e-05
0.000141064
0.000228845
0.000570704
0.000560933
0.000510554
0.000431095
0.000371259
0.000360299
0.000352081
0.000285942
0.000176982
8.75219e-05
5.63967e-05
7.96997e-05
0.000141064
0.000228845
0.000570704
0.000560933
0.000510554
0.000431095
0.000371259
0.000360299
0.000352081
0.000285942
0.000176982
8.75219e-05
5.63967e-05
7.96997e-05
0.000141064
0.000228845
0.000570704
0.000560933
0.000510554
0.000431095
0.000371259
0.000360299
0.000352081
0.000285942
0.000176982
8.75219e-05
5.63967e-05
7.96997e-05
0.000141064
0.000228845
0.000570704
0.000560933
0.000510554
0.000431095
0.000371259
0.000360299
0.000352081
0.000285942
0.000176982
8.75219e-05
5.63967e-05
7.96997e-05
0.000141064
0.000228845
0.000570704
0.000560933
0.000510554
0.000431095
0.000371259
0.000360299
0.000352081
0.000285942
0.000176982
8.75219e-05
5.63967e-05
7.96997e-05
0.000141064
0.000228845
0.000570704
0.000560933
0.000510554
0.000431095
0.000371259
0.000360299
0.000352081
0.000285942
0.000176982
8.75219e-05
5.63967e-05
7.96997e-05
0.000141064
0.000228845
0.000570704
0.000560933
0.000510554
0.000431095
0.000371259
0.000360299
0.000352081
0.000285942
0.000176982
8.75219e-05
5.63967e-05
7.96997e-05
0.000141064
0.000228845
0.000570704
0.000560933
0.000510554
0.000431095
0.000371259
0.000360299
0.000352081
0.000285942
0.000176982
8.75219e-05
5.63967e-05
7.96997e-05
0.000141064
0.000228845
0.000570704
0.000560933
0.000510554
0.000431095
0.000371259
0.000360299
0.000352081
0.000285942
0.000176982
8.75219e-05
5.63967e-05
7.96997e-05
0.000141064
0.000228845
0.000570704
0.000560933
0.000510554
0.000431095
0.000371259
0.000360299
0.000352081
0.000285942
0.000176982
8.75219e-05
5.63967e-05
7.96997e-05
0.000141064
0.000228845
0.000570704
0.000560933
0.000510554
0.000431095
0.000371259
0.000360299
0.000352081
0.000285942
0.000176982
8.75219e-05
5.63967e-05
7.96997e-05
0.000141064
0.000228845
0.000570704
0.000560933
0.000510554
0.000431095
0.000371259
0.000360299
0.000352081
0.000285942
0.000176982
8.75219e-05
5.63967e-05
7.96997e-05
0.000141064
0.000228845
0.000570704
0.000560933
0.000510554
0.000431095
0.000371259
0.000360299
0.000352081
0.000285942
0.000176982
8.75219e-05
5.63967e-05
7.96997e-05
0.000141064
0.000228845
0.000570704
0.000560933
0.000510554
0.000431095
0.000371259
0.000360299
0.000352081
0.000285942
0.000176982
8.75219e-05
5.63967e-05
7.96997e-05
0.000141064
0.000228845
0.000570704
0.000560933
0.000510554
0.000431095
0.000371259
0.000360299
0.000352081
0.000285942
0.000176982
8.75219e-05
5.63967e-05
7.96997e-05
0.000141064
0.000228845
0.000570704
0.000560933
0.000510554
0.000431095
0.000371259
0.000360299
0.000352081
0.000285942
0.000176982
8.75219e-05
5.63967e-05
7.96997e-05
0.000141064
0.000228845
0.000570704
0.000560933
0.000510554
0.000431095
0.000371259
0.000360299
0.000352081
0.000285942
0.000176982
8.75219e-05
5.63967e-05
7.96997e-05
0.000141064
0.000228845
