0.00171293
0.00169003
0.00158675
0.00148537
0.00143947
0.00130648
0.00101469
0.000665212
0.000381441
0.000227658
0.000214462
0.000328116
0.000552916
0.000865553
0.00171293
0.00141483
0.000342007
0.00388309
0.00839215
0.0127036
0.0155369
0.0155974
0.0115842
0.00171781
0.011265
0.0149973
0.00165921
0.0164451
0.00171293
0.00150789
0.000454129
0.00136379
0.00341358
0.00532023
0.00673359
0.00715723
0.00620823
0.00383803
0.000610929
0.00178156
0.00101285
0.00384787
0.00171293
0.00159614
0.00100967
4.70209e-05
0.000986659
0.00196184
0.00276069
0.00314841
0.00293561
0.00211912
0.000927941
0.000109087
0.000237182
0.00111521
0.00171293
0.00164298
0.001298
0.000765905
0.000227274
0.000319989
0.000854006
0.00122017
0.00127648
0.000997836
0.000484557
3.9697e-05
0.000259656
0.000103266
0.00171293
0.00166653
0.00144256
0.00112592
0.000833783
0.000494927
8.44845e-05
0.000272611
0.000446974
0.000395785
0.000162035
0.000144936
0.000373971
0.000380409
0.00171293
0.00167829
0.00151473
0.00130575
0.00113676
0.000901105
0.000550556
0.000197457
3.25982e-05
8.64915e-05
2.00023e-05
0.000227426
0.000455601
0.000622195
0.00171293
0.00168417
0.00155076
0.00139559
0.00128815
0.00110389
0.000782857
0.000431616
0.000174467
7.00044e-05
0.000115742
0.000275572
0.000502329
0.000743612
0.00171293
0.0016871
0.00156876
0.00144049
0.00136382
0.00120521
0.00089883
0.000548483
0.000277966
0.00014869
0.000164737
0.000301303
0.000527144
0.000804509
0.00171293
0.00168857
0.00157776
0.00146293
0.00140165
0.00125585
0.000956773
0.000606865
0.000329707
0.000188139
0.000189509
0.000314576
0.000539911
0.000835012
0.00171293
0.0016893
0.00158225
0.00147415
0.00142056
0.00128117
0.000985734
0.000636043
0.000355575
0.00020789
0.000201963
0.000321313
0.000546384
0.000850277
0.00171293
0.00168967
0.0015845
0.00147976
0.00143002
0.00129382
0.00100021
0.000650629
0.000368508
0.000217772
0.000208207
0.000324706
0.000549643
0.000857914
0.00171293
0.00168985
0.00158563
0.00148256
0.00143475
0.00130015
0.00100745
0.000657921
0.000374975
0.000222714
0.000211333
0.000326409
0.000551278
0.000861733
0.00171293
0.00168994
0.00158619
0.00148397
0.00143711
0.00130332
0.00101107
0.000661566
0.000378208
0.000225186
0.000212897
0.000327262
0.000552097
0.000863643
0.00171293
0.00168999
0.00158647
0.00148467
0.00143829
0.0013049
0.00101288
0.000663389
0.000379825
0.000226422
0.00021368
0.000327689
0.000552506
0.000864598
0.00171293
0.00169001
0.00158661
0.00148502
0.00143888
0.00130569
0.00101378
0.000664301
0.000380633
0.00022704
0.000214071
0.000327902
0.000552711
0.000865075
0.00171293
0.00169002
0.00158668
0.00148519
0.00143918
0.00130608
0.00101423
0.000664756
0.000381037
0.000227349
0.000214267
0.000328009
0.000552814
0.000865314
0.00171293
0.00169003
0.00158671
0.00148528
0.00143933
0.00130628
0.00101446
0.000664984
0.000381239
0.000227504
0.000214364
0.000328063
0.000552865
0.000865434
0.00171293
0.00169003
0.00158673
0.00148532
0.0014394
0.00130638
0.00101457
0.000665098
0.00038134
0.000227581
0.000214413
0.000328089
0.000552891
0.000865493
0.00171293
0.00169003
0.00158674
0.00148535
0.00143944
0.00130643
0.00101463
0.000665155
0.000381391
0.000227619
0.000214438
0.000328103
0.000552904
0.000865523
0.00171293
0.00169003
0.00158675
0.00148536
0.00143945
0.00130645
0.00101466
0.000665184
0.000381416
0.000227639
0.00021445
0.000328109
0.00055291
0.000865538
0.00171293
0.00169003
0.00158675
0.00148536
0.00143946
0.00130647
0.00101467
0.000665198
0.000381429
0.000227648
0.000214456
0.000328113
0.000552913
0.000865546
0.00171293
0.00169003
0.00158675
0.00148537
0.00143947
0.00130647
0.00101468
0.000665205
0.000381435
0.000227653
0.000214459
0.000328114
0.000552915
0.000865549
0.00171293
0.00169003
0.00158675
0.00148537
0.00143947
0.00130648
0.00101468
0.000665209
0.000381438
0.000227656
0.000214461
0.000328115
0.000552916
0.000865551
0.00171293
0.00169003
0.00158675
0.00148537
0.00143947
0.00130648
0.00101469
0.00066521
0.00038144
0.000227657
0.000214462
0.000328116
0.000552916
0.000865552
0.00171293
0.00169003
0.00158675
0.00148537
0.00143947
0.00130648
0.00101469
0.000665211
0.000381441
0.000227657
0.000214462
0.000328116
0.000552916
0.000865553
0.00171293
0.00169003
0.00158675
0.00148537
0.00143947
0.00130648
0.00101469
0.000665212
0.000381441
0.000227658
0.000214462
0.000328116
0.000552916
0.000865553
0.00171293
0.00169003
0.00158675
0.00148537
0.00143947
0.00130648
0.00101469
0.000665212
0.000381441
0.000227658
0.000214462
0.000328116
0.000552916
0.000865553
0.00171293
0.00169003
0.00158675
0.00148537
0.00143947
0.00130648
0.00101469
0.000665212
0.000381441
0.000227658
0.000214462
0.000328116
0.000552916
0.000865553
0.00171293
0.00169003
0.00158675
0.00148537
0.00143947
0.00130648
0.00101469
0.000665212
0.000381441
0.000227658
0.000214462
0.000328116
0.000552916
0.000865553
0.00171293
0.00169003
0.00158675
0.00148537
0.00143947
0.00130648
0.00101469
0.000665212
0.000381441
0.000227658
0.000214462
0.000328116
0.000552916
0.000865553
0.00171293
0.00169003
0.00158675
0.00148537
0.00143947
0.00130648
0.00101469
0.000665212
0.000381441
0.000227658
0.000214462
0.000328116
0.000552916
0.000865553
0.00171293
0.00169003
0.00158675
0.00148537
0.00143947
0.00130648
0.00101469
0.000665212
0.000381441
0.000227658
0.000214462
0.000328116
0.000552916
0.000865553
0.00171293
0.00169003
0.00158675
0.00148537
0.00143947
0.00130648
0.00101469
0.000665212
0.000381441
0.000227658
0.000214462
0.000328116
0.000552916
0.000865553
0.00171293
0.00169003
0.00158675
0.00148537
0.00143947
0.00130648
0.00101469
0.000665212
0.000381441
0.000227658
0.000214462
0.000328116
0.000552916
0.000865553
0.00171293
0.00169003
0.00158675
0.00148537
0.00143947
0.00130648
0.00101469
0.000665212
0.000381441
0.000227658
0.000214462
0.000328116
0.000552916
0.000865553
0.00171293
0.00169003
0.00158675
0.00148537
0.00143947
0.00130648
0.00101469
0.000665212
0.000381441
0.000227658
0.000214462
0.000328116
0.000552916
0.000865553
0.00171293
0.00169003
0.00158675
0.00148537
0.00143947
0.00130648
0.00101469
0.000665212
0.000381441
0.000227658
0.000214462
0.000328116
0.000552916
0.000865553
0.00171293
0.00169003
0.00158675
0.00148537
0.00143947
0.00130648
0.00101469
0.000665212
0.000381441
0.000227658
0.000214462
0.000328116
0.000552916
0.000865553
0.00171293
0.00169003
0.00158675
0.00148537
0.00143947
0.00130648
0.00101469
0.000665212
0.000381441
0.000227658
0.000214462
0.000328116
0.000552916
0.000865553
0.00171293
0.00169003
0.00158675
0.00148537
0.00143947
0.00130648
0.00101469
0.000665212
0.000381441
0.000227658
0.000214462
0.000328116
0.000552916
0.000865553
0.00171293
0.00169003
0.00158675
0.00148537
0.00143947
0.00130648
0.00101469
0.000665212
0.000381441
0.000227658
0.000214462
0.000328116
0.000552916
0.000865553
0.00171293
0.00169003
0.00158675
0.00148537
0.00143947
0.00130648
0.00101469
0.000665212
0.000381441
0.000227658
0.000214462
0.000328116
0.000552916
0.000865553
0.00171293
0.00169003
0.00158675
0.00148537
0.00143947
0.00130648
0.00101469
0.000665212
0.000381441
0.000227658
0.000214462
0.000328116
0.000552916
0.000865553
0.00171293
0.00169003
0.00158675
0.00148537
0.00143947
0.00130648
0.00101469
0.000665212
0.000381441
0.000227658
0.000214462
0.000328116
0.000552916
0.000865553
0.00171293
0.00169003
0.00158675
0.00148537
0.00143947
0.00130648
0.00101469
0.000665212
0.000381441
0.000227658
0.000214462
0.000328116
0.000552916
0.000865553
0.00171293
0.00169003
0.00158675
0.00148537
0.00143947
0.00130648
0.00101469
0.000665212
0.000381441
0.000227658
0.000214462
0.000328116
0.000552916
0.000865553
0.00171293
0.00169003
0.00158675
0.00148537
0.00143947
0.00130648
0.00101469
0.000665212
0.000381441
0.000227658
0.000214462
0.000328116
0.000552916
0.000865553
0.00171293
0.00169003
0.00158675
0.00148537
0.00143947
0.00130648
0.00101469
0.000665212
0.000381441
0.000227658
0.000214462
0.000328116
0.000552916
0.000865553
0.00171293
0.00169003
0.00158675
0.00148537
0.00143947
0.00130648
0.00101469
0.000665212
0.000381441
0.000227658
0.000214462
0.000328116
0.000552916
0.000865553
0.00171293
0.00169003
0.00158675
0.00148537
0.00143947
0.00130648
0.00101469
0.000665212
0.000381441
0.000227658
0.000214462
0.000328116
0.000552916
0.000865553
0.00171293
0.00169003
0.00158675
0.00148537
0.00143947
0.00130648
0.00101469
0.000665212
0.000381441
0.000227658
0.000214462
0.000328116
0.000552916
0.000865553
0.00171293
0.00169003
0.00158675
0.00148537
0.00143947
0.00130648
0.00101469
0.000665212
0.000381441
0.000227658
0.000214462
0.000328116
0.000552916
0.000865553
0.00171293
0.00169003
0.00158675
0.00148537
0.00143947
0.00130648
0.00101469
0.000665212
0.000381441
0.000227658
0.000214462
0.000328116
0.000552916
0.000865553
0.00171293
0.00169003
0.00158675
0.00148537
0.00143947
0.00130648
0.00101469
0.000665212
0.000381441
0.000227658
0.000214462
0.000328116
0.000552916
0.000865553
0.00171293
0.00169003
0.00158675
0.00148537
0.00143947
0.00130648
0.00101469
0.000665212
0.000381441
0.000227658
0.000214462
0.000328116
0.000552916
0.000865553
0.00171293
0.00169003
0.00158675
0.00148537
0.00143947
0.00130648
0.00101469
0.000665212
0.000381441
0.000227658
0.000214462
0.000328116
0.000552916
0.000865553
0.00171293
0.00169003
0.00158675
0.00148537
0.00143947
0.00130648
0.00101469
0.000665212
0.000381441
0.000227658
0.000214462
0.000328116
0.000552916
0.000865553
0.00171293
0.00169003
0.00158675
0.00148537
0.00143947
0.00130648
0.00101469
0.000665212
0.000381441
0.000227658
0.000214462
0.000328116
0.000552916
0.000865553
0.00171293
0.00169003
0.00158675
0.00148537
0.00143947
0.00130648
0.00101469
0.000665212
0.000381441
0.000227658
0.000214462
0.000328116
0.000552916
0.000865553
0.00171293
0.00169003
0.00158675
0.00148537
0.00143947
0.00130648
0.00101469
0.000665212
0.000381441
0.000227658
0.000214462
0.000328116
0.000552916
0.000865553
0.00171293
0.00169003
0.00158675
0.00148537
0.00143947
0.00130648
0.00101469
0.000665212
0.000381441
0.000227658
0.000214462
0.000328116
0.000552916
0.000865553
0.00171293
0.00169003
0.00158675
0.00148537
0.00143947
0.00130648
0.00101469
0.000665212
0.000381441
0.000227658
0.000214462
0.000328116
0.000552916
0.000865553
0.00171293
0.00169003
0.00158675
0.00148537
0.00143947
0.00130648
0.00101469
0.000665212
0.000381441
0.000227658
0.000214462
0.000328116
0.000552916
0.000865553
0.00171293
0.00169003
0.00158675
0.00148537
0.00143947
0.00130648
0.00101469
0.000665212
0.000381441
0.000227658
0.000214462
0.000328116
0.000552916
0.000865553
0.00171293
0.00169003
0.00158675
0.00148537
0.00143947
0.00130648
0.00101469
0.000665212
0.000381441
0.000227658
0.000214462
0.000328116
0.000552916
0.000865553
0.00171293
0.00169003
0.00158675
0.00148537
0.00143947
0.00130648
0.00101469
0.000665212
0.000381441
0.000227658
0.000214462
0.000328116
0.000552916
0.000865553
0.00171293
0.00169003
0.00158675
0.00148537
0.00143947
0.00130648
0.00101469
0.000665212
0.000381441
0.000227658
0.000214462
0.000328116
0.000552916
0.000865553
0.00171293
0.00169003
0.00158675
0.00148537
0.00143947
0.00130648
0.00101469
0.000665212
0.000381441
0.000227658
0.000214462
0.000328116
0.000552916
0.000865553
0.00171293
0.00169003
0.00158675
0.00148537
0.00143947
0.00130648
0.00101469
0.000665212
0.000381441
0.000227658
0.000214462
0.000328116
0.000552916
0.000865553
0.00171293
0.00169003
0.00158675
0.00148537
0.00143947
0.00130648
0.00101469
0.000665212
0.000381441
0.000227658
0.000214462
0.000328116
0.000552916
0.000865553
0.00171293
0.00169003
0.00158675
0.00148537
0.00143947
0.00130648
0.00101469
0.000665212
0.000381441
0.000227658
0.000214462
0.000328116
0.000552916
0.000865553
0.00171293
0.00169003
0.00158675
0.00148537
0.00143947
0.00130648
0.00101469
0.000665212
0.000381441
0.000227658
0.000214462
0.000328116
0.000552916
0.000865553
0.00171293
0.00169003
0.00158675
0.00148537
0.00143947
0.00130648
0.00101469
0.000665212
0.000381441
0.000227658
0.000214462
0.000328116
0.000552916
0.000865553
0.00171293
0.00169003
0.00158675
0.00148537
0.00143947
0.00130648
0.00101469
0.000665212
0.000381441
0.000227658
0.000214462
0.000328116
0.000552916
0.000865553
0.00171293
0.00169003
0.00158675
0.00148537
0.00143947
0.00130648
0.00101469
0.000665212
0.000381441
0.000227658
0.000214462
0.000328116
0.000552916
0.000865553
0.00171293
0.00169003
0.00158675
0.00148537
0.00143947
0.00130648
0.00101469
0.000665212
0.000381441
0.000227658
0.000214462
0.000328116
0.000552916
0.000865553
0.00171293
0.00169003
0.00158675
0.00148537
0.00143947
0.00130648
0.00101469
0.000665212
0.000381441
0.000227658
0.000214462
0.000328116
0.000552916
0.000865553
0.00171293
0.00169003
0.00158675
0.00148537
0.00143947
0.00130648
0.00101469
0.000665212
0.000381441
0.000227658
0.000214462
0.000328116
0.000552916
0.000865553
0.00171293
0.00169003
0.00158675
0.00148537
0.00143947
0.00130648
0.00101469
0.000665212
0.000381441
0.000227658
0.000214462
0.000328116
0.000552916
0.000865553
0.00171293
0.00169003
0.00158675
0.00148537
0.00143947
0.00130648
0.00101469
0.000665212
0.000381441
0.000227658
0.000214462
0.000328116
0.000552916
0.000865553
0.00171293
0.00169003
0.00158675
0.00148537
0.00143947
0.00130648
0.00101469
0.000665212
0.000381441
0.000227658
0.000214462
0.000328116
0.000552916
0.000865553
0.00171293
0.00169003
0.00158675
0.00148537
0.00143947
0.00130648
0.00101469
0.000665212
0.000381441
0.000227658
0.000214462
0.000328116
0.000552916
0.000865553
0.00171293
0.00169003
0.00158675
0.00148537
0.00143947
0.00130648
0.00101469
0.000665212
0.000381441
0.000227658
0.000214462
0.000328116
0.000552916
0.000865553
0.00171293
0.00169003
0.00158675
0.00148537
0.00143947
0.00130648
0.00101469
0.000665212
0.000381441
0.000227658
0.000214462
0.000328116
0.000552916
0.000865553
0.00171293
0.00169003
0.00158675
0.00148537
0.00143947
0.00130648
0.00101469
0.000665212
0.000381441
0.000227658
0.000214462
0.000328116
0.000552916
0.000865553
0.00171293
0.00169003
0.00158675
0.00148537
0.00143947
0.00130648
0.00101469
0.000665212
0.000381441
0.000227658
0.000214462
0.000328116
0.000552916
0.000865553
0.00171293
0.00169003
0.00158675
0.00148537
0.00143947
0.00130648
0.00101469
0.000665212
0.000381441
0.000227658
0.000214462
0.000328116
0.000552916
0.000865553
0.00171293
0.00169003
0.00158675
0.00148537
0.00143947
0.00130648
0.00101469
0.000665212
0.000381441
0.000227658
0.000214462
0.000328116
0.000552916
0.000865553
0.00171293
0.00169003
0.00158675
0.00148537
0.00143947
0.00130648
0.00101469
0.000665212
0.000381441
0.000227658
0.000214462
0.000328116
0.000552916
0.000865553
0.00171293
0.00169003
0.00158675
0.00148537
0.00143947
0.00130648
0.00101469
0.000665212
0.000381441
0.000227658
0.000214462
0.000328116
0.000552916
0.000865553
0.00171293
0.00169003
0.00158675
0.00148537
0.00143947
0.00130648
0.00101469
0.000665212
0.000381441
0.000227658
0.000214462
0.000328116
0.000552916
0.000865553
0.00171293
0.00169003
0.00158675
0.00148537
0.00143947
0.00130648
0.00101469
0.000665212
0.000381441
0.000227658
0.000214462
0.000328116
0.000552916
0.000865553
0.00171293
0.00169003
0.00158675
0.00148537
0.00143947
0.00130648
0.00101469
0.000665212
0.000381441
0.000227658
0.000214462
0.000328116
0.000552916
0.000865553
0.00171293
0.00169003
0.00158675
0.00148537
0.00143947
0.00130648
0.00101469
0.000665212
0.000381441
0.000227658
0.000214462
0.000328116
0.000552916
0.000865553
0.00171293
0.00169003
0.00158675
0.00148537
0.00143947
0.00130648
0.00101469
0.000665212
0.000381441
0.000227658
0.000214462
0.000328116
0.000552916
0.000865553
0.00171293
0.00169003
0.00158675
0.00148537
0.00143947
0.00130648
0.00101469
0.000665212
0.000381441
0.000227658
0.000214462
0.000328116
0.000552916
0.000865553
0.00171293
0.00169003
0.00158675
0.00148537
0.00143947
0.00130648
0.00101469
0.000665212
0.000381441
0.000227658
0.000214462
0.000328116
0.000552916
0.000865553
0.00171293
0.00169003
0.00158675
0.00148537
0.00143947
0.00130648
0.00101469
0.000665212
0.000381441
0.000227658
0.000214462
0.000328116
0.000552916
0.000865553
0.00171293
0.00169003
0.00158675
0.00148537
0.00143947
0.00130648
0.00101469
0.000665212
0.000381441
0.000227658
0.000214462
0.000328116
0.000552916
0.000865553
0.00171293
0.00169003
0.00158675
0.00148537
0.00143947
0.00130648
0.00101469
0.000665212
0.000381441
0.000227658
0.000214462
0.000328116
0.000552916
0.000865553
0.00171293
0.00169003
0.00158675
0.00148537
0.00143947
0.00130648
0.00101469
0.000665212
0.000381441
0.000227658
0.000214462
0.000328116
0.000552916
0.000865553
0.00171293
0.00169003
0.00158675
0.00148537
0.00143947
0.00130648
0.00101469
0.000665212
0.000381441
0.000227658
0.000214462
0.000328116
0.000552916
0.000865553
0.00171293
0.00169003
0.00158675
0.00148537
0.00143947
0.00130648
0.00101469
0.000665212
0.000381441
0.000227658
0.000214462
0.000328116
0.000552916
0.000865553
0.00171293
0.00169003
0.00158675
0.00148537
0.00143947
0.00130648
0.00101469
0.000665212
0.000381441
0.000227658
0.000214462
0.000328116
0.000552916
0.000865553
0.00171293
0.00169003
0.00158675
0.00148537
0.00143947
0.00130648
0.00101469
0.000665212
0.000381441
0.000227658
0.000214462
0.000328116
0.000552916
0.000865553
0.00171293
0.00169003
0.00158675
0.00148537
0.00143947
0.00130648
0.00101469
0.000665212
0.000381441
0.000227658
0.000214462
0.000328116
0.000552916
0.000865553
0.00171293
0.00169003
0.00158675
0.00148537
0.00143947
0.00130648
0.00101469
0.000665212
0.000381441
0.000227658
0.000214462
0.000328116
0.000552916
0.000865553
0.00171293
0.00169003
0.00158675
0.00148537
0.00143947
0.00130648
0.00101469
0.000665212
0.000381441
0.000227658
0.000214462
0.000328116
0.000552916
0.000865553
0.00171293
0.00169003
0.00158675
0.00148537
0.00143947
0.00130648
0.00101469
0.000665212
0.000381441
0.000227658
0.000214462
0.000328116
0.000552916
0.000865553
0.00171293
0.00169003
0.00158675
0.00148537
0.00143947
0.00130648
0.00101469
0.000665212
0.000381441
0.000227658
0.000214462
0.000328116
0.000552916
0.000865553
0.00171293
0.00169003
0.00158675
0.00148537
0.00143947
0.00130648
0.00101469
0.000665212
0.000381441
0.000227658
0.000214462
0.000328116
0.000552916
0.000865553
0.00171293
0.00169003
0.00158675
0.00148537
0.00143947
0.00130648
0.00101469
0.000665212
0.000381441
0.000227658
0.000214462
0.000328116
0.000552916
0.000865553
0.00171293
0.00169003
0.00158675
0.00148537
0.00143947
0.00130648
0.00101469
0.000665212
0.000381441
0.000227658
0.000214462
0.000328116
0.000552916
0.000865553
0.00171293
0.00169003
0.00158675
0.00148537
0.00143947
0.00130648
0.00101469
0.000665212
0.000381441
0.000227658
0.000214462
0.000328116
0.000552916
0.000865553
0.00171293
0.00169003
0.00158675
0.00148537
0.00143947
0.00130648
0.00101469
0.000665212
0.000381441
0.000227658
0.000214462
0.000328116
0.000552916
0.000865553
0.00171293
0.00169003
0.00158675
0.00148537
0.00143947
0.00130648
0.00101469
0.000665212
0.000381441
0.000227658
0.000214462
0.000328116
0.000552916
0.000865553
0.00171293
0.00169003
0.00158675
0.00148537
0.00143947
0.00130648
0.00101469
0.000665212
0.000381441
0.000227658
0.000214462
0.000328116
0.000552916
0.000865553
0.00171293
0.00169003
0.00158675
0.00148537
0.00143947
0.00130648
0.00101469
0.000665212
0.000381441
0.000227658
0.000214462
0.000328116
0.000552916
0.000865553
0.00171293
0.00169003
0.00158675
0.00148537
0.00143947
0.00130648
0.00101469
0.000665212
0.000381441
0.000227658
0.000214462
0.000328116
0.000552916
0.000865553
0.00171293
0.00169003
0.00158675
0.00148537
0.00143947
0.00130648
0.00101469
0.000665212
0.000381441
0.000227658
0.000214462
0.000328116
0.000552916
0.000865553
0.000856466
0.0008492
0.000819115
0.00080746
0.000822001
0.000768507
0.000607611
0.000401077
0.000226769
0.00012882
0.00011648
0.000182244
0.000317113
0.000506108
0.000856466
0.000764013
0.000146338
0.00127542
0.00335701
0.00560898
0.00727267
0.00759019
0.00589448
0.00125634
0.00549915
0.00835225
0.00277214
0.00705172
0.000856466
0.000777697
0.000364112
0.000371127
0.00125342
0.00216376
0.00293153
0.00326826
0.00292999
0.00184589
0.000245726
0.00107226
0.000913526
0.00133561
0.000856466
0.000810797
0.000580121
0.000201874
0.000219782
0.000666489
0.00108969
0.0013519
0.00132514
0.000977484
0.000402206
0.000148507
0.000292624
0.000285367
0.000856466
0.00082967
0.000698172
0.000502416
0.00030038
5.62441e-05
0.000227191
0.000458001
0.000540967
0.000442477
0.000200762
7.69086e-05
0.000230942
0.000110466
0.000856466
0.000839384
0.000758421
0.000654572
0.000561085
0.000413473
0.000193214
2.45311e-05
0.000155017
0.000160356
5.42171e-05
0.000110502
0.000256816
0.000305762
0.000856466
0.000844283
0.000788728
0.000730947
0.000691528
0.000591244
0.000401112
0.000189203
3.63923e-05
1.65447e-05
2.83701e-05
0.000141941
0.000282829
0.000405062
0.000856466
0.000846739
0.000803913
0.000769189
0.000756762
0.000679937
0.000504531
0.000295366
0.000131709
5.59554e-05
7.17644e-05
0.000161024
0.000298959
0.000455341
0.000856466
0.000847969
0.000811513
0.000788321
0.000789382
0.000724237
0.000556112
0.000348277
0.000179271
9.23436e-05
9.39605e-05
0.000171372
0.000307785
0.00048066
0.000856466
0.000848584
0.000815314
0.00079789
0.000805691
0.000746376
0.000581872
0.000374691
0.000203028
0.000110571
0.00010518
0.000176743
0.000312387
0.000493368
0.000856466
0.000848892
0.000817214
0.000802675
0.000813846
0.000757442
0.000594744
0.000387887
0.000214901
0.000119693
0.00011082
0.000179477
0.000314734
0.000499734
0.000856466
0.000849046
0.000818165
0.000805067
0.000817924
0.000762975
0.000601178
0.000394483
0.000220836
0.000124256
0.000113647
0.000180857
0.00031592
0.00050292
0.000856466
0.000849123
0.00081864
0.000806264
0.000819963
0.000765741
0.000604395
0.00039778
0.000223803
0.000126538
0.000115063
0.000181549
0.000316515
0.000504514
0.000856466
0.000849161
0.000818878
0.000806862
0.000820982
0.000767124
0.000606003
0.000399429
0.000225286
0.000127679
0.000115771
0.000181897
0.000316814
0.000505311
0.000856466
0.00084918
0.000818997
0.000807161
0.000821492
0.000767815
0.000606807
0.000400253
0.000226028
0.000128249
0.000116125
0.00018207
0.000316963
0.00050571
0.000856466
0.00084919
0.000819056
0.000807311
0.000821746
0.000768161
0.000607209
0.000400665
0.000226399
0.000128535
0.000116302
0.000182157
0.000317038
0.000505909
0.000856466
0.000849195
0.000819086
0.000807385
0.000821874
0.000768334
0.00060741
0.000400871
0.000226584
0.000128677
0.000116391
0.000182201
0.000317075
0.000506009
0.000856466
0.000849197
0.000819101
0.000807423
0.000821938
0.00076842
0.000607511
0.000400974
0.000226677
0.000128749
0.000116435
0.000182222
0.000317094
0.000506059
0.000856466
0.000849198
0.000819108
0.000807441
0.000821969
0.000768464
0.000607561
0.000401025
0.000226723
0.000128784
0.000116457
0.000182233
0.000317103
0.000506084
0.000856466
0.000849199
0.000819112
0.000807451
0.000821985
0.000768485
0.000607586
0.000401051
0.000226746
0.000128802
0.000116468
0.000182239
0.000317108
0.000506096
0.000856466
0.000849199
0.000819114
0.000807455
0.000821993
0.000768496
0.000607599
0.000401064
0.000226758
0.000128811
0.000116474
0.000182241
0.00031711
0.000506102
0.000856466
0.000849199
0.000819114
0.000807458
0.000821997
0.000768501
0.000607605
0.00040107
0.000226764
0.000128816
0.000116477
0.000182243
0.000317112
0.000506105
0.000856466
0.0008492
0.000819115
0.000807459
0.000821999
0.000768504
0.000607608
0.000401074
0.000226767
0.000128818
0.000116478
0.000182243
0.000317112
0.000506107
0.000856466
0.0008492
0.000819115
0.00080746
0.000822
0.000768505
0.00060761
0.000401075
0.000226768
0.000128819
0.000116479
0.000182244
0.000317112
0.000506108
0.000856466
0.0008492
0.000819115
0.00080746
0.000822001
0.000768506
0.000607611
0.000401076
0.000226769
0.000128819
0.000116479
0.000182244
0.000317113
0.000506108
0.000856466
0.0008492
0.000819115
0.00080746
0.000822001
0.000768506
0.000607611
0.000401076
0.000226769
0.00012882
0.000116479
0.000182244
0.000317113
0.000506108
0.000856466
0.0008492
0.000819115
0.00080746
0.000822001
0.000768507
0.000607611
0.000401077
0.000226769
0.00012882
0.000116479
0.000182244
0.000317113
0.000506108
0.000856466
0.0008492
0.000819115
0.00080746
0.000822001
0.000768507
0.000607611
0.000401077
0.000226769
0.00012882
0.000116479
0.000182244
0.000317113
0.000506108
0.000856466
0.0008492
0.000819115
0.00080746
0.000822001
0.000768507
0.000607611
0.000401077
0.000226769
0.00012882
0.00011648
0.000182244
0.000317113
0.000506108
0.000856466
0.0008492
0.000819115
0.00080746
0.000822001
0.000768507
0.000607611
0.000401077
0.000226769
0.00012882
0.00011648
0.000182244
0.000317113
0.000506108
0.000856466
0.0008492
0.000819115
0.00080746
0.000822001
0.000768507
0.000607611
0.000401077
0.000226769
0.00012882
0.00011648
0.000182244
0.000317113
0.000506108
0.000856466
0.0008492
0.000819115
0.00080746
0.000822001
0.000768507
0.000607611
0.000401077
0.000226769
0.00012882
0.00011648
0.000182244
0.000317113
0.000506108
0.000856466
0.0008492
0.000819115
0.00080746
0.000822001
0.000768507
0.000607611
0.000401077
0.000226769
0.00012882
0.00011648
0.000182244
0.000317113
0.000506108
0.000856466
0.0008492
0.000819115
0.00080746
0.000822001
0.000768507
0.000607611
0.000401077
0.000226769
0.00012882
0.00011648
0.000182244
0.000317113
0.000506108
0.000856466
0.0008492
0.000819115
0.00080746
0.000822001
0.000768507
0.000607611
0.000401077
0.000226769
0.00012882
0.00011648
0.000182244
0.000317113
0.000506108
0.000856466
0.0008492
0.000819115
0.00080746
0.000822001
0.000768507
0.000607611
0.000401077
0.000226769
0.00012882
0.00011648
0.000182244
0.000317113
0.000506108
0.000856466
0.0008492
0.000819115
0.00080746
0.000822001
0.000768507
0.000607611
0.000401077
0.000226769
0.00012882
0.00011648
0.000182244
0.000317113
0.000506108
0.000856466
0.0008492
0.000819115
0.00080746
0.000822001
0.000768507
0.000607611
0.000401077
0.000226769
0.00012882
0.00011648
0.000182244
0.000317113
0.000506108
0.000856466
0.0008492
0.000819115
0.00080746
0.000822001
0.000768507
0.000607611
0.000401077
0.000226769
0.00012882
0.00011648
0.000182244
0.000317113
0.000506108
0.000856466
0.0008492
0.000819115
0.00080746
0.000822001
0.000768507
0.000607611
0.000401077
0.000226769
0.00012882
0.00011648
0.000182244
0.000317113
0.000506108
0.000856466
0.0008492
0.000819115
0.00080746
0.000822001
0.000768507
0.000607611
0.000401077
0.000226769
0.00012882
0.00011648
0.000182244
0.000317113
0.000506108
0.000856466
0.0008492
0.000819115
0.00080746
0.000822001
0.000768507
0.000607611
0.000401077
0.000226769
0.00012882
0.00011648
0.000182244
0.000317113
0.000506108
0.000856466
0.0008492
0.000819115
0.00080746
0.000822001
0.000768507
0.000607611
0.000401077
0.000226769
0.00012882
0.00011648
0.000182244
0.000317113
0.000506108
0.000856466
0.0008492
0.000819115
0.00080746
0.000822001
0.000768507
0.000607611
0.000401077
0.000226769
0.00012882
0.00011648
0.000182244
0.000317113
0.000506108
0.000856466
0.0008492
0.000819115
0.00080746
0.000822001
0.000768507
0.000607611
0.000401077
0.000226769
0.00012882
0.00011648
0.000182244
0.000317113
0.000506108
0.000856466
0.0008492
0.000819115
0.00080746
0.000822001
0.000768507
0.000607611
0.000401077
0.000226769
0.00012882
0.00011648
0.000182244
0.000317113
0.000506108
0.000856466
0.0008492
0.000819115
0.00080746
0.000822001
0.000768507
0.000607611
0.000401077
0.000226769
0.00012882
0.00011648
0.000182244
0.000317113
0.000506108
0.000856466
0.0008492
0.000819115
0.00080746
0.000822001
0.000768507
0.000607611
0.000401077
0.000226769
0.00012882
0.00011648
0.000182244
0.000317113
0.000506108
0.000856466
0.0008492
0.000819115
0.00080746
0.000822001
0.000768507
0.000607611
0.000401077
0.000226769
0.00012882
0.00011648
0.000182244
0.000317113
0.000506108
0.000856466
0.0008492
0.000819115
0.00080746
0.000822001
0.000768507
0.000607611
0.000401077
0.000226769
0.00012882
0.00011648
0.000182244
0.000317113
0.000506108
0.000856466
0.0008492
0.000819115
0.00080746
0.000822001
0.000768507
0.000607611
0.000401077
0.000226769
0.00012882
0.00011648
0.000182244
0.000317113
0.000506108
0.000856466
0.0008492
0.000819115
0.00080746
0.000822001
0.000768507
0.000607611
0.000401077
0.000226769
0.00012882
0.00011648
0.000182244
0.000317113
0.000506108
0.000856466
0.0008492
0.000819115
0.00080746
0.000822001
0.000768507
0.000607611
0.000401077
0.000226769
0.00012882
0.00011648
0.000182244
0.000317113
0.000506108
0.000856466
0.0008492
0.000819115
0.00080746
0.000822001
0.000768507
0.000607611
0.000401077
0.000226769
0.00012882
0.00011648
0.000182244
0.000317113
0.000506108
0.000856466
0.0008492
0.000819115
0.00080746
0.000822001
0.000768507
0.000607611
0.000401077
0.000226769
0.00012882
0.00011648
0.000182244
0.000317113
0.000506108
0.000856466
0.0008492
0.000819115
0.00080746
0.000822001
0.000768507
0.000607611
0.000401077
0.000226769
0.00012882
0.00011648
0.000182244
0.000317113
0.000506108
0.000856466
0.0008492
0.000819115
0.00080746
0.000822001
0.000768507
0.000607611
0.000401077
0.000226769
0.00012882
0.00011648
0.000182244
0.000317113
0.000506108
0.000856466
0.0008492
0.000819115
0.00080746
0.000822001
0.000768507
0.000607611
0.000401077
0.000226769
0.00012882
0.00011648
0.000182244
0.000317113
0.000506108
0.000856466
0.0008492
0.000819115
0.00080746
0.000822001
0.000768507
0.000607611
0.000401077
0.000226769
0.00012882
0.00011648
0.000182244
0.000317113
0.000506108
0.000856466
0.0008492
0.000819115
0.00080746
0.000822001
0.000768507
0.000607611
0.000401077
0.000226769
0.00012882
0.00011648
0.000182244
0.000317113
0.000506108
0.000856466
0.0008492
0.000819115
0.00080746
0.000822001
0.000768507
0.000607611
0.000401077
0.000226769
0.00012882
0.00011648
0.000182244
0.000317113
0.000506108
0.000856466
0.0008492
0.000819115
0.00080746
0.000822001
0.000768507
0.000607611
0.000401077
0.000226769
0.00012882
0.00011648
0.000182244
0.000317113
0.000506108
0.000856466
0.0008492
0.000819115
0.00080746
0.000822001
0.000768507
0.000607611
0.000401077
0.000226769
0.00012882
0.00011648
0.000182244
0.000317113
0.000506108
0.000856466
0.0008492
0.000819115
0.00080746
0.000822001
0.000768507
0.000607611
0.000401077
0.000226769
0.00012882
0.00011648
0.000182244
0.000317113
0.000506108
0.000856466
0.0008492
0.000819115
0.00080746
0.000822001
0.000768507
0.000607611
0.000401077
0.000226769
0.00012882
0.00011648
0.000182244
0.000317113
0.000506108
0.000856466
0.0008492
0.000819115
0.00080746
0.000822001
0.000768507
0.000607611
0.000401077
0.000226769
0.00012882
0.00011648
0.000182244
0.000317113
0.000506108
0.000856466
0.0008492
0.000819115
0.00080746
0.000822001
0.000768507
0.000607611
0.000401077
0.000226769
0.00012882
0.00011648
0.000182244
0.000317113
0.000506108
0.000856466
0.0008492
0.000819115
0.00080746
0.000822001
0.000768507
0.000607611
0.000401077
0.000226769
0.00012882
0.00011648
0.000182244
0.000317113
0.000506108
0.000856466
0.0008492
0.000819115
0.00080746
0.000822001
0.000768507
0.000607611
0.000401077
0.000226769
0.00012882
0.00011648
0.000182244
0.000317113
0.000506108
0.000856466
0.0008492
0.000819115
0.00080746
0.000822001
0.000768507
0.000607611
0.000401077
0.000226769
0.00012882
0.00011648
0.000182244
0.000317113
0.000506108
0.000856466
0.0008492
0.000819115
0.00080746
0.000822001
0.000768507
0.000607611
0.000401077
0.000226769
0.00012882
0.00011648
0.000182244
0.000317113
0.000506108
0.000856466
0.0008492
0.000819115
0.00080746
0.000822001
0.000768507
0.000607611
0.000401077
0.000226769
0.00012882
0.00011648
0.000182244
0.000317113
0.000506108
0.000856466
0.0008492
0.000819115
0.00080746
0.000822001
0.000768507
0.000607611
0.000401077
0.000226769
0.00012882
0.00011648
0.000182244
0.000317113
0.000506108
0.000856466
0.0008492
0.000819115
0.00080746
0.000822001
0.000768507
0.000607611
0.000401077
0.000226769
0.00012882
0.00011648
0.000182244
0.000317113
0.000506108
0.000856466
0.0008492
0.000819115
0.00080746
0.000822001
0.000768507
0.000607611
0.000401077
0.000226769
0.00012882
0.00011648
0.000182244
0.000317113
0.000506108
0.000856466
0.0008492
0.000819115
0.00080746
0.000822001
0.000768507
0.000607611
0.000401077
0.000226769
0.00012882
0.00011648
0.000182244
0.000317113
0.000506108
0.000856466
0.0008492
0.000819115
0.00080746
0.000822001
0.000768507
0.000607611
0.000401077
0.000226769
0.00012882
0.00011648
0.000182244
0.000317113
0.000506108
0.000856466
0.0008492
0.000819115
0.00080746
0.000822001
0.000768507
0.000607611
0.000401077
0.000226769
0.00012882
0.00011648
0.000182244
0.000317113
0.000506108
0.000856466
0.0008492
0.000819115
0.00080746
0.000822001
0.000768507
0.000607611
0.000401077
0.000226769
0.00012882
0.00011648
0.000182244
0.000317113
0.000506108
0.000856466
0.0008492
0.000819115
0.00080746
0.000822001
0.000768507
0.000607611
0.000401077
0.000226769
0.00012882
0.00011648
0.000182244
0.000317113
0.000506108
0.000856466
0.0008492
0.000819115
0.00080746
0.000822001
0.000768507
0.000607611
0.000401077
0.000226769
0.00012882
0.00011648
0.000182244
0.000317113
0.000506108
0.000856466
0.0008492
0.000819115
0.00080746
0.000822001
0.000768507
0.000607611
0.000401077
0.000226769
0.00012882
0.00011648
0.000182244
0.000317113
0.000506108
0.000856466
0.0008492
0.000819115
0.00080746
0.000822001
0.000768507
0.000607611
0.000401077
0.000226769
0.00012882
0.00011648
0.000182244
0.000317113
0.000506108
0.000856466
0.0008492
0.000819115
0.00080746
0.000822001
0.000768507
0.000607611
0.000401077
0.000226769
0.00012882
0.00011648
0.000182244
0.000317113
0.000506108
0.000856466
0.0008492
0.000819115
0.00080746
0.000822001
0.000768507
0.000607611
0.000401077
0.000226769
0.00012882
0.00011648
0.000182244
0.000317113
0.000506108
0.000856466
0.0008492
0.000819115
0.00080746
0.000822001
0.000768507
0.000607611
0.000401077
0.000226769
0.00012882
0.00011648
0.000182244
0.000317113
0.000506108
0.000856466
0.0008492
0.000819115
0.00080746
0.000822001
0.000768507
0.000607611
0.000401077
0.000226769
0.00012882
0.00011648
0.000182244
0.000317113
0.000506108
0.000856466
0.0008492
0.000819115
0.00080746
0.000822001
0.000768507
0.000607611
0.000401077
0.000226769
0.00012882
0.00011648
0.000182244
0.000317113
0.000506108
0.000856466
0.0008492
0.000819115
0.00080746
0.000822001
0.000768507
0.000607611
0.000401077
0.000226769
0.00012882
0.00011648
0.000182244
0.000317113
0.000506108
0.000856466
0.0008492
0.000819115
0.00080746
0.000822001
0.000768507
0.000607611
0.000401077
0.000226769
0.00012882
0.00011648
0.000182244
0.000317113
0.000506108
0.000856466
0.0008492
0.000819115
0.00080746
0.000822001
0.000768507
0.000607611
0.000401077
0.000226769
0.00012882
0.00011648
0.000182244
0.000317113
0.000506108
0.000856466
0.0008492
0.000819115
0.00080746
0.000822001
0.000768507
0.000607611
0.000401077
0.000226769
0.00012882
0.00011648
0.000182244
0.000317113
0.000506108
0.000856466
0.0008492
0.000819115
0.00080746
0.000822001
0.000768507
0.000607611
0.000401077
0.000226769
0.00012882
0.00011648
0.000182244
0.000317113
0.000506108
0.000856466
0.0008492
0.000819115
0.00080746
0.000822001
0.000768507
0.000607611
0.000401077
0.000226769
0.00012882
0.00011648
0.000182244
0.000317113
0.000506108
0.000856466
0.0008492
0.000819115
0.00080746
0.000822001
0.000768507
0.000607611
0.000401077
0.000226769
0.00012882
0.00011648
0.000182244
0.000317113
0.000506108
0.000856466
0.0008492
0.000819115
0.00080746
0.000822001
0.000768507
0.000607611
0.000401077
0.000226769
0.00012882
0.00011648
0.000182244
0.000317113
0.000506108
0.000856466
0.0008492
0.000819115
0.00080746
0.000822001
0.000768507
0.000607611
0.000401077
0.000226769
0.00012882
0.00011648
0.000182244
0.000317113
0.000506108
0.000856466
0.0008492
0.000819115
0.00080746
0.000822001
0.000768507
0.000607611
0.000401077
0.000226769
0.00012882
0.00011648
0.000182244
0.000317113
0.000506108
0.000856466
0.0008492
0.000819115
0.00080746
0.000822001
0.000768507
0.000607611
0.000401077
0.000226769
0.00012882
0.00011648
0.000182244
0.000317113
0.000506108
0.000856466
0.0008492
0.000819115
0.00080746
0.000822001
0.000768507
0.000607611
0.000401077
0.000226769
0.00012882
0.00011648
0.000182244
0.000317113
0.000506108
0.000856466
0.0008492
0.000819115
0.00080746
0.000822001
0.000768507
0.000607611
0.000401077
0.000226769
0.00012882
0.00011648
0.000182244
0.000317113
0.000506108
0.000856466
0.0008492
0.000819115
0.00080746
0.000822001
0.000768507
0.000607611
0.000401077
0.000226769
0.00012882
0.00011648
0.000182244
0.000317113
0.000506108
0.000856466
0.0008492
0.000819115
0.00080746
0.000822001
0.000768507
0.000607611
0.000401077
0.000226769
0.00012882
0.00011648
0.000182244
0.000317113
0.000506108
0.000856466
0.0008492
0.000819115
0.00080746
0.000822001
0.000768507
0.000607611
0.000401077
0.000226769
0.00012882
0.00011648
0.000182244
0.000317113
0.000506108
0.000856466
0.0008492
0.000819115
0.00080746
0.000822001
0.000768507
0.000607611
0.000401077
0.000226769
0.00012882
0.00011648
0.000182244
0.000317113
0.000506108
0.000856466
0.0008492
0.000819115
0.00080746
0.000822001
0.000768507
0.000607611
0.000401077
0.000226769
0.00012882
0.00011648
0.000182244
0.000317113
0.000506108
0.000856466
0.0008492
0.000819115
0.00080746
0.000822001
0.000768507
0.000607611
0.000401077
0.000226769
0.00012882
0.00011648
0.000182244
0.000317113
0.000506108
0.000856466
0.0008492
0.000819115
0.00080746
0.000822001
0.000768507
0.000607611
0.000401077
0.000226769
0.00012882
0.00011648
0.000182244
0.000317113
0.000506108
0.000856466
0.0008492
0.000819115
0.00080746
0.000822001
0.000768507
0.000607611
0.000401077
0.000226769
0.00012882
0.00011648
0.000182244
0.000317113
0.000506108
0.000856466
0.0008492
0.000819115
0.00080746
0.000822001
0.000768507
0.000607611
0.000401077
0.000226769
0.00012882
0.00011648
0.000182244
0.000317113
0.000506108
0.000856466
0.0008492
0.000819115
0.00080746
0.000822001
0.000768507
0.000607611
0.000401077
0.000226769
0.00012882
0.00011648
0.000182244
0.000317113
0.000506108
0.000856466
0.0008492
0.000819115
0.00080746
0.000822001
0.000768507
0.000607611
0.000401077
0.000226769
0.00012882
0.00011648
0.000182244
0.000317113
0.000506108
0.000856466
0.0008492
0.000819115
0.00080746
0.000822001
0.000768507
0.000607611
0.000401077
0.000226769
0.00012882
0.00011648
0.000182244
0.000317113
0.000506108
0.000856466
0.0008492
0.000819115
0.00080746
0.000822001
0.000768507
0.000607611
0.000401077
0.000226769
0.00012882
0.00011648
0.000182244
0.000317113
0.000506108
0.000856466
0.0008492
0.000819115
0.00080746
0.000822001
0.000768507
0.000607611
0.000401077
0.000226769
0.00012882
0.00011648
0.000182244
0.000317113
0.000506108
0.000856466
0.0008492
0.000819115
0.00080746
0.000822001
0.000768507
0.000607611
0.000401077
0.000226769
0.00012882
0.00011648
0.000182244
0.000317113
0.000506108
0.000856466
0.0008492
0.000819115
0.00080746
0.000822001
0.000768507
0.000607611
0.000401077
0.000226769
0.00012882
0.00011648
0.000182244
0.000317113
0.000506108
0.000856466
0.0008492
0.000819115
0.00080746
0.000822001
0.000768507
0.000607611
0.000401077
0.000226769
0.00012882
0.00011648
0.000182244
0.000317113
0.000506108
0.000856466
0.0008492
0.000819115
0.00080746
0.000822001
0.000768507
0.000607611
0.000401077
0.000226769
0.00012882
0.00011648
0.000182244
0.000317113
0.000506108
0.000856466
0.0008492
0.000819115
0.00080746
0.000822001
0.000768507
0.000607611
0.000401077
0.000226769
0.00012882
0.00011648
0.000182244
0.000317113
0.000506108
0.000856466
0.0008492
0.000819115
0.00080746
0.000822001
0.000768507
0.000607611
0.000401077
0.000226769
0.00012882
0.00011648
0.000182244
0.000317113
0.000506108
0.000570977
0.000566132
0.00054607
0.000538294
0.000547991
0.000512348
0.000405112
0.000267441
0.000151231
8.59013e-05
7.76213e-05
0.000121392
0.000211219
0.000337132
0.000570977
0.000524637
0.000184586
0.000663096
0.00199426
0.00351724
0.00469798
0.00499587
0.00396016
0.000965246
0.00359665
0.00578624
0.0024315
0.00429969
0.000570977
0.00052432
0.000276468
0.000171211
0.000723823
0.00131797
0.00184257
0.00209703
0.0019063
0.0012109
0.000149032
0.000761871
0.000718607
0.000727969
0.000570977
0.000543118
0.000401892
0.000169842
9.24763e-05
0.000380642
0.000664998
0.000851384
0.000848964
0.000630233
0.00025184
0.000121872
0.00023543
0.000128531
0.000570977
0.000554331
0.000472641
0.000351945
0.000226831
6.95366e-05
0.000119686
0.000278582
0.000341135
0.000281915
0.000123841
6.30929e-05
0.000172292
0.000101022
0.000570977
0.00056018
0.000509118
0.000444726
0.00038723
0.000291704
0.000144933
2.55551e-06
9.30537e-05
9.98244e-05
3.07288e-05
7.96724e-05
0.000179989
0.000216728
0.000570977
0.000563145
0.000527546
0.000491428
0.000467573
0.0004022
0.000275538
0.000133155
2.95543e-05
7.35188e-06
2.17094e-05
9.76173e-05
0.000192789
0.0002762
0.000570977
0.000564636
0.000536797
0.000514842
0.000507774
0.000457316
0.00034045
0.000200471
9.05078e-05
3.91844e-05
4.92506e-05
0.000108803
0.000201316
0.000306468
0.000570977
0.000565383
0.000541431
0.000526564
0.00052788
0.000484842
0.000372811
0.000233999
0.000120898
6.25211e-05
6.33346e-05
0.000114925
0.000206097
0.000321749
0.000570977
0.000565757
0.00054375
0.000532428
0.000537935
0.000498598
0.000388969
0.00025073
0.000136072
7.42059e-05
7.04529e-05
0.000118116
0.000208616
0.000329428
0.000570977
0.000565945
0.00054491
0.00053536
0.000542963
0.000505473
0.000397042
0.000259088
0.000143653
8.00523e-05
7.40309e-05
0.000119744
0.000209907
0.000333276
0.000570977
0.000566038
0.00054549
0.000536827
0.000545477
0.000508911
0.000401078
0.000263265
0.000147443
8.29765e-05
7.58245e-05
0.000120565
0.00021056
0.000335203
0.000570977
0.000566085
0.00054578
0.00053756
0.000546734
0.000510629
0.000403095
0.000265353
0.000149337
8.44388e-05
7.67225e-05
0.000120978
0.000210889
0.000336168
0.000570977
0.000566108
0.000545925
0.000537927
0.000547363
0.000511489
0.000404103
0.000266397
0.000150284
8.517e-05
7.71718e-05
0.000121185
0.000211054
0.00033665
0.000570977
0.00056612
0.000545998
0.00053811
0.000547677
0.000511918
0.000404608
0.000266919
0.000150758
8.55357e-05
7.73965e-05
0.000121289
0.000211136
0.000336891
0.000570977
0.000566126
0.000546034
0.000538202
0.000547834
0.000512133
0.00040486
0.00026718
0.000150995
8.57185e-05
7.75089e-05
0.000121341
0.000211178
0.000337011
0.000570977
0.000566129
0.000546052
0.000538248
0.000547913
0.000512241
0.000404986
0.00026731
0.000151113
8.58099e-05
7.75651e-05
0.000121367
0.000211198
0.000337072
0.000570977
0.00056613
0.000546061
0.000538271
0.000547952
0.000512294
0.000405049
0.000267375
0.000151172
8.58556e-05
7.75932e-05
0.00012138
0.000211209
0.000337102
0.000570977
0.000566131
0.000546066
0.000538282
0.000547972
0.000512321
0.00040508
0.000267408
0.000151202
8.58784e-05
7.76073e-05
0.000121386
0.000211214
0.000337117
0.000570977
0.000566131
0.000546068
0.000538288
0.000547982
0.000512335
0.000405096
0.000267424
0.000151217
8.58899e-05
7.76143e-05
0.000121389
0.000211216
0.000337124
0.000570977
0.000566132
0.000546069
0.000538291
0.000547987
0.000512341
0.000405104
0.000267432
0.000151224
8.58956e-05
7.76178e-05
0.000121391
0.000211218
0.000337128
0.000570977
0.000566132
0.00054607
0.000538292
0.000547989
0.000512345
0.000405108
0.000267437
0.000151228
8.58984e-05
7.76196e-05
0.000121392
0.000211218
0.00033713
0.000570977
0.000566132
0.00054607
0.000538293
0.00054799
0.000512346
0.00040511
0.000267439
0.00015123
8.58999e-05
7.76204e-05
0.000121392
0.000211219
0.000337131
0.000570977
0.000566132
0.00054607
0.000538293
0.000547991
0.000512347
0.000405111
0.00026744
0.00015123
8.59006e-05
7.76209e-05
0.000121392
0.000211219
0.000337132
0.000570977
0.000566132
0.00054607
0.000538294
0.000547991
0.000512348
0.000405111
0.00026744
0.000151231
8.59009e-05
7.76211e-05
0.000121392
0.000211219
0.000337132
0.000570977
0.000566132
0.00054607
0.000538294
0.000547991
0.000512348
0.000405112
0.00026744
0.000151231
8.59011e-05
7.76212e-05
0.000121392
0.000211219
0.000337132
0.000570977
0.000566132
0.00054607
0.000538294
0.000547991
0.000512348
0.000405112
0.000267441
0.000151231
8.59012e-05
7.76213e-05
0.000121392
0.000211219
0.000337132
0.000570977
0.000566132
0.00054607
0.000538294
0.000547991
0.000512348
0.000405112
0.000267441
0.000151231
8.59013e-05
7.76213e-05
0.000121392
0.000211219
0.000337132
0.000570977
0.000566132
0.00054607
0.000538294
0.000547991
0.000512348
0.000405112
0.000267441
0.000151231
8.59013e-05
7.76213e-05
0.000121392
0.000211219
0.000337132
0.000570977
0.000566132
0.00054607
0.000538294
0.000547991
0.000512348
0.000405112
0.000267441
0.000151231
8.59013e-05
7.76213e-05
0.000121392
0.000211219
0.000337132
0.000570977
0.000566132
0.00054607
0.000538294
0.000547991
0.000512348
0.000405112
0.000267441
0.000151231
8.59013e-05
7.76213e-05
0.000121392
0.000211219
0.000337132
0.000570977
0.000566132
0.00054607
0.000538294
0.000547991
0.000512348
0.000405112
0.000267441
0.000151231
8.59013e-05
7.76213e-05
0.000121392
0.000211219
0.000337132
0.000570977
0.000566132
0.00054607
0.000538294
0.000547991
0.000512348
0.000405112
0.000267441
0.000151231
8.59013e-05
7.76213e-05
0.000121392
0.000211219
0.000337132
0.000570977
0.000566132
0.00054607
0.000538294
0.000547991
0.000512348
0.000405112
0.000267441
0.000151231
8.59013e-05
7.76213e-05
0.000121392
0.000211219
0.000337132
0.000570977
0.000566132
0.00054607
0.000538294
0.000547991
0.000512348
0.000405112
0.000267441
0.000151231
8.59013e-05
7.76213e-05
0.000121392
0.000211219
0.000337132
0.000570977
0.000566132
0.00054607
0.000538294
0.000547991
0.000512348
0.000405112
0.000267441
0.000151231
8.59013e-05
7.76213e-05
0.000121392
0.000211219
0.000337132
0.000570977
0.000566132
0.00054607
0.000538294
0.000547991
0.000512348
0.000405112
0.000267441
0.000151231
8.59013e-05
7.76213e-05
0.000121392
0.000211219
0.000337132
0.000570977
0.000566132
0.00054607
0.000538294
0.000547991
0.000512348
0.000405112
0.000267441
0.000151231
8.59013e-05
7.76213e-05
0.000121392
0.000211219
0.000337132
0.000570977
0.000566132
0.00054607
0.000538294
0.000547991
0.000512348
0.000405112
0.000267441
0.000151231
8.59013e-05
7.76213e-05
0.000121392
0.000211219
0.000337132
0.000570977
0.000566132
0.00054607
0.000538294
0.000547991
0.000512348
0.000405112
0.000267441
0.000151231
8.59013e-05
7.76213e-05
0.000121392
0.000211219
0.000337132
0.000570977
0.000566132
0.00054607
0.000538294
0.000547991
0.000512348
0.000405112
0.000267441
0.000151231
8.59013e-05
7.76213e-05
0.000121392
0.000211219
0.000337132
0.000570977
0.000566132
0.00054607
0.000538294
0.000547991
0.000512348
0.000405112
0.000267441
0.000151231
8.59013e-05
7.76213e-05
0.000121392
0.000211219
0.000337132
0.000570977
0.000566132
0.00054607
0.000538294
0.000547991
0.000512348
0.000405112
0.000267441
0.000151231
8.59013e-05
7.76213e-05
0.000121392
0.000211219
0.000337132
0.000570977
0.000566132
0.00054607
0.000538294
0.000547991
0.000512348
0.000405112
0.000267441
0.000151231
8.59013e-05
7.76213e-05
0.000121392
0.000211219
0.000337132
0.000570977
0.000566132
0.00054607
0.000538294
0.000547991
0.000512348
0.000405112
0.000267441
0.000151231
8.59013e-05
7.76213e-05
0.000121392
0.000211219
0.000337132
0.000570977
0.000566132
0.00054607
0.000538294
0.000547991
0.000512348
0.000405112
0.000267441
0.000151231
8.59013e-05
7.76213e-05
0.000121392
0.000211219
0.000337132
0.000570977
0.000566132
0.00054607
0.000538294
0.000547991
0.000512348
0.000405112
0.000267441
0.000151231
8.59013e-05
7.76213e-05
0.000121392
0.000211219
0.000337132
0.000570977
0.000566132
0.00054607
0.000538294
0.000547991
0.000512348
0.000405112
0.000267441
0.000151231
8.59013e-05
7.76213e-05
0.000121392
0.000211219
0.000337132
0.000570977
0.000566132
0.00054607
0.000538294
0.000547991
0.000512348
0.000405112
0.000267441
0.000151231
8.59013e-05
7.76213e-05
0.000121392
0.000211219
0.000337132
0.000570977
0.000566132
0.00054607
0.000538294
0.000547991
0.000512348
0.000405112
0.000267441
0.000151231
8.59013e-05
7.76213e-05
0.000121392
0.000211219
0.000337132
0.000570977
0.000566132
0.00054607
0.000538294
0.000547991
0.000512348
0.000405112
0.000267441
0.000151231
8.59013e-05
7.76213e-05
0.000121392
0.000211219
0.000337132
0.000570977
0.000566132
0.00054607
0.000538294
0.000547991
0.000512348
0.000405112
0.000267441
0.000151231
8.59013e-05
7.76213e-05
0.000121392
0.000211219
0.000337132
0.000570977
0.000566132
0.00054607
0.000538294
0.000547991
0.000512348
0.000405112
0.000267441
0.000151231
8.59013e-05
7.76213e-05
0.000121392
0.000211219
0.000337132
0.000570977
0.000566132
0.00054607
0.000538294
0.000547991
0.000512348
0.000405112
0.000267441
0.000151231
8.59013e-05
7.76213e-05
0.000121392
0.000211219
0.000337132
0.000570977
0.000566132
0.00054607
0.000538294
0.000547991
0.000512348
0.000405112
0.000267441
0.000151231
8.59013e-05
7.76213e-05
0.000121392
0.000211219
0.000337132
0.000570977
0.000566132
0.00054607
0.000538294
0.000547991
0.000512348
0.000405112
0.000267441
0.000151231
8.59013e-05
7.76213e-05
0.000121392
0.000211219
0.000337132
0.000570977
0.000566132
0.00054607
0.000538294
0.000547991
0.000512348
0.000405112
0.000267441
0.000151231
8.59013e-05
7.76213e-05
0.000121392
0.000211219
0.000337132
0.000570977
0.000566132
0.00054607
0.000538294
0.000547991
0.000512348
0.000405112
0.000267441
0.000151231
8.59013e-05
7.76213e-05
0.000121392
0.000211219
0.000337132
0.000570977
0.000566132
0.00054607
0.000538294
0.000547991
0.000512348
0.000405112
0.000267441
0.000151231
8.59013e-05
7.76213e-05
0.000121392
0.000211219
0.000337132
0.000570977
0.000566132
0.00054607
0.000538294
0.000547991
0.000512348
0.000405112
0.000267441
0.000151231
8.59013e-05
7.76213e-05
0.000121392
0.000211219
0.000337132
0.000570977
0.000566132
0.00054607
0.000538294
0.000547991
0.000512348
0.000405112
0.000267441
0.000151231
8.59013e-05
7.76213e-05
0.000121392
0.000211219
0.000337132
0.000570977
0.000566132
0.00054607
0.000538294
0.000547991
0.000512348
0.000405112
0.000267441
0.000151231
8.59013e-05
7.76213e-05
0.000121392
0.000211219
0.000337132
0.000570977
0.000566132
0.00054607
0.000538294
0.000547991
0.000512348
0.000405112
0.000267441
0.000151231
8.59013e-05
7.76213e-05
0.000121392
0.000211219
0.000337132
0.000570977
0.000566132
0.00054607
0.000538294
0.000547991
0.000512348
0.000405112
0.000267441
0.000151231
8.59013e-05
7.76213e-05
0.000121392
0.000211219
0.000337132
0.000570977
0.000566132
0.00054607
0.000538294
0.000547991
0.000512348
0.000405112
0.000267441
0.000151231
8.59013e-05
7.76213e-05
0.000121392
0.000211219
0.000337132
0.000570977
0.000566132
0.00054607
0.000538294
0.000547991
0.000512348
0.000405112
0.000267441
0.000151231
8.59013e-05
7.76213e-05
0.000121392
0.000211219
0.000337132
0.000570977
0.000566132
0.00054607
0.000538294
0.000547991
0.000512348
0.000405112
0.000267441
0.000151231
8.59013e-05
7.76213e-05
0.000121392
0.000211219
0.000337132
0.000570977
0.000566132
0.00054607
0.000538294
0.000547991
0.000512348
0.000405112
0.000267441
0.000151231
8.59013e-05
7.76213e-05
0.000121392
0.000211219
0.000337132
0.000570977
0.000566132
0.00054607
0.000538294
0.000547991
0.000512348
0.000405112
0.000267441
0.000151231
8.59013e-05
7.76213e-05
0.000121392
0.000211219
0.000337132
0.000570977
0.000566132
0.00054607
0.000538294
0.000547991
0.000512348
0.000405112
0.000267441
0.000151231
8.59013e-05
7.76213e-05
0.000121392
0.000211219
0.000337132
0.000570977
0.000566132
0.00054607
0.000538294
0.000547991
0.000512348
0.000405112
0.000267441
0.000151231
8.59013e-05
7.76213e-05
0.000121392
0.000211219
0.000337132
0.000570977
0.000566132
0.00054607
0.000538294
0.000547991
0.000512348
0.000405112
0.000267441
0.000151231
8.59013e-05
7.76213e-05
0.000121392
0.000211219
0.000337132
0.000570977
0.000566132
0.00054607
0.000538294
0.000547991
0.000512348
0.000405112
0.000267441
0.000151231
8.59013e-05
7.76213e-05
0.000121392
0.000211219
0.000337132
0.000570977
0.000566132
0.00054607
0.000538294
0.000547991
0.000512348
0.000405112
0.000267441
0.000151231
8.59013e-05
7.76213e-05
0.000121392
0.000211219
0.000337132
0.000570977
0.000566132
0.00054607
0.000538294
0.000547991
0.000512348
0.000405112
0.000267441
0.000151231
8.59013e-05
7.76213e-05
0.000121392
0.000211219
0.000337132
0.000570977
0.000566132
0.00054607
0.000538294
0.000547991
0.000512348
0.000405112
0.000267441
0.000151231
8.59013e-05
7.76213e-05
0.000121392
0.000211219
0.000337132
0.000570977
0.000566132
0.00054607
0.000538294
0.000547991
0.000512348
0.000405112
0.000267441
0.000151231
8.59013e-05
7.76213e-05
0.000121392
0.000211219
0.000337132
0.000570977
0.000566132
0.00054607
0.000538294
0.000547991
0.000512348
0.000405112
0.000267441
0.000151231
8.59013e-05
7.76213e-05
0.000121392
0.000211219
0.000337132
0.000570977
0.000566132
0.00054607
0.000538294
0.000547991
0.000512348
0.000405112
0.000267441
0.000151231
8.59013e-05
7.76213e-05
0.000121392
0.000211219
0.000337132
0.000570977
0.000566132
0.00054607
0.000538294
0.000547991
0.000512348
0.000405112
0.000267441
0.000151231
8.59013e-05
7.76213e-05
0.000121392
0.000211219
0.000337132
0.000570977
0.000566132
0.00054607
0.000538294
0.000547991
0.000512348
0.000405112
0.000267441
0.000151231
8.59013e-05
7.76213e-05
0.000121392
0.000211219
0.000337132
0.000570977
0.000566132
0.00054607
0.000538294
0.000547991
0.000512348
0.000405112
0.000267441
0.000151231
8.59013e-05
7.76213e-05
0.000121392
0.000211219
0.000337132
0.000570977
0.000566132
0.00054607
0.000538294
0.000547991
0.000512348
0.000405112
0.000267441
0.000151231
8.59013e-05
7.76213e-05
0.000121392
0.000211219
0.000337132
0.000570977
0.000566132
0.00054607
0.000538294
0.000547991
0.000512348
0.000405112
0.000267441
0.000151231
8.59013e-05
7.76213e-05
0.000121392
0.000211219
0.000337132
0.000570977
0.000566132
0.00054607
0.000538294
0.000547991
0.000512348
0.000405112
0.000267441
0.000151231
8.59013e-05
7.76213e-05
0.000121392
0.000211219
0.000337132
0.000570977
0.000566132
0.00054607
0.000538294
0.000547991
0.000512348
0.000405112
0.000267441
0.000151231
8.59013e-05
7.76213e-05
0.000121392
0.000211219
0.000337132
0.000570977
0.000566132
0.00054607
0.000538294
0.000547991
0.000512348
0.000405112
0.000267441
0.000151231
8.59013e-05
7.76213e-05
0.000121392
0.000211219
0.000337132
0.000570977
0.000566132
0.00054607
0.000538294
0.000547991
0.000512348
0.000405112
0.000267441
0.000151231
8.59013e-05
7.76213e-05
0.000121392
0.000211219
0.000337132
0.000570977
0.000566132
0.00054607
0.000538294
0.000547991
0.000512348
0.000405112
0.000267441
0.000151231
8.59013e-05
7.76213e-05
0.000121392
0.000211219
0.000337132
0.000570977
0.000566132
0.00054607
0.000538294
0.000547991
0.000512348
0.000405112
0.000267441
0.000151231
8.59013e-05
7.76213e-05
0.000121392
0.000211219
0.000337132
0.000570977
0.000566132
0.00054607
0.000538294
0.000547991
0.000512348
0.000405112
0.000267441
0.000151231
8.59013e-05
7.76213e-05
0.000121392
0.000211219
0.000337132
0.000570977
0.000566132
0.00054607
0.000538294
0.000547991
0.000512348
0.000405112
0.000267441
0.000151231
8.59013e-05
7.76213e-05
0.000121392
0.000211219
0.000337132
0.000570977
0.000566132
0.00054607
0.000538294
0.000547991
0.000512348
0.000405112
0.000267441
0.000151231
8.59013e-05
7.76213e-05
0.000121392
0.000211219
0.000337132
0.000570977
0.000566132
0.00054607
0.000538294
0.000547991
0.000512348
0.000405112
0.000267441
0.000151231
8.59013e-05
7.76213e-05
0.000121392
0.000211219
0.000337132
0.000570977
0.000566132
0.00054607
0.000538294
0.000547991
0.000512348
0.000405112
0.000267441
0.000151231
8.59013e-05
7.76213e-05
0.000121392
0.000211219
0.000337132
0.000570977
0.000566132
0.00054607
0.000538294
0.000547991
0.000512348
0.000405112
0.000267441
0.000151231
8.59013e-05
7.76213e-05
0.000121392
0.000211219
0.000337132
0.000570977
0.000566132
0.00054607
0.000538294
0.000547991
0.000512348
0.000405112
0.000267441
0.000151231
8.59013e-05
7.76213e-05
0.000121392
0.000211219
0.000337132
0.000570977
0.000566132
0.00054607
0.000538294
0.000547991
0.000512348
0.000405112
0.000267441
0.000151231
8.59013e-05
7.76213e-05
0.000121392
0.000211219
0.000337132
0.000570977
0.000566132
0.00054607
0.000538294
0.000547991
0.000512348
0.000405112
0.000267441
0.000151231
8.59013e-05
7.76213e-05
0.000121392
0.000211219
0.000337132
0.000570977
0.000566132
0.00054607
0.000538294
0.000547991
0.000512348
0.000405112
0.000267441
0.000151231
8.59013e-05
7.76213e-05
0.000121392
0.000211219
0.000337132
0.000570977
0.000566132
0.00054607
0.000538294
0.000547991
0.000512348
0.000405112
0.000267441
0.000151231
8.59013e-05
7.76213e-05
0.000121392
0.000211219
0.000337132
0.000570977
0.000566132
0.00054607
0.000538294
0.000547991
0.000512348
0.000405112
0.000267441
0.000151231
8.59013e-05
7.76213e-05
0.000121392
0.000211219
0.000337132
0.000570977
0.000566132
0.00054607
0.000538294
0.000547991
0.000512348
0.000405112
0.000267441
0.000151231
8.59013e-05
7.76213e-05
0.000121392
0.000211219
0.000337132
0.000570977
0.000566132
0.00054607
0.000538294
0.000547991
0.000512348
0.000405112
0.000267441
0.000151231
8.59013e-05
7.76213e-05
0.000121392
0.000211219
0.000337132
0.000570977
0.000566132
0.00054607
0.000538294
0.000547991
0.000512348
0.000405112
0.000267441
0.000151231
8.59013e-05
7.76213e-05
0.000121392
0.000211219
0.000337132
0.000570977
0.000566132
0.00054607
0.000538294
0.000547991
0.000512348
0.000405112
0.000267441
0.000151231
8.59013e-05
7.76213e-05
0.000121392
0.000211219
0.000337132
0.000570977
0.000566132
0.00054607
0.000538294
0.000547991
0.000512348
0.000405112
0.000267441
0.000151231
8.59013e-05
7.76213e-05
0.000121392
0.000211219
0.000337132
0.000570977
0.000566132
0.00054607
0.000538294
0.000547991
0.000512348
0.000405112
0.000267441
0.000151231
8.59013e-05
7.76213e-05
0.000121392
0.000211219
0.000337132
0.000570977
0.000566132
0.00054607
0.000538294
0.000547991
0.000512348
0.000405112
0.000267441
0.000151231
8.59013e-05
7.76213e-05
0.000121392
0.000211219
0.000337132
0.000570977
0.000566132
0.00054607
0.000538294
0.000547991
0.000512348
0.000405112
0.000267441
0.000151231
8.59013e-05
7.76213e-05
0.000121392
0.000211219
0.000337132
0.000570977
0.000566132
0.00054607
0.000538294
0.000547991
0.000512348
0.000405112
0.000267441
0.000151231
8.59013e-05
7.76213e-05
0.000121392
0.000211219
0.000337132
0.000570977
0.000566132
0.00054607
0.000538294
0.000547991
0.000512348
0.000405112
0.000267441
0.000151231
8.59013e-05
7.76213e-05
0.000121392
0.000211219
0.000337132
0.000570977
0.000566132
0.00054607
0.000538294
0.000547991
0.000512348
0.000405112
0.000267441
0.000151231
8.59013e-05
7.76213e-05
0.000121392
0.000211219
0.000337132
0.000570977
0.000566132
0.00054607
0.000538294
0.000547991
0.000512348
0.000405112
0.000267441
0.000151231
8.59013e-05
7.76213e-05
0.000121392
0.000211219
0.000337132
0.000570977
0.000566132
0.00054607
0.000538294
0.000547991
0.000512348
0.000405112
0.000267441
0.000151231
8.59013e-05
7.76213e-05
0.000121392
0.000211219
0.000337132
0.000570977
0.000566132
0.00054607
0.000538294
0.000547991
0.000512348
0.000405112
0.000267441
0.000151231
8.59013e-05
7.76213e-05
0.000121392
0.000211219
0.000337132
0.000570977
0.000566132
0.00054607
0.000538294
0.000547991
0.000512348
0.000405112
0.000267441
0.000151231
8.59013e-05
7.76213e-05
0.000121392
0.000211219
0.000337132
0.000570977
0.000566132
0.00054607
0.000538294
0.000547991
0.000512348
0.000405112
0.000267441
0.000151231
8.59013e-05
7.76213e-05
0.000121392
0.000211219
0.000337132
0.000570977
0.000566132
0.00054607
0.000538294
0.000547991
0.000512348
0.000405112
0.000267441
0.000151231
8.59013e-05
7.76213e-05
0.000121392
0.000211219
0.000337132
0.000570977
0.000566132
0.00054607
0.000538294
0.000547991
0.000512348
0.000405112
0.000267441
0.000151231
8.59013e-05
7.76213e-05
0.000121392
0.000211219
0.000337132
0.000570977
0.000566132
0.00054607
0.000538294
0.000547991
0.000512348
0.000405112
0.000267441
0.000151231
8.59013e-05
7.76213e-05
0.000121392
0.000211219
0.000337132
