7.96926
7.96949
7.97102
7.97489
7.98194
7.9928
8.0079
8.02756
8.05195
8.08112
8.11501
8.15353
8.19637
8.24323
8.29366
8.34712
8.403
8.46045
8.51878
8.57693
8.63391
8.68863
8.74
8.78681
8.82793
8.86228
8.88882
8.90667
8.9151
8.91355
8.9017
8.87944
8.84689
8.80436
8.75234
8.69149
8.6226
8.54641
8.46397
8.37607
8.28384
8.18817
8.08982
7.99007
7.88928
7.78862
7.68869
7.5901
7.49346
7.39971
7.30894
7.22206
7.13916
7.06094
6.98757
6.91948
6.8569
6.80011
6.74932
6.70471
6.66642
6.63452
6.60908
6.59007
6.57744
6.57106
6.57073
6.57618
6.58707
6.60299
6.62336
6.64764
6.67509
6.70499
6.7363
6.76815
6.7994
6.82891
6.85531
6.87733
6.89352
6.90242
6.90255
6.89245
6.87066
6.83578
6.78665
6.72197
6.64069
6.54211
6.42576
6.29101
6.13748
5.96594
5.77656
5.5704
5.34793
5.11073
4.86012
4.59862
4.32756
4.04898
3.7657
3.48005
3.19405
2.91029
2.63129
2.35934
2.09665
1.84534
1.60727
1.38416
1.17734
0.987964
0.816826
0.664199
0.530403
0.414928
0.317431
0.236859
0.171771
0.12072
0.0819514
0.0535675
0.0337429
0.0206705
0.012805
0.00912751
