0.00184966
0.00181005
0.00160622
0.00127816
0.00101063
0.000921622
0.000888277
0.000730487
0.000463631
0.000237695
0.000157173
0.00021709
0.000373492
0.000594047
0.00184966
0.00180705
0.00161414
0.00138405
0.00139779
0.00181312
0.00233434
0.0024291
0.00179702
0.000579973
0.000762487
0.00140912
0.000491111
0.00172249
0.00184966
0.00181422
0.00163575
0.00136835
0.00121179
0.00128276
0.00140993
0.00133577
0.00101257
0.000576114
0.000195177
1.37959e-05
0.000181211
0.000792984
0.00184966
0.00181282
0.00162421
0.00132853
0.00111379
0.00109342
0.00112369
0.000997973
0.000712407
0.000414433
0.000229646
0.000199614
0.000344002
0.000685006
0.00184966
0.00181155
0.00161577
0.00130431
0.0010628
0.00100615
0.00100146
0.000857527
0.000582499
0.000326169
0.000201997
0.000223615
0.000373019
0.000641957
0.00184966
0.00181082
0.00161111
0.00129144
0.00103685
0.000963617
0.000943917
0.000792547
0.000521801
0.000281822
0.000181292
0.00022359
0.000376492
0.000618923
0.00184966
0.00181044
0.0016087
0.00128485
0.00102377
0.00094256
0.000915879
0.000761177
0.000492414
0.000259718
0.000169612
0.000221085
0.00037576
0.000606743
0.00184966
0.00181025
0.00160747
0.00128151
0.00101721
0.000932077
0.000902026
0.00074575
0.000477949
0.000248695
0.000163482
0.000219266
0.000374813
0.000600462
0.00184966
0.00181015
0.00160685
0.00127984
0.00101392
0.000926846
0.000895139
0.000738098
0.000470772
0.000243192
0.000160349
0.000218222
0.000374198
0.000597271
0.00184966
0.0018101
0.00160654
0.001279
0.00101227
0.000924233
0.000891705
0.000734288
0.000467197
0.000240443
0.000158766
0.000217667
0.000373856
0.000595663
0.00184966
0.00181008
0.00160638
0.00127858
0.00101145
0.000922927
0.00088999
0.000732386
0.000465413
0.000239069
0.000157971
0.000217381
0.000373677
0.000594856
0.00184966
0.00181006
0.0016063
0.00127837
0.00101104
0.000922274
0.000889134
0.000731436
0.000464522
0.000238382
0.000157572
0.000217236
0.000373585
0.000594452
0.00184966
0.00181006
0.00160626
0.00127826
0.00101083
0.000921948
0.000888705
0.000730962
0.000464076
0.000238038
0.000157373
0.000217163
0.000373539
0.000594249
0.00184966
0.00181005
0.00160624
0.00127821
0.00101073
0.000921785
0.000888491
0.000730724
0.000463854
0.000237867
0.000157273
0.000217127
0.000373515
0.000594148
0.00184966
0.00181005
0.00160623
0.00127818
0.00101068
0.000921703
0.000888384
0.000730606
0.000463742
0.000237781
0.000157223
0.000217108
0.000373504
0.000594097
0.00184966
0.00181005
0.00160623
0.00127817
0.00101065
0.000921662
0.000888331
0.000730546
0.000463687
0.000237738
0.000157198
0.000217099
0.000373498
0.000594072
0.00184966
0.00181005
0.00160623
0.00127816
0.00101064
0.000921642
0.000888304
0.000730517
0.000463659
0.000237716
0.000157185
0.000217094
0.000373495
0.000594059
0.00184966
0.00181005
0.00160623
0.00127816
0.00101063
0.000921632
0.000888291
0.000730502
0.000463645
0.000237706
0.000157179
0.000217092
0.000373493
0.000594053
0.00184966
0.00181005
0.00160622
0.00127816
0.00101063
0.000921627
0.000888284
0.000730495
0.000463638
0.0002377
0.000157176
0.000217091
0.000373493
0.00059405
0.00184966
0.00181005
0.00160622
0.00127816
0.00101063
0.000921624
0.000888281
0.000730491
0.000463635
0.000237698
0.000157174
0.00021709
0.000373492
0.000594048
0.00184966
0.00181005
0.00160622
0.00127816
0.00101063
0.000921623
0.000888279
0.000730489
0.000463633
0.000237696
0.000157174
0.00021709
0.000373492
0.000594047
0.00184966
0.00181005
0.00160622
0.00127816
0.00101063
0.000921622
0.000888278
0.000730488
0.000463632
0.000237696
0.000157173
0.00021709
0.000373492
0.000594047
0.00184966
0.00181005
0.00160622
0.00127816
0.00101063
0.000921622
0.000888278
0.000730488
0.000463631
0.000237695
0.000157173
0.00021709
0.000373492
0.000594047
0.00184966
0.00181005
0.00160622
0.00127816
0.00101063
0.000921622
0.000888277
0.000730487
0.000463631
0.000237695
0.000157173
0.00021709
0.000373492
0.000594047
0.00184966
0.00181005
0.00160622
0.00127816
0.00101063
0.000921622
0.000888277
0.000730487
0.000463631
0.000237695
0.000157173
0.00021709
0.000373492
0.000594047
0.00184966
0.00181005
0.00160622
0.00127816
0.00101063
0.000921622
0.000888277
0.000730487
0.000463631
0.000237695
0.000157173
0.00021709
0.000373492
0.000594047
0.00184966
0.00181005
0.00160622
0.00127816
0.00101063
0.000921622
0.000888277
0.000730487
0.000463631
0.000237695
0.000157173
0.00021709
0.000373492
0.000594047
0.00184966
0.00181005
0.00160622
0.00127816
0.00101063
0.000921622
0.000888277
0.000730487
0.000463631
0.000237695
0.000157173
0.00021709
0.000373492
0.000594047
0.00184966
0.00181005
0.00160622
0.00127816
0.00101063
0.000921622
0.000888277
0.000730487
0.000463631
0.000237695
0.000157173
0.00021709
0.000373492
0.000594047
0.00184966
0.00181005
0.00160622
0.00127816
0.00101063
0.000921622
0.000888277
0.000730487
0.000463631
0.000237695
0.000157173
0.00021709
0.000373492
0.000594047
0.00184966
0.00181005
0.00160622
0.00127816
0.00101063
0.000921622
0.000888277
0.000730487
0.000463631
0.000237695
0.000157173
0.00021709
0.000373492
0.000594047
0.00184966
0.00181005
0.00160622
0.00127816
0.00101063
0.000921622
0.000888277
0.000730487
0.000463631
0.000237695
0.000157173
0.00021709
0.000373492
0.000594047
0.00184966
0.00181005
0.00160622
0.00127816
0.00101063
0.000921622
0.000888277
0.000730487
0.000463631
0.000237695
0.000157173
0.00021709
0.000373492
0.000594047
0.00184966
0.00181005
0.00160622
0.00127816
0.00101063
0.000921622
0.000888277
0.000730487
0.000463631
0.000237695
0.000157173
0.00021709
0.000373492
0.000594047
0.00184966
0.00181005
0.00160622
0.00127816
0.00101063
0.000921622
0.000888277
0.000730487
0.000463631
0.000237695
0.000157173
0.00021709
0.000373492
0.000594047
0.00184966
0.00181005
0.00160622
0.00127816
0.00101063
0.000921622
0.000888277
0.000730487
0.000463631
0.000237695
0.000157173
0.00021709
0.000373492
0.000594047
0.00184966
0.00181005
0.00160622
0.00127816
0.00101063
0.000921622
0.000888277
0.000730487
0.000463631
0.000237695
0.000157173
0.00021709
0.000373492
0.000594047
0.00184966
0.00181005
0.00160622
0.00127816
0.00101063
0.000921622
0.000888277
0.000730487
0.000463631
0.000237695
0.000157173
0.00021709
0.000373492
0.000594047
0.00184966
0.00181005
0.00160622
0.00127816
0.00101063
0.000921622
0.000888277
0.000730487
0.000463631
0.000237695
0.000157173
0.00021709
0.000373492
0.000594047
0.00184966
0.00181005
0.00160622
0.00127816
0.00101063
0.000921622
0.000888277
0.000730487
0.000463631
0.000237695
0.000157173
0.00021709
0.000373492
0.000594047
0.00184966
0.00181005
0.00160622
0.00127816
0.00101063
0.000921622
0.000888277
0.000730487
0.000463631
0.000237695
0.000157173
0.00021709
0.000373492
0.000594047
0.00184966
0.00181005
0.00160622
0.00127816
0.00101063
0.000921622
0.000888277
0.000730487
0.000463631
0.000237695
0.000157173
0.00021709
0.000373492
0.000594047
0.00184966
0.00181005
0.00160622
0.00127816
0.00101063
0.000921622
0.000888277
0.000730487
0.000463631
0.000237695
0.000157173
0.00021709
0.000373492
0.000594047
0.00184966
0.00181005
0.00160622
0.00127816
0.00101063
0.000921622
0.000888277
0.000730487
0.000463631
0.000237695
0.000157173
0.00021709
0.000373492
0.000594047
0.00184966
0.00181005
0.00160622
0.00127816
0.00101063
0.000921622
0.000888277
0.000730487
0.000463631
0.000237695
0.000157173
0.00021709
0.000373492
0.000594047
0.00184966
0.00181005
0.00160622
0.00127816
0.00101063
0.000921622
0.000888277
0.000730487
0.000463631
0.000237695
0.000157173
0.00021709
0.000373492
0.000594047
0.00184966
0.00181005
0.00160622
0.00127816
0.00101063
0.000921622
0.000888277
0.000730487
0.000463631
0.000237695
0.000157173
0.00021709
0.000373492
0.000594047
0.00184966
0.00181005
0.00160622
0.00127816
0.00101063
0.000921622
0.000888277
0.000730487
0.000463631
0.000237695
0.000157173
0.00021709
0.000373492
0.000594047
0.00184966
0.00181005
0.00160622
0.00127816
0.00101063
0.000921622
0.000888277
0.000730487
0.000463631
0.000237695
0.000157173
0.00021709
0.000373492
0.000594047
0.00184966
0.00181005
0.00160622
0.00127816
0.00101063
0.000921622
0.000888277
0.000730487
0.000463631
0.000237695
0.000157173
0.00021709
0.000373492
0.000594047
0.00184966
0.00181005
0.00160622
0.00127816
0.00101063
0.000921622
0.000888277
0.000730487
0.000463631
0.000237695
0.000157173
0.00021709
0.000373492
0.000594047
0.00184966
0.00181005
0.00160622
0.00127816
0.00101063
0.000921622
0.000888277
0.000730487
0.000463631
0.000237695
0.000157173
0.00021709
0.000373492
0.000594047
0.00184966
0.00181005
0.00160622
0.00127816
0.00101063
0.000921622
0.000888277
0.000730487
0.000463631
0.000237695
0.000157173
0.00021709
0.000373492
0.000594047
0.00184966
0.00181005
0.00160622
0.00127816
0.00101063
0.000921622
0.000888277
0.000730487
0.000463631
0.000237695
0.000157173
0.00021709
0.000373492
0.000594047
0.00184966
0.00181005
0.00160622
0.00127816
0.00101063
0.000921622
0.000888277
0.000730487
0.000463631
0.000237695
0.000157173
0.00021709
0.000373492
0.000594047
0.00184966
0.00181005
0.00160622
0.00127816
0.00101063
0.000921622
0.000888277
0.000730487
0.000463631
0.000237695
0.000157173
0.00021709
0.000373492
0.000594047
0.00184966
0.00181005
0.00160622
0.00127816
0.00101063
0.000921622
0.000888277
0.000730487
0.000463631
0.000237695
0.000157173
0.00021709
0.000373492
0.000594047
0.00184966
0.00181005
0.00160622
0.00127816
0.00101063
0.000921622
0.000888277
0.000730487
0.000463631
0.000237695
0.000157173
0.00021709
0.000373492
0.000594047
0.00184966
0.00181005
0.00160622
0.00127816
0.00101063
0.000921622
0.000888277
0.000730487
0.000463631
0.000237695
0.000157173
0.00021709
0.000373492
0.000594047
0.00184966
0.00181005
0.00160622
0.00127816
0.00101063
0.000921622
0.000888277
0.000730487
0.000463631
0.000237695
0.000157173
0.00021709
0.000373492
0.000594047
0.00184966
0.00181005
0.00160622
0.00127816
0.00101063
0.000921622
0.000888277
0.000730487
0.000463631
0.000237695
0.000157173
0.00021709
0.000373492
0.000594047
0.00184966
0.00181005
0.00160622
0.00127816
0.00101063
0.000921622
0.000888277
0.000730487
0.000463631
0.000237695
0.000157173
0.00021709
0.000373492
0.000594047
0.00184966
0.00181005
0.00160622
0.00127816
0.00101063
0.000921622
0.000888277
0.000730487
0.000463631
0.000237695
0.000157173
0.00021709
0.000373492
0.000594047
0.00184966
0.00181005
0.00160622
0.00127816
0.00101063
0.000921622
0.000888277
0.000730487
0.000463631
0.000237695
0.000157173
0.00021709
0.000373492
0.000594047
0.00184966
0.00181005
0.00160622
0.00127816
0.00101063
0.000921622
0.000888277
0.000730487
0.000463631
0.000237695
0.000157173
0.00021709
0.000373492
0.000594047
0.00184966
0.00181005
0.00160622
0.00127816
0.00101063
0.000921622
0.000888277
0.000730487
0.000463631
0.000237695
0.000157173
0.00021709
0.000373492
0.000594047
0.00184966
0.00181005
0.00160622
0.00127816
0.00101063
0.000921622
0.000888277
0.000730487
0.000463631
0.000237695
0.000157173
0.00021709
0.000373492
0.000594047
0.00184966
0.00181005
0.00160622
0.00127816
0.00101063
0.000921622
0.000888277
0.000730487
0.000463631
0.000237695
0.000157173
0.00021709
0.000373492
0.000594047
0.00184966
0.00181005
0.00160622
0.00127816
0.00101063
0.000921622
0.000888277
0.000730487
0.000463631
0.000237695
0.000157173
0.00021709
0.000373492
0.000594047
0.00184966
0.00181005
0.00160622
0.00127816
0.00101063
0.000921622
0.000888277
0.000730487
0.000463631
0.000237695
0.000157173
0.00021709
0.000373492
0.000594047
0.00184966
0.00181005
0.00160622
0.00127816
0.00101063
0.000921622
0.000888277
0.000730487
0.000463631
0.000237695
0.000157173
0.00021709
0.000373492
0.000594047
0.00184966
0.00181005
0.00160622
0.00127816
0.00101063
0.000921622
0.000888277
0.000730487
0.000463631
0.000237695
0.000157173
0.00021709
0.000373492
0.000594047
0.00184966
0.00181005
0.00160622
0.00127816
0.00101063
0.000921622
0.000888277
0.000730487
0.000463631
0.000237695
0.000157173
0.00021709
0.000373492
0.000594047
0.00184966
0.00181005
0.00160622
0.00127816
0.00101063
0.000921622
0.000888277
0.000730487
0.000463631
0.000237695
0.000157173
0.00021709
0.000373492
0.000594047
0.00184966
0.00181005
0.00160622
0.00127816
0.00101063
0.000921622
0.000888277
0.000730487
0.000463631
0.000237695
0.000157173
0.00021709
0.000373492
0.000594047
0.00184966
0.00181005
0.00160622
0.00127816
0.00101063
0.000921622
0.000888277
0.000730487
0.000463631
0.000237695
0.000157173
0.00021709
0.000373492
0.000594047
0.00184966
0.00181005
0.00160622
0.00127816
0.00101063
0.000921622
0.000888277
0.000730487
0.000463631
0.000237695
0.000157173
0.00021709
0.000373492
0.000594047
0.00184966
0.00181005
0.00160622
0.00127816
0.00101063
0.000921622
0.000888277
0.000730487
0.000463631
0.000237695
0.000157173
0.00021709
0.000373492
0.000594047
0.00184966
0.00181005
0.00160622
0.00127816
0.00101063
0.000921622
0.000888277
0.000730487
0.000463631
0.000237695
0.000157173
0.00021709
0.000373492
0.000594047
0.00184966
0.00181005
0.00160622
0.00127816
0.00101063
0.000921622
0.000888277
0.000730487
0.000463631
0.000237695
0.000157173
0.00021709
0.000373492
0.000594047
0.00184966
0.00181005
0.00160622
0.00127816
0.00101063
0.000921622
0.000888277
0.000730487
0.000463631
0.000237695
0.000157173
0.00021709
0.000373492
0.000594047
0.00184966
0.00181005
0.00160622
0.00127816
0.00101063
0.000921622
0.000888277
0.000730487
0.000463631
0.000237695
0.000157173
0.00021709
0.000373492
0.000594047
0.00184966
0.00181005
0.00160622
0.00127816
0.00101063
0.000921622
0.000888277
0.000730487
0.000463631
0.000237695
0.000157173
0.00021709
0.000373492
0.000594047
0.00184966
0.00181005
0.00160622
0.00127816
0.00101063
0.000921622
0.000888277
0.000730487
0.000463631
0.000237695
0.000157173
0.00021709
0.000373492
0.000594047
0.00184966
0.00181005
0.00160622
0.00127816
0.00101063
0.000921622
0.000888277
0.000730487
0.000463631
0.000237695
0.000157173
0.00021709
0.000373492
0.000594047
0.00184966
0.00181005
0.00160622
0.00127816
0.00101063
0.000921622
0.000888277
0.000730487
0.000463631
0.000237695
0.000157173
0.00021709
0.000373492
0.000594047
0.00184966
0.00181005
0.00160622
0.00127816
0.00101063
0.000921622
0.000888277
0.000730487
0.000463631
0.000237695
0.000157173
0.00021709
0.000373492
0.000594047
0.00184966
0.00181005
0.00160622
0.00127816
0.00101063
0.000921622
0.000888277
0.000730487
0.000463631
0.000237695
0.000157173
0.00021709
0.000373492
0.000594047
0.00184966
0.00181005
0.00160622
0.00127816
0.00101063
0.000921622
0.000888277
0.000730487
0.000463631
0.000237695
0.000157173
0.00021709
0.000373492
0.000594047
0.00184966
0.00181005
0.00160622
0.00127816
0.00101063
0.000921622
0.000888277
0.000730487
0.000463631
0.000237695
0.000157173
0.00021709
0.000373492
0.000594047
0.00184966
0.00181005
0.00160622
0.00127816
0.00101063
0.000921622
0.000888277
0.000730487
0.000463631
0.000237695
0.000157173
0.00021709
0.000373492
0.000594047
0.00184966
0.00181005
0.00160622
0.00127816
0.00101063
0.000921622
0.000888277
0.000730487
0.000463631
0.000237695
0.000157173
0.00021709
0.000373492
0.000594047
0.00184966
0.00181005
0.00160622
0.00127816
0.00101063
0.000921622
0.000888277
0.000730487
0.000463631
0.000237695
0.000157173
0.00021709
0.000373492
0.000594047
0.00184966
0.00181005
0.00160622
0.00127816
0.00101063
0.000921622
0.000888277
0.000730487
0.000463631
0.000237695
0.000157173
0.00021709
0.000373492
0.000594047
0.00184966
0.00181005
0.00160622
0.00127816
0.00101063
0.000921622
0.000888277
0.000730487
0.000463631
0.000237695
0.000157173
0.00021709
0.000373492
0.000594047
0.00184966
0.00181005
0.00160622
0.00127816
0.00101063
0.000921622
0.000888277
0.000730487
0.000463631
0.000237695
0.000157173
0.00021709
0.000373492
0.000594047
0.00184966
0.00181005
0.00160622
0.00127816
0.00101063
0.000921622
0.000888277
0.000730487
0.000463631
0.000237695
0.000157173
0.00021709
0.000373492
0.000594047
0.00184966
0.00181005
0.00160622
0.00127816
0.00101063
0.000921622
0.000888277
0.000730487
0.000463631
0.000237695
0.000157173
0.00021709
0.000373492
0.000594047
0.00184966
0.00181005
0.00160622
0.00127816
0.00101063
0.000921622
0.000888277
0.000730487
0.000463631
0.000237695
0.000157173
0.00021709
0.000373492
0.000594047
0.00184966
0.00181005
0.00160622
0.00127816
0.00101063
0.000921622
0.000888277
0.000730487
0.000463631
0.000237695
0.000157173
0.00021709
0.000373492
0.000594047
0.00184966
0.00181005
0.00160622
0.00127816
0.00101063
0.000921622
0.000888277
0.000730487
0.000463631
0.000237695
0.000157173
0.00021709
0.000373492
0.000594047
0.00184966
0.00181005
0.00160622
0.00127816
0.00101063
0.000921622
0.000888277
0.000730487
0.000463631
0.000237695
0.000157173
0.00021709
0.000373492
0.000594047
0.00184966
0.00181005
0.00160622
0.00127816
0.00101063
0.000921622
0.000888277
0.000730487
0.000463631
0.000237695
0.000157173
0.00021709
0.000373492
0.000594047
0.00184966
0.00181005
0.00160622
0.00127816
0.00101063
0.000921622
0.000888277
0.000730487
0.000463631
0.000237695
0.000157173
0.00021709
0.000373492
0.000594047
0.00184966
0.00181005
0.00160622
0.00127816
0.00101063
0.000921622
0.000888277
0.000730487
0.000463631
0.000237695
0.000157173
0.00021709
0.000373492
0.000594047
0.00184966
0.00181005
0.00160622
0.00127816
0.00101063
0.000921622
0.000888277
0.000730487
0.000463631
0.000237695
0.000157173
0.00021709
0.000373492
0.000594047
0.00184966
0.00181005
0.00160622
0.00127816
0.00101063
0.000921622
0.000888277
0.000730487
0.000463631
0.000237695
0.000157173
0.00021709
0.000373492
0.000594047
0.00184966
0.00181005
0.00160622
0.00127816
0.00101063
0.000921622
0.000888277
0.000730487
0.000463631
0.000237695
0.000157173
0.00021709
0.000373492
0.000594047
0.00184966
0.00181005
0.00160622
0.00127816
0.00101063
0.000921622
0.000888277
0.000730487
0.000463631
0.000237695
0.000157173
0.00021709
0.000373492
0.000594047
0.00184966
0.00181005
0.00160622
0.00127816
0.00101063
0.000921622
0.000888277
0.000730487
0.000463631
0.000237695
0.000157173
0.00021709
0.000373492
0.000594047
0.00184966
0.00181005
0.00160622
0.00127816
0.00101063
0.000921622
0.000888277
0.000730487
0.000463631
0.000237695
0.000157173
0.00021709
0.000373492
0.000594047
0.00184966
0.00181005
0.00160622
0.00127816
0.00101063
0.000921622
0.000888277
0.000730487
0.000463631
0.000237695
0.000157173
0.00021709
0.000373492
0.000594047
0.00184966
0.00181005
0.00160622
0.00127816
0.00101063
0.000921622
0.000888277
0.000730487
0.000463631
0.000237695
0.000157173
0.00021709
0.000373492
0.000594047
0.00184966
0.00181005
0.00160622
0.00127816
0.00101063
0.000921622
0.000888277
0.000730487
0.000463631
0.000237695
0.000157173
0.00021709
0.000373492
0.000594047
0.00184966
0.00181005
0.00160622
0.00127816
0.00101063
0.000921622
0.000888277
0.000730487
0.000463631
0.000237695
0.000157173
0.00021709
0.000373492
0.000594047
0.00184966
0.00181005
0.00160622
0.00127816
0.00101063
0.000921622
0.000888277
0.000730487
0.000463631
0.000237695
0.000157173
0.00021709
0.000373492
0.000594047
0.00184966
0.00181005
0.00160622
0.00127816
0.00101063
0.000921622
0.000888277
0.000730487
0.000463631
0.000237695
0.000157173
0.00021709
0.000373492
0.000594047
0.00184966
0.00181005
0.00160622
0.00127816
0.00101063
0.000921622
0.000888277
0.000730487
0.000463631
0.000237695
0.000157173
0.00021709
0.000373492
0.000594047
0.00184966
0.00181005
0.00160622
0.00127816
0.00101063
0.000921622
0.000888277
0.000730487
0.000463631
0.000237695
0.000157173
0.00021709
0.000373492
0.000594047
0.00184966
0.00181005
0.00160622
0.00127816
0.00101063
0.000921622
0.000888277
0.000730487
0.000463631
0.000237695
0.000157173
0.00021709
0.000373492
0.000594047
0.00184966
0.00181005
0.00160622
0.00127816
0.00101063
0.000921622
0.000888277
0.000730487
0.000463631
0.000237695
0.000157173
0.00021709
0.000373492
0.000594047
0.000924832
0.00090775
0.000819718
0.000680598
0.00057205
0.000538595
0.000513717
0.000413853
0.0002579
0.000129789
8.53032e-05
0.000121559
0.000215264
0.000347404
0.000924832
0.00090743
0.000830663
0.000750271
0.000792238
0.00101535
0.00126385
0.00128372
0.000940393
0.000311318
0.00037061
0.000694133
0.000224521
0.000899726
0.000924832
0.000910323
0.000837426
0.000732997
0.000684963
0.000735054
0.000790885
0.000730637
0.000543117
0.000306061
0.000107975
2.10752e-05
0.000118586
0.000445107
0.000924832
0.000909356
0.000830069
0.000709213
0.000629564
0.00063237
0.000639829
0.000555174
0.000388251
0.000222225
0.0001238
0.000113713
0.000200536
0.000392353
0.000924832
0.000908606
0.000825147
0.000695337
0.000601045
0.000584769
0.000574545
0.000481258
0.000320448
0.000176195
0.00010896
0.000125346
0.000215089
0.00037115
0.000924832
0.000908188
0.000822484
0.000688058
0.000586602
0.00056154
0.00054366
0.000446847
0.000288573
0.000152971
9.80149e-05
0.000125092
0.000216808
0.00035975
0.000924832
0.000907972
0.000821113
0.000684349
0.000579339
0.000550035
0.000528581
0.000430185
0.000273093
0.000141368
9.18564e-05
0.000123703
0.000216423
0.000353709
0.000924832
0.000907862
0.000820418
0.000682479
0.000575698
0.000544308
0.000521123
0.000421979
0.000265461
0.000135575
8.86264e-05
0.000122722
0.000215938
0.000350591
0.000924832
0.000907806
0.000820069
0.00068154
0.000573875
0.000541449
0.000517413
0.000417906
0.000261672
0.000132681
8.69761e-05
0.000122162
0.000215624
0.000349006
0.000924832
0.000907778
0.000819894
0.000681069
0.000572963
0.000540022
0.000515563
0.000415877
0.000259784
0.000131235
8.61424e-05
0.000121866
0.00021545
0.000348208
0.000924832
0.000907764
0.000819806
0.000680834
0.000572507
0.000539308
0.00051464
0.000414864
0.000258841
0.000130512
8.57235e-05
0.000121714
0.000215359
0.000347807
0.000924832
0.000907757
0.000819762
0.000680716
0.000572278
0.000538951
0.000514178
0.000414358
0.00025837
0.000130151
8.55135e-05
0.000121637
0.000215312
0.000347606
0.000924832
0.000907754
0.00081974
0.000680657
0.000572164
0.000538773
0.000513947
0.000414106
0.000258135
0.00012997
8.54084e-05
0.000121598
0.000215288
0.000347505
0.000924832
0.000907752
0.000819729
0.000680628
0.000572107
0.000538684
0.000513832
0.000413979
0.000258017
0.00012988
8.53558e-05
0.000121578
0.000215276
0.000347455
0.000924832
0.000907751
0.000819724
0.000680613
0.000572079
0.000538639
0.000513774
0.000413916
0.000257959
0.000129834
8.53295e-05
0.000121569
0.00021527
0.00034743
0.000924832
0.000907751
0.000819721
0.000680606
0.000572065
0.000538617
0.000513745
0.000413884
0.000257929
0.000129812
8.53163e-05
0.000121564
0.000215267
0.000347417
0.000924832
0.000907751
0.00081972
0.000680602
0.000572057
0.000538606
0.000513731
0.000413869
0.000257915
0.000129801
8.53097e-05
0.000121561
0.000215266
0.000347411
0.000924832
0.00090775
0.000819719
0.0006806
0.000572054
0.0005386
0.000513724
0.000413861
0.000257907
0.000129795
8.53065e-05
0.00012156
0.000215265
0.000347408
0.000924832
0.00090775
0.000819719
0.000680599
0.000572052
0.000538598
0.00051372
0.000413857
0.000257904
0.000129792
8.53048e-05
0.000121559
0.000215265
0.000347406
0.000924832
0.00090775
0.000819719
0.000680599
0.000572051
0.000538596
0.000513718
0.000413855
0.000257902
0.000129791
8.5304e-05
0.000121559
0.000215265
0.000347405
0.000924832
0.00090775
0.000819718
0.000680599
0.000572051
0.000538595
0.000513717
0.000413854
0.000257901
0.00012979
8.53036e-05
0.000121559
0.000215264
0.000347405
0.000924832
0.00090775
0.000819718
0.000680598
0.000572051
0.000538595
0.000513717
0.000413853
0.0002579
0.00012979
8.53034e-05
0.000121559
0.000215264
0.000347405
0.000924832
0.00090775
0.000819718
0.000680598
0.00057205
0.000538595
0.000513717
0.000413853
0.0002579
0.000129789
8.53033e-05
0.000121559
0.000215264
0.000347405
0.000924832
0.00090775
0.000819718
0.000680598
0.00057205
0.000538595
0.000513717
0.000413853
0.0002579
0.000129789
8.53032e-05
0.000121559
0.000215264
0.000347405
0.000924832
0.00090775
0.000819718
0.000680598
0.00057205
0.000538595
0.000513717
0.000413853
0.0002579
0.000129789
8.53032e-05
0.000121559
0.000215264
0.000347404
0.000924832
0.00090775
0.000819718
0.000680598
0.00057205
0.000538595
0.000513717
0.000413853
0.0002579
0.000129789
8.53032e-05
0.000121559
0.000215264
0.000347404
0.000924832
0.00090775
0.000819718
0.000680598
0.00057205
0.000538595
0.000513717
0.000413853
0.0002579
0.000129789
8.53032e-05
0.000121559
0.000215264
0.000347404
0.000924832
0.00090775
0.000819718
0.000680598
0.00057205
0.000538595
0.000513717
0.000413853
0.0002579
0.000129789
8.53032e-05
0.000121559
0.000215264
0.000347404
0.000924832
0.00090775
0.000819718
0.000680598
0.00057205
0.000538595
0.000513717
0.000413853
0.0002579
0.000129789
8.53032e-05
0.000121559
0.000215264
0.000347404
0.000924832
0.00090775
0.000819718
0.000680598
0.00057205
0.000538595
0.000513717
0.000413853
0.0002579
0.000129789
8.53032e-05
0.000121559
0.000215264
0.000347404
0.000924832
0.00090775
0.000819718
0.000680598
0.00057205
0.000538595
0.000513717
0.000413853
0.0002579
0.000129789
8.53032e-05
0.000121559
0.000215264
0.000347404
0.000924832
0.00090775
0.000819718
0.000680598
0.00057205
0.000538595
0.000513717
0.000413853
0.0002579
0.000129789
8.53032e-05
0.000121559
0.000215264
0.000347404
0.000924832
0.00090775
0.000819718
0.000680598
0.00057205
0.000538595
0.000513717
0.000413853
0.0002579
0.000129789
8.53032e-05
0.000121559
0.000215264
0.000347404
0.000924832
0.00090775
0.000819718
0.000680598
0.00057205
0.000538595
0.000513717
0.000413853
0.0002579
0.000129789
8.53032e-05
0.000121559
0.000215264
0.000347404
0.000924832
0.00090775
0.000819718
0.000680598
0.00057205
0.000538595
0.000513717
0.000413853
0.0002579
0.000129789
8.53032e-05
0.000121559
0.000215264
0.000347404
0.000924832
0.00090775
0.000819718
0.000680598
0.00057205
0.000538595
0.000513717
0.000413853
0.0002579
0.000129789
8.53032e-05
0.000121559
0.000215264
0.000347404
0.000924832
0.00090775
0.000819718
0.000680598
0.00057205
0.000538595
0.000513717
0.000413853
0.0002579
0.000129789
8.53032e-05
0.000121559
0.000215264
0.000347404
0.000924832
0.00090775
0.000819718
0.000680598
0.00057205
0.000538595
0.000513717
0.000413853
0.0002579
0.000129789
8.53032e-05
0.000121559
0.000215264
0.000347404
0.000924832
0.00090775
0.000819718
0.000680598
0.00057205
0.000538595
0.000513717
0.000413853
0.0002579
0.000129789
8.53032e-05
0.000121559
0.000215264
0.000347404
0.000924832
0.00090775
0.000819718
0.000680598
0.00057205
0.000538595
0.000513717
0.000413853
0.0002579
0.000129789
8.53032e-05
0.000121559
0.000215264
0.000347404
0.000924832
0.00090775
0.000819718
0.000680598
0.00057205
0.000538595
0.000513717
0.000413853
0.0002579
0.000129789
8.53032e-05
0.000121559
0.000215264
0.000347404
0.000924832
0.00090775
0.000819718
0.000680598
0.00057205
0.000538595
0.000513717
0.000413853
0.0002579
0.000129789
8.53032e-05
0.000121559
0.000215264
0.000347404
0.000924832
0.00090775
0.000819718
0.000680598
0.00057205
0.000538595
0.000513717
0.000413853
0.0002579
0.000129789
8.53032e-05
0.000121559
0.000215264
0.000347404
0.000924832
0.00090775
0.000819718
0.000680598
0.00057205
0.000538595
0.000513717
0.000413853
0.0002579
0.000129789
8.53032e-05
0.000121559
0.000215264
0.000347404
0.000924832
0.00090775
0.000819718
0.000680598
0.00057205
0.000538595
0.000513717
0.000413853
0.0002579
0.000129789
8.53032e-05
0.000121559
0.000215264
0.000347404
0.000924832
0.00090775
0.000819718
0.000680598
0.00057205
0.000538595
0.000513717
0.000413853
0.0002579
0.000129789
8.53032e-05
0.000121559
0.000215264
0.000347404
0.000924832
0.00090775
0.000819718
0.000680598
0.00057205
0.000538595
0.000513717
0.000413853
0.0002579
0.000129789
8.53032e-05
0.000121559
0.000215264
0.000347404
0.000924832
0.00090775
0.000819718
0.000680598
0.00057205
0.000538595
0.000513717
0.000413853
0.0002579
0.000129789
8.53032e-05
0.000121559
0.000215264
0.000347404
0.000924832
0.00090775
0.000819718
0.000680598
0.00057205
0.000538595
0.000513717
0.000413853
0.0002579
0.000129789
8.53032e-05
0.000121559
0.000215264
0.000347404
0.000924832
0.00090775
0.000819718
0.000680598
0.00057205
0.000538595
0.000513717
0.000413853
0.0002579
0.000129789
8.53032e-05
0.000121559
0.000215264
0.000347404
0.000924832
0.00090775
0.000819718
0.000680598
0.00057205
0.000538595
0.000513717
0.000413853
0.0002579
0.000129789
8.53032e-05
0.000121559
0.000215264
0.000347404
0.000924832
0.00090775
0.000819718
0.000680598
0.00057205
0.000538595
0.000513717
0.000413853
0.0002579
0.000129789
8.53032e-05
0.000121559
0.000215264
0.000347404
0.000924832
0.00090775
0.000819718
0.000680598
0.00057205
0.000538595
0.000513717
0.000413853
0.0002579
0.000129789
8.53032e-05
0.000121559
0.000215264
0.000347404
0.000924832
0.00090775
0.000819718
0.000680598
0.00057205
0.000538595
0.000513717
0.000413853
0.0002579
0.000129789
8.53032e-05
0.000121559
0.000215264
0.000347404
0.000924832
0.00090775
0.000819718
0.000680598
0.00057205
0.000538595
0.000513717
0.000413853
0.0002579
0.000129789
8.53032e-05
0.000121559
0.000215264
0.000347404
0.000924832
0.00090775
0.000819718
0.000680598
0.00057205
0.000538595
0.000513717
0.000413853
0.0002579
0.000129789
8.53032e-05
0.000121559
0.000215264
0.000347404
0.000924832
0.00090775
0.000819718
0.000680598
0.00057205
0.000538595
0.000513717
0.000413853
0.0002579
0.000129789
8.53032e-05
0.000121559
0.000215264
0.000347404
0.000924832
0.00090775
0.000819718
0.000680598
0.00057205
0.000538595
0.000513717
0.000413853
0.0002579
0.000129789
8.53032e-05
0.000121559
0.000215264
0.000347404
0.000924832
0.00090775
0.000819718
0.000680598
0.00057205
0.000538595
0.000513717
0.000413853
0.0002579
0.000129789
8.53032e-05
0.000121559
0.000215264
0.000347404
0.000924832
0.00090775
0.000819718
0.000680598
0.00057205
0.000538595
0.000513717
0.000413853
0.0002579
0.000129789
8.53032e-05
0.000121559
0.000215264
0.000347404
0.000924832
0.00090775
0.000819718
0.000680598
0.00057205
0.000538595
0.000513717
0.000413853
0.0002579
0.000129789
8.53032e-05
0.000121559
0.000215264
0.000347404
0.000924832
0.00090775
0.000819718
0.000680598
0.00057205
0.000538595
0.000513717
0.000413853
0.0002579
0.000129789
8.53032e-05
0.000121559
0.000215264
0.000347404
0.000924832
0.00090775
0.000819718
0.000680598
0.00057205
0.000538595
0.000513717
0.000413853
0.0002579
0.000129789
8.53032e-05
0.000121559
0.000215264
0.000347404
0.000924832
0.00090775
0.000819718
0.000680598
0.00057205
0.000538595
0.000513717
0.000413853
0.0002579
0.000129789
8.53032e-05
0.000121559
0.000215264
0.000347404
0.000924832
0.00090775
0.000819718
0.000680598
0.00057205
0.000538595
0.000513717
0.000413853
0.0002579
0.000129789
8.53032e-05
0.000121559
0.000215264
0.000347404
0.000924832
0.00090775
0.000819718
0.000680598
0.00057205
0.000538595
0.000513717
0.000413853
0.0002579
0.000129789
8.53032e-05
0.000121559
0.000215264
0.000347404
0.000924832
0.00090775
0.000819718
0.000680598
0.00057205
0.000538595
0.000513717
0.000413853
0.0002579
0.000129789
8.53032e-05
0.000121559
0.000215264
0.000347404
0.000924832
0.00090775
0.000819718
0.000680598
0.00057205
0.000538595
0.000513717
0.000413853
0.0002579
0.000129789
8.53032e-05
0.000121559
0.000215264
0.000347404
0.000924832
0.00090775
0.000819718
0.000680598
0.00057205
0.000538595
0.000513717
0.000413853
0.0002579
0.000129789
8.53032e-05
0.000121559
0.000215264
0.000347404
0.000924832
0.00090775
0.000819718
0.000680598
0.00057205
0.000538595
0.000513717
0.000413853
0.0002579
0.000129789
8.53032e-05
0.000121559
0.000215264
0.000347404
0.000924832
0.00090775
0.000819718
0.000680598
0.00057205
0.000538595
0.000513717
0.000413853
0.0002579
0.000129789
8.53032e-05
0.000121559
0.000215264
0.000347404
0.000924832
0.00090775
0.000819718
0.000680598
0.00057205
0.000538595
0.000513717
0.000413853
0.0002579
0.000129789
8.53032e-05
0.000121559
0.000215264
0.000347404
0.000924832
0.00090775
0.000819718
0.000680598
0.00057205
0.000538595
0.000513717
0.000413853
0.0002579
0.000129789
8.53032e-05
0.000121559
0.000215264
0.000347404
0.000924832
0.00090775
0.000819718
0.000680598
0.00057205
0.000538595
0.000513717
0.000413853
0.0002579
0.000129789
8.53032e-05
0.000121559
0.000215264
0.000347404
0.000924832
0.00090775
0.000819718
0.000680598
0.00057205
0.000538595
0.000513717
0.000413853
0.0002579
0.000129789
8.53032e-05
0.000121559
0.000215264
0.000347404
0.000924832
0.00090775
0.000819718
0.000680598
0.00057205
0.000538595
0.000513717
0.000413853
0.0002579
0.000129789
8.53032e-05
0.000121559
0.000215264
0.000347404
0.000924832
0.00090775
0.000819718
0.000680598
0.00057205
0.000538595
0.000513717
0.000413853
0.0002579
0.000129789
8.53032e-05
0.000121559
0.000215264
0.000347404
0.000924832
0.00090775
0.000819718
0.000680598
0.00057205
0.000538595
0.000513717
0.000413853
0.0002579
0.000129789
8.53032e-05
0.000121559
0.000215264
0.000347404
0.000924832
0.00090775
0.000819718
0.000680598
0.00057205
0.000538595
0.000513717
0.000413853
0.0002579
0.000129789
8.53032e-05
0.000121559
0.000215264
0.000347404
0.000924832
0.00090775
0.000819718
0.000680598
0.00057205
0.000538595
0.000513717
0.000413853
0.0002579
0.000129789
8.53032e-05
0.000121559
0.000215264
0.000347404
0.000924832
0.00090775
0.000819718
0.000680598
0.00057205
0.000538595
0.000513717
0.000413853
0.0002579
0.000129789
8.53032e-05
0.000121559
0.000215264
0.000347404
0.000924832
0.00090775
0.000819718
0.000680598
0.00057205
0.000538595
0.000513717
0.000413853
0.0002579
0.000129789
8.53032e-05
0.000121559
0.000215264
0.000347404
0.000924832
0.00090775
0.000819718
0.000680598
0.00057205
0.000538595
0.000513717
0.000413853
0.0002579
0.000129789
8.53032e-05
0.000121559
0.000215264
0.000347404
0.000924832
0.00090775
0.000819718
0.000680598
0.00057205
0.000538595
0.000513717
0.000413853
0.0002579
0.000129789
8.53032e-05
0.000121559
0.000215264
0.000347404
0.000924832
0.00090775
0.000819718
0.000680598
0.00057205
0.000538595
0.000513717
0.000413853
0.0002579
0.000129789
8.53032e-05
0.000121559
0.000215264
0.000347404
0.000924832
0.00090775
0.000819718
0.000680598
0.00057205
0.000538595
0.000513717
0.000413853
0.0002579
0.000129789
8.53032e-05
0.000121559
0.000215264
0.000347404
0.000924832
0.00090775
0.000819718
0.000680598
0.00057205
0.000538595
0.000513717
0.000413853
0.0002579
0.000129789
8.53032e-05
0.000121559
0.000215264
0.000347404
0.000924832
0.00090775
0.000819718
0.000680598
0.00057205
0.000538595
0.000513717
0.000413853
0.0002579
0.000129789
8.53032e-05
0.000121559
0.000215264
0.000347404
0.000924832
0.00090775
0.000819718
0.000680598
0.00057205
0.000538595
0.000513717
0.000413853
0.0002579
0.000129789
8.53032e-05
0.000121559
0.000215264
0.000347404
0.000924832
0.00090775
0.000819718
0.000680598
0.00057205
0.000538595
0.000513717
0.000413853
0.0002579
0.000129789
8.53032e-05
0.000121559
0.000215264
0.000347404
0.000924832
0.00090775
0.000819718
0.000680598
0.00057205
0.000538595
0.000513717
0.000413853
0.0002579
0.000129789
8.53032e-05
0.000121559
0.000215264
0.000347404
0.000924832
0.00090775
0.000819718
0.000680598
0.00057205
0.000538595
0.000513717
0.000413853
0.0002579
0.000129789
8.53032e-05
0.000121559
0.000215264
0.000347404
0.000924832
0.00090775
0.000819718
0.000680598
0.00057205
0.000538595
0.000513717
0.000413853
0.0002579
0.000129789
8.53032e-05
0.000121559
0.000215264
0.000347404
0.000924832
0.00090775
0.000819718
0.000680598
0.00057205
0.000538595
0.000513717
0.000413853
0.0002579
0.000129789
8.53032e-05
0.000121559
0.000215264
0.000347404
0.000924832
0.00090775
0.000819718
0.000680598
0.00057205
0.000538595
0.000513717
0.000413853
0.0002579
0.000129789
8.53032e-05
0.000121559
0.000215264
0.000347404
0.000924832
0.00090775
0.000819718
0.000680598
0.00057205
0.000538595
0.000513717
0.000413853
0.0002579
0.000129789
8.53032e-05
0.000121559
0.000215264
0.000347404
0.000924832
0.00090775
0.000819718
0.000680598
0.00057205
0.000538595
0.000513717
0.000413853
0.0002579
0.000129789
8.53032e-05
0.000121559
0.000215264
0.000347404
0.000924832
0.00090775
0.000819718
0.000680598
0.00057205
0.000538595
0.000513717
0.000413853
0.0002579
0.000129789
8.53032e-05
0.000121559
0.000215264
0.000347404
0.000924832
0.00090775
0.000819718
0.000680598
0.00057205
0.000538595
0.000513717
0.000413853
0.0002579
0.000129789
8.53032e-05
0.000121559
0.000215264
0.000347404
0.000924832
0.00090775
0.000819718
0.000680598
0.00057205
0.000538595
0.000513717
0.000413853
0.0002579
0.000129789
8.53032e-05
0.000121559
0.000215264
0.000347404
0.000924832
0.00090775
0.000819718
0.000680598
0.00057205
0.000538595
0.000513717
0.000413853
0.0002579
0.000129789
8.53032e-05
0.000121559
0.000215264
0.000347404
0.000924832
0.00090775
0.000819718
0.000680598
0.00057205
0.000538595
0.000513717
0.000413853
0.0002579
0.000129789
8.53032e-05
0.000121559
0.000215264
0.000347404
0.000924832
0.00090775
0.000819718
0.000680598
0.00057205
0.000538595
0.000513717
0.000413853
0.0002579
0.000129789
8.53032e-05
0.000121559
0.000215264
0.000347404
0.000924832
0.00090775
0.000819718
0.000680598
0.00057205
0.000538595
0.000513717
0.000413853
0.0002579
0.000129789
8.53032e-05
0.000121559
0.000215264
0.000347404
0.000924832
0.00090775
0.000819718
0.000680598
0.00057205
0.000538595
0.000513717
0.000413853
0.0002579
0.000129789
8.53032e-05
0.000121559
0.000215264
0.000347404
0.000924832
0.00090775
0.000819718
0.000680598
0.00057205
0.000538595
0.000513717
0.000413853
0.0002579
0.000129789
8.53032e-05
0.000121559
0.000215264
0.000347404
0.000924832
0.00090775
0.000819718
0.000680598
0.00057205
0.000538595
0.000513717
0.000413853
0.0002579
0.000129789
8.53032e-05
0.000121559
0.000215264
0.000347404
0.000924832
0.00090775
0.000819718
0.000680598
0.00057205
0.000538595
0.000513717
0.000413853
0.0002579
0.000129789
8.53032e-05
0.000121559
0.000215264
0.000347404
0.000924832
0.00090775
0.000819718
0.000680598
0.00057205
0.000538595
0.000513717
0.000413853
0.0002579
0.000129789
8.53032e-05
0.000121559
0.000215264
0.000347404
0.000924832
0.00090775
0.000819718
0.000680598
0.00057205
0.000538595
0.000513717
0.000413853
0.0002579
0.000129789
8.53032e-05
0.000121559
0.000215264
0.000347404
0.000924832
0.00090775
0.000819718
0.000680598
0.00057205
0.000538595
0.000513717
0.000413853
0.0002579
0.000129789
8.53032e-05
0.000121559
0.000215264
0.000347404
0.000924832
0.00090775
0.000819718
0.000680598
0.00057205
0.000538595
0.000513717
0.000413853
0.0002579
0.000129789
8.53032e-05
0.000121559
0.000215264
0.000347404
0.000924832
0.00090775
0.000819718
0.000680598
0.00057205
0.000538595
0.000513717
0.000413853
0.0002579
0.000129789
8.53032e-05
0.000121559
0.000215264
0.000347404
0.000924832
0.00090775
0.000819718
0.000680598
0.00057205
0.000538595
0.000513717
0.000413853
0.0002579
0.000129789
8.53032e-05
0.000121559
0.000215264
0.000347404
0.000924832
0.00090775
0.000819718
0.000680598
0.00057205
0.000538595
0.000513717
0.000413853
0.0002579
0.000129789
8.53032e-05
0.000121559
0.000215264
0.000347404
0.000924832
0.00090775
0.000819718
0.000680598
0.00057205
0.000538595
0.000513717
0.000413853
0.0002579
0.000129789
8.53032e-05
0.000121559
0.000215264
0.000347404
0.000924832
0.00090775
0.000819718
0.000680598
0.00057205
0.000538595
0.000513717
0.000413853
0.0002579
0.000129789
8.53032e-05
0.000121559
0.000215264
0.000347404
0.000924832
0.00090775
0.000819718
0.000680598
0.00057205
0.000538595
0.000513717
0.000413853
0.0002579
0.000129789
8.53032e-05
0.000121559
0.000215264
0.000347404
0.000924832
0.00090775
0.000819718
0.000680598
0.00057205
0.000538595
0.000513717
0.000413853
0.0002579
0.000129789
8.53032e-05
0.000121559
0.000215264
0.000347404
0.000924832
0.00090775
0.000819718
0.000680598
0.00057205
0.000538595
0.000513717
0.000413853
0.0002579
0.000129789
8.53032e-05
0.000121559
0.000215264
0.000347404
0.000924832
0.00090775
0.000819718
0.000680598
0.00057205
0.000538595
0.000513717
0.000413853
0.0002579
0.000129789
8.53032e-05
0.000121559
0.000215264
0.000347404
0.000616555
0.000605166
0.000546475
0.000453725
0.000381362
0.000359072
0.000342506
0.000275944
0.000171972
8.65427e-05
5.68462e-05
8.09651e-05
0.000143376
0.000231415
0.000616555
0.000605308
0.000555885
0.000505231
0.000536156
0.000686508
0.00085184
0.000863267
0.000631929
0.000210321
0.000245907
0.000462538
0.000149919
0.000599258
0.000616555
0.000607028
0.000559171
0.000490857
0.000460282
0.00049471
0.000532165
0.000491451
0.000365384
0.000206155
7.30974e-05
1.45123e-05
7.91768e-05
0.000296693
0.000616555
0.000606304
0.000553787
0.000473832
0.000421446
0.000423873
0.000429046
0.000372423
0.000260668
0.000149385
8.32136e-05
7.60826e-05
0.00013372
0.000261474
0.000616555
0.000605768
0.000550292
0.00046405
0.000401543
0.000390984
0.000384293
0.000322035
0.000214604
0.00011813
7.30039e-05
8.36861e-05
0.000143351
0.000247295
0.000616555
0.000605474
0.000548416
0.000458944
0.000391484
0.000374929
0.000363086
0.000298522
0.000192896
0.000102332
6.55228e-05
8.34244e-05
0.000144453
0.00023967
0.000616555
0.000605321
0.000547452
0.000456347
0.00038643
0.000366979
0.000352724
0.000287124
0.000182341
9.44322e-05
6.13183e-05
8.2448e-05
0.000144174
0.000235631
0.000616555
0.000605244
0.000546965
0.000455039
0.000383898
0.00036302
0.000347598
0.000281507
0.000177134
9.04856e-05
5.91139e-05
8.17673e-05
0.000143838
0.000233546
0.000616555
0.000605205
0.00054672
0.000454382
0.00038263
0.000361045
0.000345048
0.000278719
0.000174547
8.85137e-05
5.79877e-05
8.13811e-05
0.000143623
0.000232486
0.000616555
0.000605186
0.000546598
0.000454054
0.000381996
0.000360058
0.000343776
0.00027733
0.000173258
8.75281e-05
5.74189e-05
8.11768e-05
0.000143503
0.000231952
0.000616555
0.000605176
0.000546536
0.000453889
0.000381679
0.000359565
0.00034314
0.000276636
0.000172615
8.70354e-05
5.7133e-05
8.10718e-05
0.000143441
0.000231684
0.000616555
0.000605171
0.000546506
0.000453807
0.000381521
0.000359318
0.000342823
0.00027629
0.000172294
8.6789e-05
5.69897e-05
8.10187e-05
0.000143409
0.00023155
0.000616555
0.000605169
0.00054649
0.000453766
0.000381441
0.000359195
0.000342664
0.000276117
0.000172133
8.66659e-05
5.6918e-05
8.09919e-05
0.000143393
0.000231482
0.000616555
0.000605167
0.000546482
0.000453745
0.000381402
0.000359133
0.000342585
0.00027603
0.000172053
8.66043e-05
5.68821e-05
8.09785e-05
0.000143385
0.000231449
0.000616555
0.000605167
0.000546479
0.000453735
0.000381382
0.000359103
0.000342545
0.000275987
0.000172012
8.65735e-05
5.68642e-05
8.09718e-05
0.000143381
0.000231432
0.000616555
0.000605166
0.000546477
0.00045373
0.000381372
0.000359087
0.000342526
0.000275965
0.000171992
8.65581e-05
5.68552e-05
8.09684e-05
0.000143379
0.000231423
0.000616555
0.000605166
0.000546476
0.000453727
0.000381367
0.00035908
0.000342516
0.000275954
0.000171982
8.65504e-05
5.68507e-05
8.09668e-05
0.000143377
0.000231419
0.000616555
0.000605166
0.000546475
0.000453726
0.000381365
0.000359076
0.000342511
0.000275949
0.000171977
8.65466e-05
5.68485e-05
8.09659e-05
0.000143377
0.000231417
0.000616555
0.000605166
0.000546475
0.000453725
0.000381363
0.000359074
0.000342508
0.000275946
0.000171975
8.65447e-05
5.68473e-05
8.09655e-05
0.000143377
0.000231416
0.000616555
0.000605166
0.000546475
0.000453725
0.000381363
0.000359073
0.000342507
0.000275945
0.000171974
8.65437e-05
5.68468e-05
8.09653e-05
0.000143377
0.000231416
0.000616555
0.000605166
0.000546475
0.000453725
0.000381362
0.000359072
0.000342506
0.000275944
0.000171973
8.65432e-05
5.68465e-05
8.09652e-05
0.000143377
0.000231415
0.000616555
0.000605166
0.000546475
0.000453725
0.000381362
0.000359072
0.000342506
0.000275944
0.000171973
8.6543e-05
5.68463e-05
8.09651e-05
0.000143377
0.000231415
0.000616555
0.000605166
0.000546475
0.000453725
0.000381362
0.000359072
0.000342506
0.000275944
0.000171972
8.65429e-05
5.68463e-05
8.09651e-05
0.000143376
0.000231415
0.000616555
0.000605166
0.000546475
0.000453725
0.000381362
0.000359072
0.000342506
0.000275944
0.000171972
8.65428e-05
5.68462e-05
8.09651e-05
0.000143376
0.000231415
0.000616555
0.000605166
0.000546475
0.000453725
0.000381362
0.000359072
0.000342506
0.000275944
0.000171972
8.65428e-05
5.68462e-05
8.09651e-05
0.000143376
0.000231415
0.000616555
0.000605166
0.000546475
0.000453725
0.000381362
0.000359072
0.000342506
0.000275944
0.000171972
8.65428e-05
5.68462e-05
8.09651e-05
0.000143376
0.000231415
0.000616555
0.000605166
0.000546475
0.000453725
0.000381362
0.000359072
0.000342506
0.000275944
0.000171972
8.65428e-05
5.68462e-05
8.09651e-05
0.000143376
0.000231415
0.000616555
0.000605166
0.000546475
0.000453725
0.000381362
0.000359072
0.000342506
0.000275944
0.000171972
8.65427e-05
5.68462e-05
8.09651e-05
0.000143376
0.000231415
0.000616555
0.000605166
0.000546475
0.000453725
0.000381362
0.000359072
0.000342506
0.000275944
0.000171972
8.65427e-05
5.68462e-05
8.09651e-05
0.000143376
0.000231415
0.000616555
0.000605166
0.000546475
0.000453725
0.000381362
0.000359072
0.000342506
0.000275944
0.000171972
8.65427e-05
5.68462e-05
8.09651e-05
0.000143376
0.000231415
0.000616555
0.000605166
0.000546475
0.000453725
0.000381362
0.000359072
0.000342506
0.000275944
0.000171972
8.65427e-05
5.68462e-05
8.09651e-05
0.000143376
0.000231415
0.000616555
0.000605166
0.000546475
0.000453725
0.000381362
0.000359072
0.000342506
0.000275944
0.000171972
8.65427e-05
5.68462e-05
8.09651e-05
0.000143376
0.000231415
0.000616555
0.000605166
0.000546475
0.000453725
0.000381362
0.000359072
0.000342506
0.000275944
0.000171972
8.65427e-05
5.68462e-05
8.09651e-05
0.000143376
0.000231415
0.000616555
0.000605166
0.000546475
0.000453725
0.000381362
0.000359072
0.000342506
0.000275944
0.000171972
8.65427e-05
5.68462e-05
8.09651e-05
0.000143376
0.000231415
0.000616555
0.000605166
0.000546475
0.000453725
0.000381362
0.000359072
0.000342506
0.000275944
0.000171972
8.65427e-05
5.68462e-05
8.09651e-05
0.000143376
0.000231415
0.000616555
0.000605166
0.000546475
0.000453725
0.000381362
0.000359072
0.000342506
0.000275944
0.000171972
8.65427e-05
5.68462e-05
8.09651e-05
0.000143376
0.000231415
0.000616555
0.000605166
0.000546475
0.000453725
0.000381362
0.000359072
0.000342506
0.000275944
0.000171972
8.65427e-05
5.68462e-05
8.09651e-05
0.000143376
0.000231415
0.000616555
0.000605166
0.000546475
0.000453725
0.000381362
0.000359072
0.000342506
0.000275944
0.000171972
8.65427e-05
5.68462e-05
8.09651e-05
0.000143376
0.000231415
0.000616555
0.000605166
0.000546475
0.000453725
0.000381362
0.000359072
0.000342506
0.000275944
0.000171972
8.65427e-05
5.68462e-05
8.09651e-05
0.000143376
0.000231415
0.000616555
0.000605166
0.000546475
0.000453725
0.000381362
0.000359072
0.000342506
0.000275944
0.000171972
8.65427e-05
5.68462e-05
8.09651e-05
0.000143376
0.000231415
0.000616555
0.000605166
0.000546475
0.000453725
0.000381362
0.000359072
0.000342506
0.000275944
0.000171972
8.65427e-05
5.68462e-05
8.09651e-05
0.000143376
0.000231415
0.000616555
0.000605166
0.000546475
0.000453725
0.000381362
0.000359072
0.000342506
0.000275944
0.000171972
8.65427e-05
5.68462e-05
8.09651e-05
0.000143376
0.000231415
0.000616555
0.000605166
0.000546475
0.000453725
0.000381362
0.000359072
0.000342506
0.000275944
0.000171972
8.65427e-05
5.68462e-05
8.09651e-05
0.000143376
0.000231415
0.000616555
0.000605166
0.000546475
0.000453725
0.000381362
0.000359072
0.000342506
0.000275944
0.000171972
8.65427e-05
5.68462e-05
8.09651e-05
0.000143376
0.000231415
0.000616555
0.000605166
0.000546475
0.000453725
0.000381362
0.000359072
0.000342506
0.000275944
0.000171972
8.65427e-05
5.68462e-05
8.09651e-05
0.000143376
0.000231415
0.000616555
0.000605166
0.000546475
0.000453725
0.000381362
0.000359072
0.000342506
0.000275944
0.000171972
8.65427e-05
5.68462e-05
8.09651e-05
0.000143376
0.000231415
0.000616555
0.000605166
0.000546475
0.000453725
0.000381362
0.000359072
0.000342506
0.000275944
0.000171972
8.65427e-05
5.68462e-05
8.09651e-05
0.000143376
0.000231415
0.000616555
0.000605166
0.000546475
0.000453725
0.000381362
0.000359072
0.000342506
0.000275944
0.000171972
8.65427e-05
5.68462e-05
8.09651e-05
0.000143376
0.000231415
0.000616555
0.000605166
0.000546475
0.000453725
0.000381362
0.000359072
0.000342506
0.000275944
0.000171972
8.65427e-05
5.68462e-05
8.09651e-05
0.000143376
0.000231415
0.000616555
0.000605166
0.000546475
0.000453725
0.000381362
0.000359072
0.000342506
0.000275944
0.000171972
8.65427e-05
5.68462e-05
8.09651e-05
0.000143376
0.000231415
0.000616555
0.000605166
0.000546475
0.000453725
0.000381362
0.000359072
0.000342506
0.000275944
0.000171972
8.65427e-05
5.68462e-05
8.09651e-05
0.000143376
0.000231415
0.000616555
0.000605166
0.000546475
0.000453725
0.000381362
0.000359072
0.000342506
0.000275944
0.000171972
8.65427e-05
5.68462e-05
8.09651e-05
0.000143376
0.000231415
0.000616555
0.000605166
0.000546475
0.000453725
0.000381362
0.000359072
0.000342506
0.000275944
0.000171972
8.65427e-05
5.68462e-05
8.09651e-05
0.000143376
0.000231415
0.000616555
0.000605166
0.000546475
0.000453725
0.000381362
0.000359072
0.000342506
0.000275944
0.000171972
8.65427e-05
5.68462e-05
8.09651e-05
0.000143376
0.000231415
0.000616555
0.000605166
0.000546475
0.000453725
0.000381362
0.000359072
0.000342506
0.000275944
0.000171972
8.65427e-05
5.68462e-05
8.09651e-05
0.000143376
0.000231415
0.000616555
0.000605166
0.000546475
0.000453725
0.000381362
0.000359072
0.000342506
0.000275944
0.000171972
8.65427e-05
5.68462e-05
8.09651e-05
0.000143376
0.000231415
0.000616555
0.000605166
0.000546475
0.000453725
0.000381362
0.000359072
0.000342506
0.000275944
0.000171972
8.65427e-05
5.68462e-05
8.09651e-05
0.000143376
0.000231415
0.000616555
0.000605166
0.000546475
0.000453725
0.000381362
0.000359072
0.000342506
0.000275944
0.000171972
8.65427e-05
5.68462e-05
8.09651e-05
0.000143376
0.000231415
0.000616555
0.000605166
0.000546475
0.000453725
0.000381362
0.000359072
0.000342506
0.000275944
0.000171972
8.65427e-05
5.68462e-05
8.09651e-05
0.000143376
0.000231415
0.000616555
0.000605166
0.000546475
0.000453725
0.000381362
0.000359072
0.000342506
0.000275944
0.000171972
8.65427e-05
5.68462e-05
8.09651e-05
0.000143376
0.000231415
0.000616555
0.000605166
0.000546475
0.000453725
0.000381362
0.000359072
0.000342506
0.000275944
0.000171972
8.65427e-05
5.68462e-05
8.09651e-05
0.000143376
0.000231415
0.000616555
0.000605166
0.000546475
0.000453725
0.000381362
0.000359072
0.000342506
0.000275944
0.000171972
8.65427e-05
5.68462e-05
8.09651e-05
0.000143376
0.000231415
0.000616555
0.000605166
0.000546475
0.000453725
0.000381362
0.000359072
0.000342506
0.000275944
0.000171972
8.65427e-05
5.68462e-05
8.09651e-05
0.000143376
0.000231415
0.000616555
0.000605166
0.000546475
0.000453725
0.000381362
0.000359072
0.000342506
0.000275944
0.000171972
8.65427e-05
5.68462e-05
8.09651e-05
0.000143376
0.000231415
0.000616555
0.000605166
0.000546475
0.000453725
0.000381362
0.000359072
0.000342506
0.000275944
0.000171972
8.65427e-05
5.68462e-05
8.09651e-05
0.000143376
0.000231415
0.000616555
0.000605166
0.000546475
0.000453725
0.000381362
0.000359072
0.000342506
0.000275944
0.000171972
8.65427e-05
5.68462e-05
8.09651e-05
0.000143376
0.000231415
0.000616555
0.000605166
0.000546475
0.000453725
0.000381362
0.000359072
0.000342506
0.000275944
0.000171972
8.65427e-05
5.68462e-05
8.09651e-05
0.000143376
0.000231415
0.000616555
0.000605166
0.000546475
0.000453725
0.000381362
0.000359072
0.000342506
0.000275944
0.000171972
8.65427e-05
5.68462e-05
8.09651e-05
0.000143376
0.000231415
0.000616555
0.000605166
0.000546475
0.000453725
0.000381362
0.000359072
0.000342506
0.000275944
0.000171972
8.65427e-05
5.68462e-05
8.09651e-05
0.000143376
0.000231415
0.000616555
0.000605166
0.000546475
0.000453725
0.000381362
0.000359072
0.000342506
0.000275944
0.000171972
8.65427e-05
5.68462e-05
8.09651e-05
0.000143376
0.000231415
0.000616555
0.000605166
0.000546475
0.000453725
0.000381362
0.000359072
0.000342506
0.000275944
0.000171972
8.65427e-05
5.68462e-05
8.09651e-05
0.000143376
0.000231415
0.000616555
0.000605166
0.000546475
0.000453725
0.000381362
0.000359072
0.000342506
0.000275944
0.000171972
8.65427e-05
5.68462e-05
8.09651e-05
0.000143376
0.000231415
0.000616555
0.000605166
0.000546475
0.000453725
0.000381362
0.000359072
0.000342506
0.000275944
0.000171972
8.65427e-05
5.68462e-05
8.09651e-05
0.000143376
0.000231415
0.000616555
0.000605166
0.000546475
0.000453725
0.000381362
0.000359072
0.000342506
0.000275944
0.000171972
8.65427e-05
5.68462e-05
8.09651e-05
0.000143376
0.000231415
0.000616555
0.000605166
0.000546475
0.000453725
0.000381362
0.000359072
0.000342506
0.000275944
0.000171972
8.65427e-05
5.68462e-05
8.09651e-05
0.000143376
0.000231415
0.000616555
0.000605166
0.000546475
0.000453725
0.000381362
0.000359072
0.000342506
0.000275944
0.000171972
8.65427e-05
5.68462e-05
8.09651e-05
0.000143376
0.000231415
0.000616555
0.000605166
0.000546475
0.000453725
0.000381362
0.000359072
0.000342506
0.000275944
0.000171972
8.65427e-05
5.68462e-05
8.09651e-05
0.000143376
0.000231415
0.000616555
0.000605166
0.000546475
0.000453725
0.000381362
0.000359072
0.000342506
0.000275944
0.000171972
8.65427e-05
5.68462e-05
8.09651e-05
0.000143376
0.000231415
0.000616555
0.000605166
0.000546475
0.000453725
0.000381362
0.000359072
0.000342506
0.000275944
0.000171972
8.65427e-05
5.68462e-05
8.09651e-05
0.000143376
0.000231415
0.000616555
0.000605166
0.000546475
0.000453725
0.000381362
0.000359072
0.000342506
0.000275944
0.000171972
8.65427e-05
5.68462e-05
8.09651e-05
0.000143376
0.000231415
0.000616555
0.000605166
0.000546475
0.000453725
0.000381362
0.000359072
0.000342506
0.000275944
0.000171972
8.65427e-05
5.68462e-05
8.09651e-05
0.000143376
0.000231415
0.000616555
0.000605166
0.000546475
0.000453725
0.000381362
0.000359072
0.000342506
0.000275944
0.000171972
8.65427e-05
5.68462e-05
8.09651e-05
0.000143376
0.000231415
0.000616555
0.000605166
0.000546475
0.000453725
0.000381362
0.000359072
0.000342506
0.000275944
0.000171972
8.65427e-05
5.68462e-05
8.09651e-05
0.000143376
0.000231415
0.000616555
0.000605166
0.000546475
0.000453725
0.000381362
0.000359072
0.000342506
0.000275944
0.000171972
8.65427e-05
5.68462e-05
8.09651e-05
0.000143376
0.000231415
0.000616555
0.000605166
0.000546475
0.000453725
0.000381362
0.000359072
0.000342506
0.000275944
0.000171972
8.65427e-05
5.68462e-05
8.09651e-05
0.000143376
0.000231415
0.000616555
0.000605166
0.000546475
0.000453725
0.000381362
0.000359072
0.000342506
0.000275944
0.000171972
8.65427e-05
5.68462e-05
8.09651e-05
0.000143376
0.000231415
0.000616555
0.000605166
0.000546475
0.000453725
0.000381362
0.000359072
0.000342506
0.000275944
0.000171972
8.65427e-05
5.68462e-05
8.09651e-05
0.000143376
0.000231415
0.000616555
0.000605166
0.000546475
0.000453725
0.000381362
0.000359072
0.000342506
0.000275944
0.000171972
8.65427e-05
5.68462e-05
8.09651e-05
0.000143376
0.000231415
0.000616555
0.000605166
0.000546475
0.000453725
0.000381362
0.000359072
0.000342506
0.000275944
0.000171972
8.65427e-05
5.68462e-05
8.09651e-05
0.000143376
0.000231415
0.000616555
0.000605166
0.000546475
0.000453725
0.000381362
0.000359072
0.000342506
0.000275944
0.000171972
8.65427e-05
5.68462e-05
8.09651e-05
0.000143376
0.000231415
0.000616555
0.000605166
0.000546475
0.000453725
0.000381362
0.000359072
0.000342506
0.000275944
0.000171972
8.65427e-05
5.68462e-05
8.09651e-05
0.000143376
0.000231415
0.000616555
0.000605166
0.000546475
0.000453725
0.000381362
0.000359072
0.000342506
0.000275944
0.000171972
8.65427e-05
5.68462e-05
8.09651e-05
0.000143376
0.000231415
0.000616555
0.000605166
0.000546475
0.000453725
0.000381362
0.000359072
0.000342506
0.000275944
0.000171972
8.65427e-05
5.68462e-05
8.09651e-05
0.000143376
0.000231415
0.000616555
0.000605166
0.000546475
0.000453725
0.000381362
0.000359072
0.000342506
0.000275944
0.000171972
8.65427e-05
5.68462e-05
8.09651e-05
0.000143376
0.000231415
0.000616555
0.000605166
0.000546475
0.000453725
0.000381362
0.000359072
0.000342506
0.000275944
0.000171972
8.65427e-05
5.68462e-05
8.09651e-05
0.000143376
0.000231415
0.000616555
0.000605166
0.000546475
0.000453725
0.000381362
0.000359072
0.000342506
0.000275944
0.000171972
8.65427e-05
5.68462e-05
8.09651e-05
0.000143376
0.000231415
0.000616555
0.000605166
0.000546475
0.000453725
0.000381362
0.000359072
0.000342506
0.000275944
0.000171972
8.65427e-05
5.68462e-05
8.09651e-05
0.000143376
0.000231415
0.000616555
0.000605166
0.000546475
0.000453725
0.000381362
0.000359072
0.000342506
0.000275944
0.000171972
8.65427e-05
5.68462e-05
8.09651e-05
0.000143376
0.000231415
0.000616555
0.000605166
0.000546475
0.000453725
0.000381362
0.000359072
0.000342506
0.000275944
0.000171972
8.65427e-05
5.68462e-05
8.09651e-05
0.000143376
0.000231415
0.000616555
0.000605166
0.000546475
0.000453725
0.000381362
0.000359072
0.000342506
0.000275944
0.000171972
8.65427e-05
5.68462e-05
8.09651e-05
0.000143376
0.000231415
0.000616555
0.000605166
0.000546475
0.000453725
0.000381362
0.000359072
0.000342506
0.000275944
0.000171972
8.65427e-05
5.68462e-05
8.09651e-05
0.000143376
0.000231415
0.000616555
0.000605166
0.000546475
0.000453725
0.000381362
0.000359072
0.000342506
0.000275944
0.000171972
8.65427e-05
5.68462e-05
8.09651e-05
0.000143376
0.000231415
0.000616555
0.000605166
0.000546475
0.000453725
0.000381362
0.000359072
0.000342506
0.000275944
0.000171972
8.65427e-05
5.68462e-05
8.09651e-05
0.000143376
0.000231415
0.000616555
0.000605166
0.000546475
0.000453725
0.000381362
0.000359072
0.000342506
0.000275944
0.000171972
8.65427e-05
5.68462e-05
8.09651e-05
0.000143376
0.000231415
0.000616555
0.000605166
0.000546475
0.000453725
0.000381362
0.000359072
0.000342506
0.000275944
0.000171972
8.65427e-05
5.68462e-05
8.09651e-05
0.000143376
0.000231415
0.000616555
0.000605166
0.000546475
0.000453725
0.000381362
0.000359072
0.000342506
0.000275944
0.000171972
8.65427e-05
5.68462e-05
8.09651e-05
0.000143376
0.000231415
0.000616555
0.000605166
0.000546475
0.000453725
0.000381362
0.000359072
0.000342506
0.000275944
0.000171972
8.65427e-05
5.68462e-05
8.09651e-05
0.000143376
0.000231415
0.000616555
0.000605166
0.000546475
0.000453725
0.000381362
0.000359072
0.000342506
0.000275944
0.000171972
8.65427e-05
5.68462e-05
8.09651e-05
0.000143376
0.000231415
0.000616555
0.000605166
0.000546475
0.000453725
0.000381362
0.000359072
0.000342506
0.000275944
0.000171972
8.65427e-05
5.68462e-05
8.09651e-05
0.000143376
0.000231415
0.000616555
0.000605166
0.000546475
0.000453725
0.000381362
0.000359072
0.000342506
0.000275944
0.000171972
8.65427e-05
5.68462e-05
8.09651e-05
0.000143376
0.000231415
0.000616555
0.000605166
0.000546475
0.000453725
0.000381362
0.000359072
0.000342506
0.000275944
0.000171972
8.65427e-05
5.68462e-05
8.09651e-05
0.000143376
0.000231415
0.000616555
0.000605166
0.000546475
0.000453725
0.000381362
0.000359072
0.000342506
0.000275944
0.000171972
8.65427e-05
5.68462e-05
8.09651e-05
0.000143376
0.000231415
0.000616555
0.000605166
0.000546475
0.000453725
0.000381362
0.000359072
0.000342506
0.000275944
0.000171972
8.65427e-05
5.68462e-05
8.09651e-05
0.000143376
0.000231415
0.000616555
0.000605166
0.000546475
0.000453725
0.000381362
0.000359072
0.000342506
0.000275944
0.000171972
8.65427e-05
5.68462e-05
8.09651e-05
0.000143376
0.000231415
0.000616555
0.000605166
0.000546475
0.000453725
0.000381362
0.000359072
0.000342506
0.000275944
0.000171972
8.65427e-05
5.68462e-05
8.09651e-05
0.000143376
0.000231415
0.000616555
0.000605166
0.000546475
0.000453725
0.000381362
0.000359072
0.000342506
0.000275944
0.000171972
8.65427e-05
5.68462e-05
8.09651e-05
0.000143376
0.000231415
0.000616555
0.000605166
0.000546475
0.000453725
0.000381362
0.000359072
0.000342506
0.000275944
0.000171972
8.65427e-05
5.68462e-05
8.09651e-05
0.000143376
0.000231415
0.000616555
0.000605166
0.000546475
0.000453725
0.000381362
0.000359072
0.000342506
0.000275944
0.000171972
8.65427e-05
5.68462e-05
8.09651e-05
0.000143376
0.000231415
0.000616555
0.000605166
0.000546475
0.000453725
0.000381362
0.000359072
0.000342506
0.000275944
0.000171972
8.65427e-05
5.68462e-05
8.09651e-05
0.000143376
0.000231415
0.000616555
0.000605166
0.000546475
0.000453725
0.000381362
0.000359072
0.000342506
0.000275944
0.000171972
8.65427e-05
5.68462e-05
8.09651e-05
0.000143376
0.000231415
0.000616555
0.000605166
0.000546475
0.000453725
0.000381362
0.000359072
0.000342506
0.000275944
0.000171972
8.65427e-05
5.68462e-05
8.09651e-05
0.000143376
0.000231415
