9.51173e-05
7.39118e-05
1.9239e-05
0.000100631
5.09591e-06
0.000294706
0.000577098
0.000628519
0.000458015
0.000217394
4.03683e-05
3.23823e-05
1.35698e-05
7.85059e-05
9.51173e-05
7.25606e-05
3.38527e-05
0.000156635
0.000128994
9.02784e-05
0.000264073
0.000258334
0.000214215
0.000173273
5.42094e-05
0.000270547
8.97817e-05
8.96849e-05
9.51173e-05
7.20164e-05
3.22455e-05
0.000135249
5.7713e-05
0.000242479
0.000532634
0.000586614
0.000419887
0.000191065
2.82534e-05
3.74832e-05
1.15288e-05
7.38376e-05
9.51173e-05
7.28347e-05
2.62817e-05
0.000118082
2.88846e-05
0.000275352
0.000566129
0.00062154
0.000450053
0.000207701
3.25929e-05
3.52916e-05
1.29304e-05
7.66629e-05
9.51173e-05
7.33541e-05
2.28245e-05
0.000109271
1.63326e-05
0.000286434
0.00057361
0.000627299
0.000455961
0.00021349
3.63394e-05
3.44482e-05
1.38972e-05
7.74962e-05
9.51173e-05
7.36294e-05
2.10411e-05
0.000104918
1.05476e-05
0.000290898
0.000575789
0.000628379
0.000457393
0.000215671
3.8358e-05
3.35597e-05
1.39055e-05
7.79822e-05
9.51173e-05
7.37698e-05
2.01417e-05
0.000102765
7.77985e-06
0.000292882
0.000576546
0.000628557
0.000457797
0.000216588
3.93686e-05
3.30039e-05
1.37794e-05
7.8241e-05
9.51173e-05
7.38406e-05
1.96907e-05
0.000101695
6.42738e-06
0.000293814
0.000576847
0.000628564
0.000457928
0.000217005
3.98703e-05
3.27009e-05
1.36848e-05
7.83729e-05
9.51173e-05
7.38762e-05
1.94649e-05
0.000101162
5.75902e-06
0.000294265
0.000576979
0.000628548
0.000457977
0.000217202
4.01198e-05
3.25435e-05
1.36298e-05
7.84393e-05
9.51173e-05
7.3894e-05
1.9352e-05
0.000100896
5.42681e-06
0.000294487
0.00057704
0.000628535
0.000457997
0.000217299
4.02442e-05
3.24633e-05
1.36004e-05
7.84726e-05
9.51173e-05
7.39029e-05
1.92955e-05
0.000100763
5.2612e-06
0.000294597
0.000577069
0.000628528
0.000458007
0.000217346
4.03063e-05
3.24229e-05
1.35853e-05
7.84892e-05
9.51173e-05
7.39073e-05
1.92673e-05
0.000100697
5.17851e-06
0.000294652
0.000577084
0.000628524
0.000458011
0.00021737
4.03373e-05
3.24026e-05
1.35776e-05
7.84975e-05
9.51173e-05
7.39095e-05
1.92532e-05
0.000100664
5.1372e-06
0.000294679
0.000577091
0.000628522
0.000458013
0.000217382
4.03528e-05
3.23925e-05
1.35737e-05
7.85017e-05
9.51173e-05
7.39107e-05
1.92461e-05
0.000100647
5.11655e-06
0.000294693
0.000577095
0.000628521
0.000458014
0.000217388
4.03605e-05
3.23874e-05
1.35718e-05
7.85038e-05
9.51173e-05
7.39112e-05
1.92426e-05
0.000100639
5.10623e-06
0.0002947
0.000577096
0.00062852
0.000458015
0.000217391
4.03644e-05
3.23848e-05
1.35708e-05
7.85048e-05
9.51173e-05
7.39115e-05
1.92408e-05
0.000100635
5.10107e-06
0.000294703
0.000577097
0.00062852
0.000458015
0.000217392
4.03663e-05
3.23836e-05
1.35703e-05
7.85054e-05
9.51173e-05
7.39116e-05
1.92399e-05
0.000100633
5.09849e-06
0.000294705
0.000577098
0.00062852
0.000458015
0.000217393
4.03673e-05
3.23829e-05
1.35701e-05
7.85056e-05
9.51173e-05
7.39117e-05
1.92395e-05
0.000100632
5.0972e-06
0.000294706
0.000577098
0.00062852
0.000458015
0.000217393
4.03678e-05
3.23826e-05
1.35699e-05
7.85057e-05
9.51173e-05
7.39117e-05
1.92393e-05
0.000100631
5.09655e-06
0.000294706
0.000577098
0.000628519
0.000458015
0.000217393
4.0368e-05
3.23824e-05
1.35699e-05
7.85058e-05
9.51173e-05
7.39118e-05
1.92392e-05
0.000100631
5.09623e-06
0.000294706
0.000577098
0.000628519
0.000458015
0.000217393
4.03682e-05
3.23824e-05
1.35698e-05
7.85058e-05
9.51173e-05
7.39118e-05
1.92391e-05
0.000100631
5.09607e-06
0.000294706
0.000577098
0.000628519
0.000458015
0.000217394
4.03682e-05
3.23823e-05
1.35698e-05
7.85059e-05
9.51173e-05
7.39118e-05
1.92391e-05
0.000100631
5.09599e-06
0.000294706
0.000577098
0.000628519
0.000458015
0.000217394
4.03682e-05
3.23823e-05
1.35698e-05
7.85059e-05
9.51173e-05
7.39118e-05
1.92391e-05
0.000100631
5.09595e-06
0.000294706
0.000577098
0.000628519
0.000458015
0.000217394
4.03683e-05
3.23823e-05
1.35698e-05
7.85059e-05
9.51173e-05
7.39118e-05
1.9239e-05
0.000100631
5.09593e-06
0.000294706
0.000577098
0.000628519
0.000458015
0.000217394
4.03683e-05
3.23823e-05
1.35698e-05
7.85059e-05
9.51173e-05
7.39118e-05
1.9239e-05
0.000100631
5.09592e-06
0.000294706
0.000577098
0.000628519
0.000458015
0.000217394
4.03683e-05
3.23823e-05
1.35698e-05
7.85059e-05
9.51173e-05
7.39118e-05
1.9239e-05
0.000100631
5.09591e-06
0.000294706
0.000577098
0.000628519
0.000458015
0.000217394
4.03683e-05
3.23823e-05
1.35698e-05
7.85059e-05
9.51173e-05
7.39118e-05
1.9239e-05
0.000100631
5.09591e-06
0.000294706
0.000577098
0.000628519
0.000458015
0.000217394
4.03683e-05
3.23823e-05
1.35698e-05
7.85059e-05
9.51173e-05
7.39118e-05
1.9239e-05
0.000100631
5.09591e-06
0.000294706
0.000577098
0.000628519
0.000458015
0.000217394
4.03683e-05
3.23823e-05
1.35698e-05
7.85059e-05
9.51173e-05
7.39118e-05
1.9239e-05
0.000100631
5.09591e-06
0.000294706
0.000577098
0.000628519
0.000458015
0.000217394
4.03683e-05
3.23823e-05
1.35698e-05
7.85059e-05
9.51173e-05
7.39118e-05
1.9239e-05
0.000100631
5.09591e-06
0.000294706
0.000577098
0.000628519
0.000458015
0.000217394
4.03683e-05
3.23823e-05
1.35698e-05
7.85059e-05
9.51173e-05
7.39118e-05
1.9239e-05
0.000100631
5.09591e-06
0.000294706
0.000577098
0.000628519
0.000458015
0.000217394
4.03683e-05
3.23823e-05
1.35698e-05
7.85059e-05
9.51173e-05
7.39118e-05
1.9239e-05
0.000100631
5.09591e-06
0.000294706
0.000577098
0.000628519
0.000458015
0.000217394
4.03683e-05
3.23823e-05
1.35698e-05
7.85059e-05
9.51173e-05
7.39118e-05
1.9239e-05
0.000100631
5.09591e-06
0.000294706
0.000577098
0.000628519
0.000458015
0.000217394
4.03683e-05
3.23823e-05
1.35698e-05
7.85059e-05
9.51173e-05
7.39118e-05
1.9239e-05
0.000100631
5.09591e-06
0.000294706
0.000577098
0.000628519
0.000458015
0.000217394
4.03683e-05
3.23823e-05
1.35698e-05
7.85059e-05
9.51173e-05
7.39118e-05
1.9239e-05
0.000100631
5.09591e-06
0.000294706
0.000577098
0.000628519
0.000458015
0.000217394
4.03683e-05
3.23823e-05
1.35698e-05
7.85059e-05
9.51173e-05
7.39118e-05
1.9239e-05
0.000100631
5.09591e-06
0.000294706
0.000577098
0.000628519
0.000458015
0.000217394
4.03683e-05
3.23823e-05
1.35698e-05
7.85059e-05
9.51173e-05
7.39118e-05
1.9239e-05
0.000100631
5.09591e-06
0.000294706
0.000577098
0.000628519
0.000458015
0.000217394
4.03683e-05
3.23823e-05
1.35698e-05
7.85059e-05
9.51173e-05
7.39118e-05
1.9239e-05
0.000100631
5.09591e-06
0.000294706
0.000577098
0.000628519
0.000458015
0.000217394
4.03683e-05
3.23823e-05
1.35698e-05
7.85059e-05
9.51173e-05
7.39118e-05
1.9239e-05
0.000100631
5.09591e-06
0.000294706
0.000577098
0.000628519
0.000458015
0.000217394
4.03683e-05
3.23823e-05
1.35698e-05
7.85059e-05
9.51173e-05
7.39118e-05
1.9239e-05
0.000100631
5.09591e-06
0.000294706
0.000577098
0.000628519
0.000458015
0.000217394
4.03683e-05
3.23823e-05
1.35698e-05
7.85059e-05
9.51173e-05
7.39118e-05
1.9239e-05
0.000100631
5.09591e-06
0.000294706
0.000577098
0.000628519
0.000458015
0.000217394
4.03683e-05
3.23823e-05
1.35698e-05
7.85059e-05
9.51173e-05
7.39118e-05
1.9239e-05
0.000100631
5.09591e-06
0.000294706
0.000577098
0.000628519
0.000458015
0.000217394
4.03683e-05
3.23823e-05
1.35698e-05
7.85059e-05
9.51173e-05
7.39118e-05
1.9239e-05
0.000100631
5.09591e-06
0.000294706
0.000577098
0.000628519
0.000458015
0.000217394
4.03683e-05
3.23823e-05
1.35698e-05
7.85059e-05
9.51173e-05
7.39118e-05
1.9239e-05
0.000100631
5.09591e-06
0.000294706
0.000577098
0.000628519
0.000458015
0.000217394
4.03683e-05
3.23823e-05
1.35698e-05
7.85059e-05
9.51173e-05
7.39118e-05
1.9239e-05
0.000100631
5.09591e-06
0.000294706
0.000577098
0.000628519
0.000458015
0.000217394
4.03683e-05
3.23823e-05
1.35698e-05
7.85059e-05
9.51173e-05
7.39118e-05
1.9239e-05
0.000100631
5.09591e-06
0.000294706
0.000577098
0.000628519
0.000458015
0.000217394
4.03683e-05
3.23823e-05
1.35698e-05
7.85059e-05
9.51173e-05
7.39118e-05
1.9239e-05
0.000100631
5.09591e-06
0.000294706
0.000577098
0.000628519
0.000458015
0.000217394
4.03683e-05
3.23823e-05
1.35698e-05
7.85059e-05
9.51173e-05
7.39118e-05
1.9239e-05
0.000100631
5.09591e-06
0.000294706
0.000577098
0.000628519
0.000458015
0.000217394
4.03683e-05
3.23823e-05
1.35698e-05
7.85059e-05
9.51173e-05
7.39118e-05
1.9239e-05
0.000100631
5.09591e-06
0.000294706
0.000577098
0.000628519
0.000458015
0.000217394
4.03683e-05
3.23823e-05
1.35698e-05
7.85059e-05
9.51173e-05
7.39118e-05
1.9239e-05
0.000100631
5.09591e-06
0.000294706
0.000577098
0.000628519
0.000458015
0.000217394
4.03683e-05
3.23823e-05
1.35698e-05
7.85059e-05
9.51173e-05
7.39118e-05
1.9239e-05
0.000100631
5.09591e-06
0.000294706
0.000577098
0.000628519
0.000458015
0.000217394
4.03683e-05
3.23823e-05
1.35698e-05
7.85059e-05
9.51173e-05
7.39118e-05
1.9239e-05
0.000100631
5.09591e-06
0.000294706
0.000577098
0.000628519
0.000458015
0.000217394
4.03683e-05
3.23823e-05
1.35698e-05
7.85059e-05
9.51173e-05
7.39118e-05
1.9239e-05
0.000100631
5.09591e-06
0.000294706
0.000577098
0.000628519
0.000458015
0.000217394
4.03683e-05
3.23823e-05
1.35698e-05
7.85059e-05
9.51173e-05
7.39118e-05
1.9239e-05
0.000100631
5.09591e-06
0.000294706
0.000577098
0.000628519
0.000458015
0.000217394
4.03683e-05
3.23823e-05
1.35698e-05
7.85059e-05
9.51173e-05
7.39118e-05
1.9239e-05
0.000100631
5.09591e-06
0.000294706
0.000577098
0.000628519
0.000458015
0.000217394
4.03683e-05
3.23823e-05
1.35698e-05
7.85059e-05
9.51173e-05
7.39118e-05
1.9239e-05
0.000100631
5.09591e-06
0.000294706
0.000577098
0.000628519
0.000458015
0.000217394
4.03683e-05
3.23823e-05
1.35698e-05
7.85059e-05
9.51173e-05
7.39118e-05
1.9239e-05
0.000100631
5.09591e-06
0.000294706
0.000577098
0.000628519
0.000458015
0.000217394
4.03683e-05
3.23823e-05
1.35698e-05
7.85059e-05
9.51173e-05
7.39118e-05
1.9239e-05
0.000100631
5.09591e-06
0.000294706
0.000577098
0.000628519
0.000458015
0.000217394
4.03683e-05
3.23823e-05
1.35698e-05
7.85059e-05
9.51173e-05
7.39118e-05
1.9239e-05
0.000100631
5.09591e-06
0.000294706
0.000577098
0.000628519
0.000458015
0.000217394
4.03683e-05
3.23823e-05
1.35698e-05
7.85059e-05
9.51173e-05
7.39118e-05
1.9239e-05
0.000100631
5.09591e-06
0.000294706
0.000577098
0.000628519
0.000458015
0.000217394
4.03683e-05
3.23823e-05
1.35698e-05
7.85059e-05
9.51173e-05
7.39118e-05
1.9239e-05
0.000100631
5.09591e-06
0.000294706
0.000577098
0.000628519
0.000458015
0.000217394
4.03683e-05
3.23823e-05
1.35698e-05
7.85059e-05
9.51173e-05
7.39118e-05
1.9239e-05
0.000100631
5.09591e-06
0.000294706
0.000577098
0.000628519
0.000458015
0.000217394
4.03683e-05
3.23823e-05
1.35698e-05
7.85059e-05
9.51173e-05
7.39118e-05
1.9239e-05
0.000100631
5.09591e-06
0.000294706
0.000577098
0.000628519
0.000458015
0.000217394
4.03683e-05
3.23823e-05
1.35698e-05
7.85059e-05
9.51173e-05
7.39118e-05
1.9239e-05
0.000100631
5.09591e-06
0.000294706
0.000577098
0.000628519
0.000458015
0.000217394
4.03683e-05
3.23823e-05
1.35698e-05
7.85059e-05
9.51173e-05
7.39118e-05
1.9239e-05
0.000100631
5.09591e-06
0.000294706
0.000577098
0.000628519
0.000458015
0.000217394
4.03683e-05
3.23823e-05
1.35698e-05
7.85059e-05
9.51173e-05
7.39118e-05
1.9239e-05
0.000100631
5.09591e-06
0.000294706
0.000577098
0.000628519
0.000458015
0.000217394
4.03683e-05
3.23823e-05
1.35698e-05
7.85059e-05
9.51173e-05
7.39118e-05
1.9239e-05
0.000100631
5.09591e-06
0.000294706
0.000577098
0.000628519
0.000458015
0.000217394
4.03683e-05
3.23823e-05
1.35698e-05
7.85059e-05
9.51173e-05
7.39118e-05
1.9239e-05
0.000100631
5.09591e-06
0.000294706
0.000577098
0.000628519
0.000458015
0.000217394
4.03683e-05
3.23823e-05
1.35698e-05
7.85059e-05
9.51173e-05
7.39118e-05
1.9239e-05
0.000100631
5.09591e-06
0.000294706
0.000577098
0.000628519
0.000458015
0.000217394
4.03683e-05
3.23823e-05
1.35698e-05
7.85059e-05
9.51173e-05
7.39118e-05
1.9239e-05
0.000100631
5.09591e-06
0.000294706
0.000577098
0.000628519
0.000458015
0.000217394
4.03683e-05
3.23823e-05
1.35698e-05
7.85059e-05
9.51173e-05
7.39118e-05
1.9239e-05
0.000100631
5.09591e-06
0.000294706
0.000577098
0.000628519
0.000458015
0.000217394
4.03683e-05
3.23823e-05
1.35698e-05
7.85059e-05
9.51173e-05
7.39118e-05
1.9239e-05
0.000100631
5.09591e-06
0.000294706
0.000577098
0.000628519
0.000458015
0.000217394
4.03683e-05
3.23823e-05
1.35698e-05
7.85059e-05
9.51173e-05
7.39118e-05
1.9239e-05
0.000100631
5.09591e-06
0.000294706
0.000577098
0.000628519
0.000458015
0.000217394
4.03683e-05
3.23823e-05
1.35698e-05
7.85059e-05
9.51173e-05
7.39118e-05
1.9239e-05
0.000100631
5.09591e-06
0.000294706
0.000577098
0.000628519
0.000458015
0.000217394
4.03683e-05
3.23823e-05
1.35698e-05
7.85059e-05
9.51173e-05
7.39118e-05
1.9239e-05
0.000100631
5.09591e-06
0.000294706
0.000577098
0.000628519
0.000458015
0.000217394
4.03683e-05
3.23823e-05
1.35698e-05
7.85059e-05
9.51173e-05
7.39118e-05
1.9239e-05
0.000100631
5.09591e-06
0.000294706
0.000577098
0.000628519
0.000458015
0.000217394
4.03683e-05
3.23823e-05
1.35698e-05
7.85059e-05
9.51173e-05
7.39118e-05
1.9239e-05
0.000100631
5.09591e-06
0.000294706
0.000577098
0.000628519
0.000458015
0.000217394
4.03683e-05
3.23823e-05
1.35698e-05
7.85059e-05
9.51173e-05
7.39118e-05
1.9239e-05
0.000100631
5.09591e-06
0.000294706
0.000577098
0.000628519
0.000458015
0.000217394
4.03683e-05
3.23823e-05
1.35698e-05
7.85059e-05
9.51173e-05
7.39118e-05
1.9239e-05
0.000100631
5.09591e-06
0.000294706
0.000577098
0.000628519
0.000458015
0.000217394
4.03683e-05
3.23823e-05
1.35698e-05
7.85059e-05
9.51173e-05
7.39118e-05
1.9239e-05
0.000100631
5.09591e-06
0.000294706
0.000577098
0.000628519
0.000458015
0.000217394
4.03683e-05
3.23823e-05
1.35698e-05
7.85059e-05
9.51173e-05
7.39118e-05
1.9239e-05
0.000100631
5.09591e-06
0.000294706
0.000577098
0.000628519
0.000458015
0.000217394
4.03683e-05
3.23823e-05
1.35698e-05
7.85059e-05
9.51173e-05
7.39118e-05
1.9239e-05
0.000100631
5.09591e-06
0.000294706
0.000577098
0.000628519
0.000458015
0.000217394
4.03683e-05
3.23823e-05
1.35698e-05
7.85059e-05
9.51173e-05
7.39118e-05
1.9239e-05
0.000100631
5.09591e-06
0.000294706
0.000577098
0.000628519
0.000458015
0.000217394
4.03683e-05
3.23823e-05
1.35698e-05
7.85059e-05
9.51173e-05
7.39118e-05
1.9239e-05
0.000100631
5.09591e-06
0.000294706
0.000577098
0.000628519
0.000458015
0.000217394
4.03683e-05
3.23823e-05
1.35698e-05
7.85059e-05
9.51173e-05
7.39118e-05
1.9239e-05
0.000100631
5.09591e-06
0.000294706
0.000577098
0.000628519
0.000458015
0.000217394
4.03683e-05
3.23823e-05
1.35698e-05
7.85059e-05
9.51173e-05
7.39118e-05
1.9239e-05
0.000100631
5.09591e-06
0.000294706
0.000577098
0.000628519
0.000458015
0.000217394
4.03683e-05
3.23823e-05
1.35698e-05
7.85059e-05
9.51173e-05
7.39118e-05
1.9239e-05
0.000100631
5.09591e-06
0.000294706
0.000577098
0.000628519
0.000458015
0.000217394
4.03683e-05
3.23823e-05
1.35698e-05
7.85059e-05
9.51173e-05
7.39118e-05
1.9239e-05
0.000100631
5.09591e-06
0.000294706
0.000577098
0.000628519
0.000458015
0.000217394
4.03683e-05
3.23823e-05
1.35698e-05
7.85059e-05
9.51173e-05
7.39118e-05
1.9239e-05
0.000100631
5.09591e-06
0.000294706
0.000577098
0.000628519
0.000458015
0.000217394
4.03683e-05
3.23823e-05
1.35698e-05
7.85059e-05
9.51173e-05
7.39118e-05
1.9239e-05
0.000100631
5.09591e-06
0.000294706
0.000577098
0.000628519
0.000458015
0.000217394
4.03683e-05
3.23823e-05
1.35698e-05
7.85059e-05
9.51173e-05
7.39118e-05
1.9239e-05
0.000100631
5.09591e-06
0.000294706
0.000577098
0.000628519
0.000458015
0.000217394
4.03683e-05
3.23823e-05
1.35698e-05
7.85059e-05
9.51173e-05
7.39118e-05
1.9239e-05
0.000100631
5.09591e-06
0.000294706
0.000577098
0.000628519
0.000458015
0.000217394
4.03683e-05
3.23823e-05
1.35698e-05
7.85059e-05
9.51173e-05
7.39118e-05
1.9239e-05
0.000100631
5.09591e-06
0.000294706
0.000577098
0.000628519
0.000458015
0.000217394
4.03683e-05
3.23823e-05
1.35698e-05
7.85059e-05
9.51173e-05
7.39118e-05
1.9239e-05
0.000100631
5.09591e-06
0.000294706
0.000577098
0.000628519
0.000458015
0.000217394
4.03683e-05
3.23823e-05
1.35698e-05
7.85059e-05
9.51173e-05
7.39118e-05
1.9239e-05
0.000100631
5.09591e-06
0.000294706
0.000577098
0.000628519
0.000458015
0.000217394
4.03683e-05
3.23823e-05
1.35698e-05
7.85059e-05
9.51173e-05
7.39118e-05
1.9239e-05
0.000100631
5.09591e-06
0.000294706
0.000577098
0.000628519
0.000458015
0.000217394
4.03683e-05
3.23823e-05
1.35698e-05
7.85059e-05
9.51173e-05
7.39118e-05
1.9239e-05
0.000100631
5.09591e-06
0.000294706
0.000577098
0.000628519
0.000458015
0.000217394
4.03683e-05
3.23823e-05
1.35698e-05
7.85059e-05
9.51173e-05
7.39118e-05
1.9239e-05
0.000100631
5.09591e-06
0.000294706
0.000577098
0.000628519
0.000458015
0.000217394
4.03683e-05
3.23823e-05
1.35698e-05
7.85059e-05
9.51173e-05
7.39118e-05
1.9239e-05
0.000100631
5.09591e-06
0.000294706
0.000577098
0.000628519
0.000458015
0.000217394
4.03683e-05
3.23823e-05
1.35698e-05
7.85059e-05
9.51173e-05
7.39118e-05
1.9239e-05
0.000100631
5.09591e-06
0.000294706
0.000577098
0.000628519
0.000458015
0.000217394
4.03683e-05
3.23823e-05
1.35698e-05
7.85059e-05
9.51173e-05
7.39118e-05
1.9239e-05
0.000100631
5.09591e-06
0.000294706
0.000577098
0.000628519
0.000458015
0.000217394
4.03683e-05
3.23823e-05
1.35698e-05
7.85059e-05
9.51173e-05
7.39118e-05
1.9239e-05
0.000100631
5.09591e-06
0.000294706
0.000577098
0.000628519
0.000458015
0.000217394
4.03683e-05
3.23823e-05
1.35698e-05
7.85059e-05
9.51173e-05
7.39118e-05
1.9239e-05
0.000100631
5.09591e-06
0.000294706
0.000577098
0.000628519
0.000458015
0.000217394
4.03683e-05
3.23823e-05
1.35698e-05
7.85059e-05
9.51173e-05
7.39118e-05
1.9239e-05
0.000100631
5.09591e-06
0.000294706
0.000577098
0.000628519
0.000458015
0.000217394
4.03683e-05
3.23823e-05
1.35698e-05
7.85059e-05
9.51173e-05
7.39118e-05
1.9239e-05
0.000100631
5.09591e-06
0.000294706
0.000577098
0.000628519
0.000458015
0.000217394
4.03683e-05
3.23823e-05
1.35698e-05
7.85059e-05
9.51173e-05
7.39118e-05
1.9239e-05
0.000100631
5.09591e-06
0.000294706
0.000577098
0.000628519
0.000458015
0.000217394
4.03683e-05
3.23823e-05
1.35698e-05
7.85059e-05
9.51173e-05
7.39118e-05
1.9239e-05
0.000100631
5.09591e-06
0.000294706
0.000577098
0.000628519
0.000458015
0.000217394
4.03683e-05
3.23823e-05
1.35698e-05
7.85059e-05
9.51173e-05
7.39118e-05
1.9239e-05
0.000100631
5.09591e-06
0.000294706
0.000577098
0.000628519
0.000458015
0.000217394
4.03683e-05
3.23823e-05
1.35698e-05
7.85059e-05
9.51173e-05
7.39118e-05
1.9239e-05
0.000100631
5.09591e-06
0.000294706
0.000577098
0.000628519
0.000458015
0.000217394
4.03683e-05
3.23823e-05
1.35698e-05
7.85059e-05
9.51173e-05
7.39118e-05
1.9239e-05
0.000100631
5.09591e-06
0.000294706
0.000577098
0.000628519
0.000458015
0.000217394
4.03683e-05
3.23823e-05
1.35698e-05
7.85059e-05
9.51173e-05
7.39118e-05
1.9239e-05
0.000100631
5.09591e-06
0.000294706
0.000577098
0.000628519
0.000458015
0.000217394
4.03683e-05
3.23823e-05
1.35698e-05
7.85059e-05
9.51173e-05
7.39118e-05
1.9239e-05
0.000100631
5.09591e-06
0.000294706
0.000577098
0.000628519
0.000458015
0.000217394
4.03683e-05
3.23823e-05
1.35698e-05
7.85059e-05
9.51173e-05
7.39118e-05
1.9239e-05
0.000100631
5.09591e-06
0.000294706
0.000577098
0.000628519
0.000458015
0.000217394
4.03683e-05
3.23823e-05
1.35698e-05
7.85059e-05
9.51173e-05
7.39118e-05
1.9239e-05
0.000100631
5.09591e-06
0.000294706
0.000577098
0.000628519
0.000458015
0.000217394
4.03683e-05
3.23823e-05
1.35698e-05
7.85059e-05
9.51173e-05
7.39118e-05
1.9239e-05
0.000100631
5.09591e-06
0.000294706
0.000577098
0.000628519
0.000458015
0.000217394
4.03683e-05
3.23823e-05
1.35698e-05
7.85059e-05
9.51173e-05
7.39118e-05
1.9239e-05
0.000100631
5.09591e-06
0.000294706
0.000577098
0.000628519
0.000458015
0.000217394
4.03683e-05
3.23823e-05
1.35698e-05
7.85059e-05
9.51173e-05
7.39118e-05
1.9239e-05
0.000100631
5.09591e-06
0.000294706
0.000577098
0.000628519
0.000458015
0.000217394
4.03683e-05
3.23823e-05
1.35698e-05
7.85059e-05
9.51173e-05
7.39118e-05
1.9239e-05
0.000100631
5.09591e-06
0.000294706
0.000577098
0.000628519
0.000458015
0.000217394
4.03683e-05
3.23823e-05
1.35698e-05
7.85059e-05
9.51173e-05
7.39118e-05
1.9239e-05
0.000100631
5.09591e-06
0.000294706
0.000577098
0.000628519
0.000458015
0.000217394
4.03683e-05
3.23823e-05
1.35698e-05
7.85059e-05
9.51173e-05
7.39118e-05
1.9239e-05
0.000100631
5.09591e-06
0.000294706
0.000577098
0.000628519
0.000458015
0.000217394
4.03683e-05
3.23823e-05
1.35698e-05
7.85059e-05
9.51173e-05
7.39118e-05
1.9239e-05
0.000100631
5.09591e-06
0.000294706
0.000577098
0.000628519
0.000458015
0.000217394
4.03683e-05
3.23823e-05
1.35698e-05
7.85059e-05
4.75586e-05
3.73299e-05
6.2442e-06
3.84053e-05
2.08057e-05
0.000176931
0.000315197
0.000332135
0.000237855
0.000112017
2.20429e-05
1.25877e-05
1.8791e-06
5.63966e-05
4.75586e-05
3.68226e-05
1.25194e-05
6.37137e-05
3.56419e-05
8.28669e-05
0.000167283
0.000156602
0.00012746
9.8337e-05
2.45518e-05
0.00013217
3.51387e-05
4.14918e-05
4.75586e-05
3.6464e-05
1.22506e-05
5.42371e-05
1.95302e-06
0.000156845
0.000300117
0.000317972
0.000224644
0.000103388
1.87031e-05
1.41429e-05
2.62969e-06
5.23938e-05
4.75586e-05
3.6831e-05
9.51911e-06
4.63632e-05
1.07962e-05
0.000170489
0.000313649
0.000332458
0.000237116
0.00010965
1.97452e-05
1.33128e-05
2.21762e-06
5.49495e-05
4.75586e-05
3.70705e-05
7.91431e-06
4.23353e-05
1.61509e-05
0.000174453
0.000315488
0.000333517
0.00023853
0.00011137
2.08825e-05
1.32007e-05
1.77401e-06
5.56944e-05
4.75586e-05
3.71984e-05
7.08408e-06
4.03526e-05
1.85663e-05
0.000175865
0.000315574
0.00033308
0.000238414
0.000111825
2.14802e-05
1.29523e-05
1.75369e-06
5.60522e-05
4.75586e-05
3.72637e-05
6.66498e-06
3.9374e-05
1.9708e-05
0.00017644
0.00031544
0.000332666
0.000238186
0.000111953
2.17682e-05
1.27829e-05
1.7989e-06
5.62269e-05
4.75586e-05
3.72967e-05
6.45476e-06
3.88883e-05
2.02624e-05
0.000176696
0.000315332
0.000332415
0.000238033
0.000111993
2.19074e-05
1.26883e-05
1.83478e-06
5.63125e-05
4.75586e-05
3.73133e-05
6.34951e-06
3.86465e-05
2.05354e-05
0.000176816
0.000315268
0.000332279
0.000237947
0.000112007
2.19757e-05
1.26387e-05
1.85591e-06
5.63547e-05
4.75586e-05
3.73216e-05
6.29686e-06
3.85258e-05
2.06709e-05
0.000176874
0.000315233
0.000332208
0.000237902
0.000112012
2.20094e-05
1.26134e-05
1.86725e-06
5.63757e-05
4.75586e-05
3.73258e-05
6.27053e-06
3.84656e-05
2.07384e-05
0.000176903
0.000315215
0.000332172
0.000237878
0.000112014
2.20262e-05
1.26006e-05
1.87311e-06
5.63862e-05
4.75586e-05
3.73278e-05
6.25736e-06
3.84355e-05
2.07721e-05
0.000176917
0.000315206
0.000332154
0.000237867
0.000112016
2.20345e-05
1.25942e-05
1.87609e-06
5.63914e-05
4.75586e-05
3.73289e-05
6.25078e-06
3.84204e-05
2.07889e-05
0.000176924
0.000315202
0.000332144
0.000237861
0.000112016
2.20387e-05
1.2591e-05
1.8776e-06
5.6394e-05
4.75586e-05
3.73294e-05
6.24749e-06
3.84129e-05
2.07973e-05
0.000176928
0.000315199
0.00033214
0.000237858
0.000112016
2.20408e-05
1.25893e-05
1.87835e-06
5.63953e-05
4.75586e-05
3.73297e-05
6.24584e-06
3.84091e-05
2.08015e-05
0.00017693
0.000315198
0.000332138
0.000237856
0.000112016
2.20418e-05
1.25885e-05
1.87873e-06
5.63959e-05
4.75586e-05
3.73298e-05
6.24502e-06
3.84072e-05
2.08036e-05
0.000176931
0.000315198
0.000332136
0.000237856
0.000112016
2.20424e-05
1.25881e-05
1.87892e-06
5.63963e-05
4.75586e-05
3.73299e-05
6.24461e-06
3.84063e-05
2.08046e-05
0.000176931
0.000315197
0.000332136
0.000237855
0.000112017
2.20426e-05
1.25879e-05
1.87901e-06
5.63964e-05
4.75586e-05
3.73299e-05
6.2444e-06
3.84058e-05
2.08052e-05
0.000176931
0.000315197
0.000332136
0.000237855
0.000112017
2.20428e-05
1.25878e-05
1.87906e-06
5.63965e-05
4.75586e-05
3.73299e-05
6.2443e-06
3.84056e-05
2.08054e-05
0.000176931
0.000315197
0.000332135
0.000237855
0.000112017
2.20428e-05
1.25878e-05
1.87908e-06
5.63966e-05
4.75586e-05
3.73299e-05
6.24425e-06
3.84055e-05
2.08056e-05
0.000176931
0.000315197
0.000332135
0.000237855
0.000112017
2.20429e-05
1.25878e-05
1.87909e-06
5.63966e-05
4.75586e-05
3.73299e-05
6.24422e-06
3.84054e-05
2.08056e-05
0.000176931
0.000315197
0.000332135
0.000237855
0.000112017
2.20429e-05
1.25877e-05
1.8791e-06
5.63966e-05
4.75586e-05
3.73299e-05
6.24421e-06
3.84054e-05
2.08057e-05
0.000176931
0.000315197
0.000332135
0.000237855
0.000112017
2.20429e-05
1.25877e-05
1.8791e-06
5.63966e-05
4.75586e-05
3.73299e-05
6.2442e-06
3.84054e-05
2.08057e-05
0.000176931
0.000315197
0.000332135
0.000237855
0.000112017
2.20429e-05
1.25877e-05
1.8791e-06
5.63966e-05
4.75586e-05
3.73299e-05
6.2442e-06
3.84054e-05
2.08057e-05
0.000176931
0.000315197
0.000332135
0.000237855
0.000112017
2.20429e-05
1.25877e-05
1.8791e-06
5.63966e-05
4.75586e-05
3.73299e-05
6.2442e-06
3.84054e-05
2.08057e-05
0.000176931
0.000315197
0.000332135
0.000237855
0.000112017
2.20429e-05
1.25877e-05
1.8791e-06
5.63966e-05
4.75586e-05
3.73299e-05
6.2442e-06
3.84053e-05
2.08057e-05
0.000176931
0.000315197
0.000332135
0.000237855
0.000112017
2.20429e-05
1.25877e-05
1.8791e-06
5.63966e-05
4.75586e-05
3.73299e-05
6.2442e-06
3.84053e-05
2.08057e-05
0.000176931
0.000315197
0.000332135
0.000237855
0.000112017
2.20429e-05
1.25877e-05
1.8791e-06
5.63966e-05
4.75586e-05
3.73299e-05
6.2442e-06
3.84053e-05
2.08057e-05
0.000176931
0.000315197
0.000332135
0.000237855
0.000112017
2.20429e-05
1.25877e-05
1.8791e-06
5.63966e-05
4.75586e-05
3.73299e-05
6.2442e-06
3.84053e-05
2.08057e-05
0.000176931
0.000315197
0.000332135
0.000237855
0.000112017
2.20429e-05
1.25877e-05
1.8791e-06
5.63966e-05
4.75586e-05
3.73299e-05
6.2442e-06
3.84053e-05
2.08057e-05
0.000176931
0.000315197
0.000332135
0.000237855
0.000112017
2.20429e-05
1.25877e-05
1.8791e-06
5.63966e-05
4.75586e-05
3.73299e-05
6.2442e-06
3.84053e-05
2.08057e-05
0.000176931
0.000315197
0.000332135
0.000237855
0.000112017
2.20429e-05
1.25877e-05
1.8791e-06
5.63966e-05
4.75586e-05
3.73299e-05
6.2442e-06
3.84053e-05
2.08057e-05
0.000176931
0.000315197
0.000332135
0.000237855
0.000112017
2.20429e-05
1.25877e-05
1.8791e-06
5.63966e-05
4.75586e-05
3.73299e-05
6.2442e-06
3.84053e-05
2.08057e-05
0.000176931
0.000315197
0.000332135
0.000237855
0.000112017
2.20429e-05
1.25877e-05
1.8791e-06
5.63966e-05
4.75586e-05
3.73299e-05
6.2442e-06
3.84053e-05
2.08057e-05
0.000176931
0.000315197
0.000332135
0.000237855
0.000112017
2.20429e-05
1.25877e-05
1.8791e-06
5.63966e-05
4.75586e-05
3.73299e-05
6.2442e-06
3.84053e-05
2.08057e-05
0.000176931
0.000315197
0.000332135
0.000237855
0.000112017
2.20429e-05
1.25877e-05
1.8791e-06
5.63966e-05
4.75586e-05
3.73299e-05
6.2442e-06
3.84053e-05
2.08057e-05
0.000176931
0.000315197
0.000332135
0.000237855
0.000112017
2.20429e-05
1.25877e-05
1.8791e-06
5.63966e-05
4.75586e-05
3.73299e-05
6.2442e-06
3.84053e-05
2.08057e-05
0.000176931
0.000315197
0.000332135
0.000237855
0.000112017
2.20429e-05
1.25877e-05
1.8791e-06
5.63966e-05
4.75586e-05
3.73299e-05
6.2442e-06
3.84053e-05
2.08057e-05
0.000176931
0.000315197
0.000332135
0.000237855
0.000112017
2.20429e-05
1.25877e-05
1.8791e-06
5.63966e-05
4.75586e-05
3.73299e-05
6.2442e-06
3.84053e-05
2.08057e-05
0.000176931
0.000315197
0.000332135
0.000237855
0.000112017
2.20429e-05
1.25877e-05
1.8791e-06
5.63966e-05
4.75586e-05
3.73299e-05
6.2442e-06
3.84053e-05
2.08057e-05
0.000176931
0.000315197
0.000332135
0.000237855
0.000112017
2.20429e-05
1.25877e-05
1.8791e-06
5.63966e-05
4.75586e-05
3.73299e-05
6.2442e-06
3.84053e-05
2.08057e-05
0.000176931
0.000315197
0.000332135
0.000237855
0.000112017
2.20429e-05
1.25877e-05
1.8791e-06
5.63966e-05
4.75586e-05
3.73299e-05
6.2442e-06
3.84053e-05
2.08057e-05
0.000176931
0.000315197
0.000332135
0.000237855
0.000112017
2.20429e-05
1.25877e-05
1.8791e-06
5.63966e-05
4.75586e-05
3.73299e-05
6.2442e-06
3.84053e-05
2.08057e-05
0.000176931
0.000315197
0.000332135
0.000237855
0.000112017
2.20429e-05
1.25877e-05
1.8791e-06
5.63966e-05
4.75586e-05
3.73299e-05
6.2442e-06
3.84053e-05
2.08057e-05
0.000176931
0.000315197
0.000332135
0.000237855
0.000112017
2.20429e-05
1.25877e-05
1.8791e-06
5.63966e-05
4.75586e-05
3.73299e-05
6.2442e-06
3.84053e-05
2.08057e-05
0.000176931
0.000315197
0.000332135
0.000237855
0.000112017
2.20429e-05
1.25877e-05
1.8791e-06
5.63966e-05
4.75586e-05
3.73299e-05
6.2442e-06
3.84053e-05
2.08057e-05
0.000176931
0.000315197
0.000332135
0.000237855
0.000112017
2.20429e-05
1.25877e-05
1.8791e-06
5.63966e-05
4.75586e-05
3.73299e-05
6.2442e-06
3.84053e-05
2.08057e-05
0.000176931
0.000315197
0.000332135
0.000237855
0.000112017
2.20429e-05
1.25877e-05
1.8791e-06
5.63966e-05
4.75586e-05
3.73299e-05
6.2442e-06
3.84053e-05
2.08057e-05
0.000176931
0.000315197
0.000332135
0.000237855
0.000112017
2.20429e-05
1.25877e-05
1.8791e-06
5.63966e-05
4.75586e-05
3.73299e-05
6.2442e-06
3.84053e-05
2.08057e-05
0.000176931
0.000315197
0.000332135
0.000237855
0.000112017
2.20429e-05
1.25877e-05
1.8791e-06
5.63966e-05
4.75586e-05
3.73299e-05
6.2442e-06
3.84053e-05
2.08057e-05
0.000176931
0.000315197
0.000332135
0.000237855
0.000112017
2.20429e-05
1.25877e-05
1.8791e-06
5.63966e-05
4.75586e-05
3.73299e-05
6.2442e-06
3.84053e-05
2.08057e-05
0.000176931
0.000315197
0.000332135
0.000237855
0.000112017
2.20429e-05
1.25877e-05
1.8791e-06
5.63966e-05
4.75586e-05
3.73299e-05
6.2442e-06
3.84053e-05
2.08057e-05
0.000176931
0.000315197
0.000332135
0.000237855
0.000112017
2.20429e-05
1.25877e-05
1.8791e-06
5.63966e-05
4.75586e-05
3.73299e-05
6.2442e-06
3.84053e-05
2.08057e-05
0.000176931
0.000315197
0.000332135
0.000237855
0.000112017
2.20429e-05
1.25877e-05
1.8791e-06
5.63966e-05
4.75586e-05
3.73299e-05
6.2442e-06
3.84053e-05
2.08057e-05
0.000176931
0.000315197
0.000332135
0.000237855
0.000112017
2.20429e-05
1.25877e-05
1.8791e-06
5.63966e-05
4.75586e-05
3.73299e-05
6.2442e-06
3.84053e-05
2.08057e-05
0.000176931
0.000315197
0.000332135
0.000237855
0.000112017
2.20429e-05
1.25877e-05
1.8791e-06
5.63966e-05
4.75586e-05
3.73299e-05
6.2442e-06
3.84053e-05
2.08057e-05
0.000176931
0.000315197
0.000332135
0.000237855
0.000112017
2.20429e-05
1.25877e-05
1.8791e-06
5.63966e-05
4.75586e-05
3.73299e-05
6.2442e-06
3.84053e-05
2.08057e-05
0.000176931
0.000315197
0.000332135
0.000237855
0.000112017
2.20429e-05
1.25877e-05
1.8791e-06
5.63966e-05
4.75586e-05
3.73299e-05
6.2442e-06
3.84053e-05
2.08057e-05
0.000176931
0.000315197
0.000332135
0.000237855
0.000112017
2.20429e-05
1.25877e-05
1.8791e-06
5.63966e-05
4.75586e-05
3.73299e-05
6.2442e-06
3.84053e-05
2.08057e-05
0.000176931
0.000315197
0.000332135
0.000237855
0.000112017
2.20429e-05
1.25877e-05
1.8791e-06
5.63966e-05
4.75586e-05
3.73299e-05
6.2442e-06
3.84053e-05
2.08057e-05
0.000176931
0.000315197
0.000332135
0.000237855
0.000112017
2.20429e-05
1.25877e-05
1.8791e-06
5.63966e-05
4.75586e-05
3.73299e-05
6.2442e-06
3.84053e-05
2.08057e-05
0.000176931
0.000315197
0.000332135
0.000237855
0.000112017
2.20429e-05
1.25877e-05
1.8791e-06
5.63966e-05
4.75586e-05
3.73299e-05
6.2442e-06
3.84053e-05
2.08057e-05
0.000176931
0.000315197
0.000332135
0.000237855
0.000112017
2.20429e-05
1.25877e-05
1.8791e-06
5.63966e-05
4.75586e-05
3.73299e-05
6.2442e-06
3.84053e-05
2.08057e-05
0.000176931
0.000315197
0.000332135
0.000237855
0.000112017
2.20429e-05
1.25877e-05
1.8791e-06
5.63966e-05
4.75586e-05
3.73299e-05
6.2442e-06
3.84053e-05
2.08057e-05
0.000176931
0.000315197
0.000332135
0.000237855
0.000112017
2.20429e-05
1.25877e-05
1.8791e-06
5.63966e-05
4.75586e-05
3.73299e-05
6.2442e-06
3.84053e-05
2.08057e-05
0.000176931
0.000315197
0.000332135
0.000237855
0.000112017
2.20429e-05
1.25877e-05
1.8791e-06
5.63966e-05
4.75586e-05
3.73299e-05
6.2442e-06
3.84053e-05
2.08057e-05
0.000176931
0.000315197
0.000332135
0.000237855
0.000112017
2.20429e-05
1.25877e-05
1.8791e-06
5.63966e-05
4.75586e-05
3.73299e-05
6.2442e-06
3.84053e-05
2.08057e-05
0.000176931
0.000315197
0.000332135
0.000237855
0.000112017
2.20429e-05
1.25877e-05
1.8791e-06
5.63966e-05
4.75586e-05
3.73299e-05
6.2442e-06
3.84053e-05
2.08057e-05
0.000176931
0.000315197
0.000332135
0.000237855
0.000112017
2.20429e-05
1.25877e-05
1.8791e-06
5.63966e-05
4.75586e-05
3.73299e-05
6.2442e-06
3.84053e-05
2.08057e-05
0.000176931
0.000315197
0.000332135
0.000237855
0.000112017
2.20429e-05
1.25877e-05
1.8791e-06
5.63966e-05
4.75586e-05
3.73299e-05
6.2442e-06
3.84053e-05
2.08057e-05
0.000176931
0.000315197
0.000332135
0.000237855
0.000112017
2.20429e-05
1.25877e-05
1.8791e-06
5.63966e-05
4.75586e-05
3.73299e-05
6.2442e-06
3.84053e-05
2.08057e-05
0.000176931
0.000315197
0.000332135
0.000237855
0.000112017
2.20429e-05
1.25877e-05
1.8791e-06
5.63966e-05
4.75586e-05
3.73299e-05
6.2442e-06
3.84053e-05
2.08057e-05
0.000176931
0.000315197
0.000332135
0.000237855
0.000112017
2.20429e-05
1.25877e-05
1.8791e-06
5.63966e-05
4.75586e-05
3.73299e-05
6.2442e-06
3.84053e-05
2.08057e-05
0.000176931
0.000315197
0.000332135
0.000237855
0.000112017
2.20429e-05
1.25877e-05
1.8791e-06
5.63966e-05
4.75586e-05
3.73299e-05
6.2442e-06
3.84053e-05
2.08057e-05
0.000176931
0.000315197
0.000332135
0.000237855
0.000112017
2.20429e-05
1.25877e-05
1.8791e-06
5.63966e-05
4.75586e-05
3.73299e-05
6.2442e-06
3.84053e-05
2.08057e-05
0.000176931
0.000315197
0.000332135
0.000237855
0.000112017
2.20429e-05
1.25877e-05
1.8791e-06
5.63966e-05
4.75586e-05
3.73299e-05
6.2442e-06
3.84053e-05
2.08057e-05
0.000176931
0.000315197
0.000332135
0.000237855
0.000112017
2.20429e-05
1.25877e-05
1.8791e-06
5.63966e-05
4.75586e-05
3.73299e-05
6.2442e-06
3.84053e-05
2.08057e-05
0.000176931
0.000315197
0.000332135
0.000237855
0.000112017
2.20429e-05
1.25877e-05
1.8791e-06
5.63966e-05
4.75586e-05
3.73299e-05
6.2442e-06
3.84053e-05
2.08057e-05
0.000176931
0.000315197
0.000332135
0.000237855
0.000112017
2.20429e-05
1.25877e-05
1.8791e-06
5.63966e-05
4.75586e-05
3.73299e-05
6.2442e-06
3.84053e-05
2.08057e-05
0.000176931
0.000315197
0.000332135
0.000237855
0.000112017
2.20429e-05
1.25877e-05
1.8791e-06
5.63966e-05
4.75586e-05
3.73299e-05
6.2442e-06
3.84053e-05
2.08057e-05
0.000176931
0.000315197
0.000332135
0.000237855
0.000112017
2.20429e-05
1.25877e-05
1.8791e-06
5.63966e-05
4.75586e-05
3.73299e-05
6.2442e-06
3.84053e-05
2.08057e-05
0.000176931
0.000315197
0.000332135
0.000237855
0.000112017
2.20429e-05
1.25877e-05
1.8791e-06
5.63966e-05
4.75586e-05
3.73299e-05
6.2442e-06
3.84053e-05
2.08057e-05
0.000176931
0.000315197
0.000332135
0.000237855
0.000112017
2.20429e-05
1.25877e-05
1.8791e-06
5.63966e-05
4.75586e-05
3.73299e-05
6.2442e-06
3.84053e-05
2.08057e-05
0.000176931
0.000315197
0.000332135
0.000237855
0.000112017
2.20429e-05
1.25877e-05
1.8791e-06
5.63966e-05
4.75586e-05
3.73299e-05
6.2442e-06
3.84053e-05
2.08057e-05
0.000176931
0.000315197
0.000332135
0.000237855
0.000112017
2.20429e-05
1.25877e-05
1.8791e-06
5.63966e-05
4.75586e-05
3.73299e-05
6.2442e-06
3.84053e-05
2.08057e-05
0.000176931
0.000315197
0.000332135
0.000237855
0.000112017
2.20429e-05
1.25877e-05
1.8791e-06
5.63966e-05
4.75586e-05
3.73299e-05
6.2442e-06
3.84053e-05
2.08057e-05
0.000176931
0.000315197
0.000332135
0.000237855
0.000112017
2.20429e-05
1.25877e-05
1.8791e-06
5.63966e-05
4.75586e-05
3.73299e-05
6.2442e-06
3.84053e-05
2.08057e-05
0.000176931
0.000315197
0.000332135
0.000237855
0.000112017
2.20429e-05
1.25877e-05
1.8791e-06
5.63966e-05
4.75586e-05
3.73299e-05
6.2442e-06
3.84053e-05
2.08057e-05
0.000176931
0.000315197
0.000332135
0.000237855
0.000112017
2.20429e-05
1.25877e-05
1.8791e-06
5.63966e-05
4.75586e-05
3.73299e-05
6.2442e-06
3.84053e-05
2.08057e-05
0.000176931
0.000315197
0.000332135
0.000237855
0.000112017
2.20429e-05
1.25877e-05
1.8791e-06
5.63966e-05
4.75586e-05
3.73299e-05
6.2442e-06
3.84053e-05
2.08057e-05
0.000176931
0.000315197
0.000332135
0.000237855
0.000112017
2.20429e-05
1.25877e-05
1.8791e-06
5.63966e-05
4.75586e-05
3.73299e-05
6.2442e-06
3.84053e-05
2.08057e-05
0.000176931
0.000315197
0.000332135
0.000237855
0.000112017
2.20429e-05
1.25877e-05
1.8791e-06
5.63966e-05
4.75586e-05
3.73299e-05
6.2442e-06
3.84053e-05
2.08057e-05
0.000176931
0.000315197
0.000332135
0.000237855
0.000112017
2.20429e-05
1.25877e-05
1.8791e-06
5.63966e-05
4.75586e-05
3.73299e-05
6.2442e-06
3.84053e-05
2.08057e-05
0.000176931
0.000315197
0.000332135
0.000237855
0.000112017
2.20429e-05
1.25877e-05
1.8791e-06
5.63966e-05
4.75586e-05
3.73299e-05
6.2442e-06
3.84053e-05
2.08057e-05
0.000176931
0.000315197
0.000332135
0.000237855
0.000112017
2.20429e-05
1.25877e-05
1.8791e-06
5.63966e-05
4.75586e-05
3.73299e-05
6.2442e-06
3.84053e-05
2.08057e-05
0.000176931
0.000315197
0.000332135
0.000237855
0.000112017
2.20429e-05
1.25877e-05
1.8791e-06
5.63966e-05
4.75586e-05
3.73299e-05
6.2442e-06
3.84053e-05
2.08057e-05
0.000176931
0.000315197
0.000332135
0.000237855
0.000112017
2.20429e-05
1.25877e-05
1.8791e-06
5.63966e-05
4.75586e-05
3.73299e-05
6.2442e-06
3.84053e-05
2.08057e-05
0.000176931
0.000315197
0.000332135
0.000237855
0.000112017
2.20429e-05
1.25877e-05
1.8791e-06
5.63966e-05
4.75586e-05
3.73299e-05
6.2442e-06
3.84053e-05
2.08057e-05
0.000176931
0.000315197
0.000332135
0.000237855
0.000112017
2.20429e-05
1.25877e-05
1.8791e-06
5.63966e-05
4.75586e-05
3.73299e-05
6.2442e-06
3.84053e-05
2.08057e-05
0.000176931
0.000315197
0.000332135
0.000237855
0.000112017
2.20429e-05
1.25877e-05
1.8791e-06
5.63966e-05
4.75586e-05
3.73299e-05
6.2442e-06
3.84053e-05
2.08057e-05
0.000176931
0.000315197
0.000332135
0.000237855
0.000112017
2.20429e-05
1.25877e-05
1.8791e-06
5.63966e-05
4.75586e-05
3.73299e-05
6.2442e-06
3.84053e-05
2.08057e-05
0.000176931
0.000315197
0.000332135
0.000237855
0.000112017
2.20429e-05
1.25877e-05
1.8791e-06
5.63966e-05
4.75586e-05
3.73299e-05
6.2442e-06
3.84053e-05
2.08057e-05
0.000176931
0.000315197
0.000332135
0.000237855
0.000112017
2.20429e-05
1.25877e-05
1.8791e-06
5.63966e-05
4.75586e-05
3.73299e-05
6.2442e-06
3.84053e-05
2.08057e-05
0.000176931
0.000315197
0.000332135
0.000237855
0.000112017
2.20429e-05
1.25877e-05
1.8791e-06
5.63966e-05
4.75586e-05
3.73299e-05
6.2442e-06
3.84053e-05
2.08057e-05
0.000176931
0.000315197
0.000332135
0.000237855
0.000112017
2.20429e-05
1.25877e-05
1.8791e-06
5.63966e-05
4.75586e-05
3.73299e-05
6.2442e-06
3.84053e-05
2.08057e-05
0.000176931
0.000315197
0.000332135
0.000237855
0.000112017
2.20429e-05
1.25877e-05
1.8791e-06
5.63966e-05
4.75586e-05
3.73299e-05
6.2442e-06
3.84053e-05
2.08057e-05
0.000176931
0.000315197
0.000332135
0.000237855
0.000112017
2.20429e-05
1.25877e-05
1.8791e-06
5.63966e-05
4.75586e-05
3.73299e-05
6.2442e-06
3.84053e-05
2.08057e-05
0.000176931
0.000315197
0.000332135
0.000237855
0.000112017
2.20429e-05
1.25877e-05
1.8791e-06
5.63966e-05
4.75586e-05
3.73299e-05
6.2442e-06
3.84053e-05
2.08057e-05
0.000176931
0.000315197
0.000332135
0.000237855
0.000112017
2.20429e-05
1.25877e-05
1.8791e-06
5.63966e-05
4.75586e-05
3.73299e-05
6.2442e-06
3.84053e-05
2.08057e-05
0.000176931
0.000315197
0.000332135
0.000237855
0.000112017
2.20429e-05
1.25877e-05
1.8791e-06
5.63966e-05
4.75586e-05
3.73299e-05
6.2442e-06
3.84053e-05
2.08057e-05
0.000176931
0.000315197
0.000332135
0.000237855
0.000112017
2.20429e-05
1.25877e-05
1.8791e-06
5.63966e-05
4.75586e-05
3.73299e-05
6.2442e-06
3.84053e-05
2.08057e-05
0.000176931
0.000315197
0.000332135
0.000237855
0.000112017
2.20429e-05
1.25877e-05
1.8791e-06
5.63966e-05
4.75586e-05
3.73299e-05
6.2442e-06
3.84053e-05
2.08057e-05
0.000176931
0.000315197
0.000332135
0.000237855
0.000112017
2.20429e-05
1.25877e-05
1.8791e-06
5.63966e-05
4.75586e-05
3.73299e-05
6.2442e-06
3.84053e-05
2.08057e-05
0.000176931
0.000315197
0.000332135
0.000237855
0.000112017
2.20429e-05
1.25877e-05
1.8791e-06
5.63966e-05
4.75586e-05
3.73299e-05
6.2442e-06
3.84053e-05
2.08057e-05
0.000176931
0.000315197
0.000332135
0.000237855
0.000112017
2.20429e-05
1.25877e-05
1.8791e-06
5.63966e-05
4.75586e-05
3.73299e-05
6.2442e-06
3.84053e-05
2.08057e-05
0.000176931
0.000315197
0.000332135
0.000237855
0.000112017
2.20429e-05
1.25877e-05
1.8791e-06
5.63966e-05
4.75586e-05
3.73299e-05
6.2442e-06
3.84053e-05
2.08057e-05
0.000176931
0.000315197
0.000332135
0.000237855
0.000112017
2.20429e-05
1.25877e-05
1.8791e-06
5.63966e-05
4.75586e-05
3.73299e-05
6.2442e-06
3.84053e-05
2.08057e-05
0.000176931
0.000315197
0.000332135
0.000237855
0.000112017
2.20429e-05
1.25877e-05
1.8791e-06
5.63966e-05
4.75586e-05
3.73299e-05
6.2442e-06
3.84053e-05
2.08057e-05
0.000176931
0.000315197
0.000332135
0.000237855
0.000112017
2.20429e-05
1.25877e-05
1.8791e-06
5.63966e-05
4.75586e-05
3.73299e-05
6.2442e-06
3.84053e-05
2.08057e-05
0.000176931
0.000315197
0.000332135
0.000237855
0.000112017
2.20429e-05
1.25877e-05
1.8791e-06
5.63966e-05
4.75586e-05
3.73299e-05
6.2442e-06
3.84053e-05
2.08057e-05
0.000176931
0.000315197
0.000332135
0.000237855
0.000112017
2.20429e-05
1.25877e-05
1.8791e-06
5.63966e-05
4.75586e-05
3.73299e-05
6.2442e-06
3.84053e-05
2.08057e-05
0.000176931
0.000315197
0.000332135
0.000237855
0.000112017
2.20429e-05
1.25877e-05
1.8791e-06
5.63966e-05
3.17058e-05
2.48866e-05
4.16329e-06
2.56047e-05
1.38708e-05
0.00011796
0.000210145
0.000221442
0.000158585
7.46842e-05
1.46896e-05
8.41265e-06
1.211e-06
3.75317e-05
3.17058e-05
2.45927e-05
8.08515e-06
4.18434e-05
2.26707e-05
5.66087e-05
0.000113114
0.000106867
8.8202e-05
6.77808e-05
1.62385e-05
8.78582e-05
2.24664e-05
3.24871e-05
3.17058e-05
2.43306e-05
8.03679e-06
3.57884e-05
4.71895e-07
0.000105953
0.000201785
0.000213715
0.000151322
7.0119e-05
1.3171e-05
9.16608e-06
1.7116e-06
3.44516e-05
3.17058e-05
2.45643e-05
6.28067e-06
3.07126e-05
7.65305e-06
0.000114443
0.000210093
0.000222651
0.00015896
7.37613e-05
1.35718e-05
8.70199e-06
1.45885e-06
3.6453e-05
3.17058e-05
2.47187e-05
5.24369e-06
2.81235e-05
1.10032e-05
0.000116713
0.000210854
0.000222889
0.000159494
7.45997e-05
1.41392e-05
8.71037e-06
1.16305e-06
3.70238e-05
3.17058e-05
2.48014e-05
4.7067e-06
2.68517e-05
1.24974e-05
0.000117455
0.00021066
0.000222342
0.000159194
7.47348e-05
1.44304e-05
8.59655e-06
1.14163e-06
3.72863e-05
3.17058e-05
2.48437e-05
4.43556e-06
2.62247e-05
1.31992e-05
0.000117737
0.00021044
0.000221932
0.000158925
7.47324e-05
1.45655e-05
8.51223e-06
1.16549e-06
3.74116e-05
3.17058e-05
2.48651e-05
4.29953e-06
2.59138e-05
1.35388e-05
0.000117856
0.000210302
0.000221697
0.000158764
7.47139e-05
1.46291e-05
8.46418e-06
1.18564e-06
3.74724e-05
3.17058e-05
2.48758e-05
4.23143e-06
2.5759e-05
1.37057e-05
0.00011791
0.000210226
0.000221572
0.000158677
7.47005e-05
1.46598e-05
8.43883e-06
1.19769e-06
3.75022e-05
3.17058e-05
2.48812e-05
4.19737e-06
2.56818e-05
1.37885e-05
0.000117936
0.000210186
0.000221507
0.000158632
7.46927e-05
1.46748e-05
8.42584e-06
1.20419e-06
3.7517e-05
3.17058e-05
2.48839e-05
4.18033e-06
2.56432e-05
1.38297e-05
0.000117948
0.000210166
0.000221475
0.000158609
7.46885e-05
1.46822e-05
8.41927e-06
1.20755e-06
3.75244e-05
3.17058e-05
2.48852e-05
4.17181e-06
2.5624e-05
1.38502e-05
0.000117954
0.000210156
0.000221458
0.000158597
7.46864e-05
1.46859e-05
8.41596e-06
1.20927e-06
3.7528e-05
3.17058e-05
2.48859e-05
4.16755e-06
2.56143e-05
1.38605e-05
0.000117957
0.000210151
0.00022145
0.000158591
7.46853e-05
1.46878e-05
8.41431e-06
1.21013e-06
3.75298e-05
3.17058e-05
2.48862e-05
4.16542e-06
2.56095e-05
1.38656e-05
0.000117959
0.000210148
0.000221446
0.000158588
7.46847e-05
1.46887e-05
8.41348e-06
1.21056e-06
3.75308e-05
3.17058e-05
2.48864e-05
4.16435e-06
2.56071e-05
1.38682e-05
0.00011796
0.000210147
0.000221444
0.000158587
7.46845e-05
1.46891e-05
8.41306e-06
1.21078e-06
3.75312e-05
3.17058e-05
2.48865e-05
4.16382e-06
2.56059e-05
1.38695e-05
0.00011796
0.000210146
0.000221443
0.000158586
7.46843e-05
1.46894e-05
8.41286e-06
1.21089e-06
3.75314e-05
3.17058e-05
2.48865e-05
4.16355e-06
2.56053e-05
1.38701e-05
0.00011796
0.000210146
0.000221442
0.000158586
7.46843e-05
1.46895e-05
8.41275e-06
1.21094e-06
3.75316e-05
3.17058e-05
2.48865e-05
4.16342e-06
2.5605e-05
1.38704e-05
0.00011796
0.000210146
0.000221442
0.000158586
7.46842e-05
1.46895e-05
8.4127e-06
1.21097e-06
3.75316e-05
3.17058e-05
2.48865e-05
4.16335e-06
2.56049e-05
1.38706e-05
0.00011796
0.000210145
0.000221442
0.000158586
7.46842e-05
1.46896e-05
8.41267e-06
1.21099e-06
3.75316e-05
3.17058e-05
2.48865e-05
4.16332e-06
2.56048e-05
1.38707e-05
0.00011796
0.000210145
0.000221442
0.000158586
7.46842e-05
1.46896e-05
8.41266e-06
1.21099e-06
3.75317e-05
3.17058e-05
2.48866e-05
4.1633e-06
2.56047e-05
1.38707e-05
0.00011796
0.000210145
0.000221442
0.000158585
7.46842e-05
1.46896e-05
8.41265e-06
1.211e-06
3.75317e-05
3.17058e-05
2.48866e-05
4.16329e-06
2.56047e-05
1.38707e-05
0.00011796
0.000210145
0.000221442
0.000158585
7.46842e-05
1.46896e-05
8.41265e-06
1.211e-06
3.75317e-05
3.17058e-05
2.48866e-05
4.16329e-06
2.56047e-05
1.38707e-05
0.00011796
0.000210145
0.000221442
0.000158585
7.46842e-05
1.46896e-05
8.41265e-06
1.211e-06
3.75317e-05
3.17058e-05
2.48866e-05
4.16329e-06
2.56047e-05
1.38708e-05
0.00011796
0.000210145
0.000221442
0.000158585
7.46842e-05
1.46896e-05
8.41265e-06
1.211e-06
3.75317e-05
3.17058e-05
2.48866e-05
4.16329e-06
2.56047e-05
1.38708e-05
0.00011796
0.000210145
0.000221442
0.000158585
7.46842e-05
1.46896e-05
8.41265e-06
1.211e-06
3.75317e-05
3.17058e-05
2.48866e-05
4.16329e-06
2.56047e-05
1.38708e-05
0.00011796
0.000210145
0.000221442
0.000158585
7.46842e-05
1.46896e-05
8.41265e-06
1.211e-06
3.75317e-05
3.17058e-05
2.48866e-05
4.16329e-06
2.56047e-05
1.38708e-05
0.00011796
0.000210145
0.000221442
0.000158585
7.46842e-05
1.46896e-05
8.41265e-06
1.211e-06
3.75317e-05
3.17058e-05
2.48866e-05
4.16329e-06
2.56047e-05
1.38708e-05
0.00011796
0.000210145
0.000221442
0.000158585
7.46842e-05
1.46896e-05
8.41265e-06
1.211e-06
3.75317e-05
3.17058e-05
2.48866e-05
4.16329e-06
2.56047e-05
1.38708e-05
0.00011796
0.000210145
0.000221442
0.000158585
7.46842e-05
1.46896e-05
8.41265e-06
1.211e-06
3.75317e-05
3.17058e-05
2.48866e-05
4.16329e-06
2.56047e-05
1.38708e-05
0.00011796
0.000210145
0.000221442
0.000158585
7.46842e-05
1.46896e-05
8.41265e-06
1.211e-06
3.75317e-05
3.17058e-05
2.48866e-05
4.16329e-06
2.56047e-05
1.38708e-05
0.00011796
0.000210145
0.000221442
0.000158585
7.46842e-05
1.46896e-05
8.41265e-06
1.211e-06
3.75317e-05
3.17058e-05
2.48866e-05
4.16329e-06
2.56047e-05
1.38708e-05
0.00011796
0.000210145
0.000221442
0.000158585
7.46842e-05
1.46896e-05
8.41265e-06
1.211e-06
3.75317e-05
3.17058e-05
2.48866e-05
4.16329e-06
2.56047e-05
1.38708e-05
0.00011796
0.000210145
0.000221442
0.000158585
7.46842e-05
1.46896e-05
8.41265e-06
1.211e-06
3.75317e-05
3.17058e-05
2.48866e-05
4.16329e-06
2.56047e-05
1.38708e-05
0.00011796
0.000210145
0.000221442
0.000158585
7.46842e-05
1.46896e-05
8.41265e-06
1.211e-06
3.75317e-05
3.17058e-05
2.48866e-05
4.16329e-06
2.56047e-05
1.38708e-05
0.00011796
0.000210145
0.000221442
0.000158585
7.46842e-05
1.46896e-05
8.41265e-06
1.211e-06
3.75317e-05
3.17058e-05
2.48866e-05
4.16329e-06
2.56047e-05
1.38708e-05
0.00011796
0.000210145
0.000221442
0.000158585
7.46842e-05
1.46896e-05
8.41265e-06
1.211e-06
3.75317e-05
3.17058e-05
2.48866e-05
4.16329e-06
2.56047e-05
1.38708e-05
0.00011796
0.000210145
0.000221442
0.000158585
7.46842e-05
1.46896e-05
8.41265e-06
1.211e-06
3.75317e-05
3.17058e-05
2.48866e-05
4.16329e-06
2.56047e-05
1.38708e-05
0.00011796
0.000210145
0.000221442
0.000158585
7.46842e-05
1.46896e-05
8.41265e-06
1.211e-06
3.75317e-05
3.17058e-05
2.48866e-05
4.16329e-06
2.56047e-05
1.38708e-05
0.00011796
0.000210145
0.000221442
0.000158585
7.46842e-05
1.46896e-05
8.41265e-06
1.211e-06
3.75317e-05
3.17058e-05
2.48866e-05
4.16329e-06
2.56047e-05
1.38708e-05
0.00011796
0.000210145
0.000221442
0.000158585
7.46842e-05
1.46896e-05
8.41265e-06
1.211e-06
3.75317e-05
3.17058e-05
2.48866e-05
4.16329e-06
2.56047e-05
1.38708e-05
0.00011796
0.000210145
0.000221442
0.000158585
7.46842e-05
1.46896e-05
8.41265e-06
1.211e-06
3.75317e-05
3.17058e-05
2.48866e-05
4.16329e-06
2.56047e-05
1.38708e-05
0.00011796
0.000210145
0.000221442
0.000158585
7.46842e-05
1.46896e-05
8.41265e-06
1.211e-06
3.75317e-05
3.17058e-05
2.48866e-05
4.16329e-06
2.56047e-05
1.38708e-05
0.00011796
0.000210145
0.000221442
0.000158585
7.46842e-05
1.46896e-05
8.41265e-06
1.211e-06
3.75317e-05
3.17058e-05
2.48866e-05
4.16329e-06
2.56047e-05
1.38708e-05
0.00011796
0.000210145
0.000221442
0.000158585
7.46842e-05
1.46896e-05
8.41265e-06
1.211e-06
3.75317e-05
3.17058e-05
2.48866e-05
4.16329e-06
2.56047e-05
1.38708e-05
0.00011796
0.000210145
0.000221442
0.000158585
7.46842e-05
1.46896e-05
8.41265e-06
1.211e-06
3.75317e-05
3.17058e-05
2.48866e-05
4.16329e-06
2.56047e-05
1.38708e-05
0.00011796
0.000210145
0.000221442
0.000158585
7.46842e-05
1.46896e-05
8.41265e-06
1.211e-06
3.75317e-05
3.17058e-05
2.48866e-05
4.16329e-06
2.56047e-05
1.38708e-05
0.00011796
0.000210145
0.000221442
0.000158585
7.46842e-05
1.46896e-05
8.41265e-06
1.211e-06
3.75317e-05
3.17058e-05
2.48866e-05
4.16329e-06
2.56047e-05
1.38708e-05
0.00011796
0.000210145
0.000221442
0.000158585
7.46842e-05
1.46896e-05
8.41265e-06
1.211e-06
3.75317e-05
3.17058e-05
2.48866e-05
4.16329e-06
2.56047e-05
1.38708e-05
0.00011796
0.000210145
0.000221442
0.000158585
7.46842e-05
1.46896e-05
8.41265e-06
1.211e-06
3.75317e-05
3.17058e-05
2.48866e-05
4.16329e-06
2.56047e-05
1.38708e-05
0.00011796
0.000210145
0.000221442
0.000158585
7.46842e-05
1.46896e-05
8.41265e-06
1.211e-06
3.75317e-05
3.17058e-05
2.48866e-05
4.16329e-06
2.56047e-05
1.38708e-05
0.00011796
0.000210145
0.000221442
0.000158585
7.46842e-05
1.46896e-05
8.41265e-06
1.211e-06
3.75317e-05
3.17058e-05
2.48866e-05
4.16329e-06
2.56047e-05
1.38708e-05
0.00011796
0.000210145
0.000221442
0.000158585
7.46842e-05
1.46896e-05
8.41265e-06
1.211e-06
3.75317e-05
3.17058e-05
2.48866e-05
4.16329e-06
2.56047e-05
1.38708e-05
0.00011796
0.000210145
0.000221442
0.000158585
7.46842e-05
1.46896e-05
8.41265e-06
1.211e-06
3.75317e-05
3.17058e-05
2.48866e-05
4.16329e-06
2.56047e-05
1.38708e-05
0.00011796
0.000210145
0.000221442
0.000158585
7.46842e-05
1.46896e-05
8.41265e-06
1.211e-06
3.75317e-05
3.17058e-05
2.48866e-05
4.16329e-06
2.56047e-05
1.38708e-05
0.00011796
0.000210145
0.000221442
0.000158585
7.46842e-05
1.46896e-05
8.41265e-06
1.211e-06
3.75317e-05
3.17058e-05
2.48866e-05
4.16329e-06
2.56047e-05
1.38708e-05
0.00011796
0.000210145
0.000221442
0.000158585
7.46842e-05
1.46896e-05
8.41265e-06
1.211e-06
3.75317e-05
3.17058e-05
2.48866e-05
4.16329e-06
2.56047e-05
1.38708e-05
0.00011796
0.000210145
0.000221442
0.000158585
7.46842e-05
1.46896e-05
8.41265e-06
1.211e-06
3.75317e-05
3.17058e-05
2.48866e-05
4.16329e-06
2.56047e-05
1.38708e-05
0.00011796
0.000210145
0.000221442
0.000158585
7.46842e-05
1.46896e-05
8.41265e-06
1.211e-06
3.75317e-05
3.17058e-05
2.48866e-05
4.16329e-06
2.56047e-05
1.38708e-05
0.00011796
0.000210145
0.000221442
0.000158585
7.46842e-05
1.46896e-05
8.41265e-06
1.211e-06
3.75317e-05
3.17058e-05
2.48866e-05
4.16329e-06
2.56047e-05
1.38708e-05
0.00011796
0.000210145
0.000221442
0.000158585
7.46842e-05
1.46896e-05
8.41265e-06
1.211e-06
3.75317e-05
3.17058e-05
2.48866e-05
4.16329e-06
2.56047e-05
1.38708e-05
0.00011796
0.000210145
0.000221442
0.000158585
7.46842e-05
1.46896e-05
8.41265e-06
1.211e-06
3.75317e-05
3.17058e-05
2.48866e-05
4.16329e-06
2.56047e-05
1.38708e-05
0.00011796
0.000210145
0.000221442
0.000158585
7.46842e-05
1.46896e-05
8.41265e-06
1.211e-06
3.75317e-05
3.17058e-05
2.48866e-05
4.16329e-06
2.56047e-05
1.38708e-05
0.00011796
0.000210145
0.000221442
0.000158585
7.46842e-05
1.46896e-05
8.41265e-06
1.211e-06
3.75317e-05
3.17058e-05
2.48866e-05
4.16329e-06
2.56047e-05
1.38708e-05
0.00011796
0.000210145
0.000221442
0.000158585
7.46842e-05
1.46896e-05
8.41265e-06
1.211e-06
3.75317e-05
3.17058e-05
2.48866e-05
4.16329e-06
2.56047e-05
1.38708e-05
0.00011796
0.000210145
0.000221442
0.000158585
7.46842e-05
1.46896e-05
8.41265e-06
1.211e-06
3.75317e-05
3.17058e-05
2.48866e-05
4.16329e-06
2.56047e-05
1.38708e-05
0.00011796
0.000210145
0.000221442
0.000158585
7.46842e-05
1.46896e-05
8.41265e-06
1.211e-06
3.75317e-05
3.17058e-05
2.48866e-05
4.16329e-06
2.56047e-05
1.38708e-05
0.00011796
0.000210145
0.000221442
0.000158585
7.46842e-05
1.46896e-05
8.41265e-06
1.211e-06
3.75317e-05
3.17058e-05
2.48866e-05
4.16329e-06
2.56047e-05
1.38708e-05
0.00011796
0.000210145
0.000221442
0.000158585
7.46842e-05
1.46896e-05
8.41265e-06
1.211e-06
3.75317e-05
3.17058e-05
2.48866e-05
4.16329e-06
2.56047e-05
1.38708e-05
0.00011796
0.000210145
0.000221442
0.000158585
7.46842e-05
1.46896e-05
8.41265e-06
1.211e-06
3.75317e-05
3.17058e-05
2.48866e-05
4.16329e-06
2.56047e-05
1.38708e-05
0.00011796
0.000210145
0.000221442
0.000158585
7.46842e-05
1.46896e-05
8.41265e-06
1.211e-06
3.75317e-05
3.17058e-05
2.48866e-05
4.16329e-06
2.56047e-05
1.38708e-05
0.00011796
0.000210145
0.000221442
0.000158585
7.46842e-05
1.46896e-05
8.41265e-06
1.211e-06
3.75317e-05
3.17058e-05
2.48866e-05
4.16329e-06
2.56047e-05
1.38708e-05
0.00011796
0.000210145
0.000221442
0.000158585
7.46842e-05
1.46896e-05
8.41265e-06
1.211e-06
3.75317e-05
3.17058e-05
2.48866e-05
4.16329e-06
2.56047e-05
1.38708e-05
0.00011796
0.000210145
0.000221442
0.000158585
7.46842e-05
1.46896e-05
8.41265e-06
1.211e-06
3.75317e-05
3.17058e-05
2.48866e-05
4.16329e-06
2.56047e-05
1.38708e-05
0.00011796
0.000210145
0.000221442
0.000158585
7.46842e-05
1.46896e-05
8.41265e-06
1.211e-06
3.75317e-05
3.17058e-05
2.48866e-05
4.16329e-06
2.56047e-05
1.38708e-05
0.00011796
0.000210145
0.000221442
0.000158585
7.46842e-05
1.46896e-05
8.41265e-06
1.211e-06
3.75317e-05
3.17058e-05
2.48866e-05
4.16329e-06
2.56047e-05
1.38708e-05
0.00011796
0.000210145
0.000221442
0.000158585
7.46842e-05
1.46896e-05
8.41265e-06
1.211e-06
3.75317e-05
3.17058e-05
2.48866e-05
4.16329e-06
2.56047e-05
1.38708e-05
0.00011796
0.000210145
0.000221442
0.000158585
7.46842e-05
1.46896e-05
8.41265e-06
1.211e-06
3.75317e-05
3.17058e-05
2.48866e-05
4.16329e-06
2.56047e-05
1.38708e-05
0.00011796
0.000210145
0.000221442
0.000158585
7.46842e-05
1.46896e-05
8.41265e-06
1.211e-06
3.75317e-05
3.17058e-05
2.48866e-05
4.16329e-06
2.56047e-05
1.38708e-05
0.00011796
0.000210145
0.000221442
0.000158585
7.46842e-05
1.46896e-05
8.41265e-06
1.211e-06
3.75317e-05
3.17058e-05
2.48866e-05
4.16329e-06
2.56047e-05
1.38708e-05
0.00011796
0.000210145
0.000221442
0.000158585
7.46842e-05
1.46896e-05
8.41265e-06
1.211e-06
3.75317e-05
3.17058e-05
2.48866e-05
4.16329e-06
2.56047e-05
1.38708e-05
0.00011796
0.000210145
0.000221442
0.000158585
7.46842e-05
1.46896e-05
8.41265e-06
1.211e-06
3.75317e-05
3.17058e-05
2.48866e-05
4.16329e-06
2.56047e-05
1.38708e-05
0.00011796
0.000210145
0.000221442
0.000158585
7.46842e-05
1.46896e-05
8.41265e-06
1.211e-06
3.75317e-05
3.17058e-05
2.48866e-05
4.16329e-06
2.56047e-05
1.38708e-05
0.00011796
0.000210145
0.000221442
0.000158585
7.46842e-05
1.46896e-05
8.41265e-06
1.211e-06
3.75317e-05
3.17058e-05
2.48866e-05
4.16329e-06
2.56047e-05
1.38708e-05
0.00011796
0.000210145
0.000221442
0.000158585
7.46842e-05
1.46896e-05
8.41265e-06
1.211e-06
3.75317e-05
3.17058e-05
2.48866e-05
4.16329e-06
2.56047e-05
1.38708e-05
0.00011796
0.000210145
0.000221442
0.000158585
7.46842e-05
1.46896e-05
8.41265e-06
1.211e-06
3.75317e-05
3.17058e-05
2.48866e-05
4.16329e-06
2.56047e-05
1.38708e-05
0.00011796
0.000210145
0.000221442
0.000158585
7.46842e-05
1.46896e-05
8.41265e-06
1.211e-06
3.75317e-05
3.17058e-05
2.48866e-05
4.16329e-06
2.56047e-05
1.38708e-05
0.00011796
0.000210145
0.000221442
0.000158585
7.46842e-05
1.46896e-05
8.41265e-06
1.211e-06
3.75317e-05
3.17058e-05
2.48866e-05
4.16329e-06
2.56047e-05
1.38708e-05
0.00011796
0.000210145
0.000221442
0.000158585
7.46842e-05
1.46896e-05
8.41265e-06
1.211e-06
3.75317e-05
3.17058e-05
2.48866e-05
4.16329e-06
2.56047e-05
1.38708e-05
0.00011796
0.000210145
0.000221442
0.000158585
7.46842e-05
1.46896e-05
8.41265e-06
1.211e-06
3.75317e-05
3.17058e-05
2.48866e-05
4.16329e-06
2.56047e-05
1.38708e-05
0.00011796
0.000210145
0.000221442
0.000158585
7.46842e-05
1.46896e-05
8.41265e-06
1.211e-06
3.75317e-05
3.17058e-05
2.48866e-05
4.16329e-06
2.56047e-05
1.38708e-05
0.00011796
0.000210145
0.000221442
0.000158585
7.46842e-05
1.46896e-05
8.41265e-06
1.211e-06
3.75317e-05
3.17058e-05
2.48866e-05
4.16329e-06
2.56047e-05
1.38708e-05
0.00011796
0.000210145
0.000221442
0.000158585
7.46842e-05
1.46896e-05
8.41265e-06
1.211e-06
3.75317e-05
3.17058e-05
2.48866e-05
4.16329e-06
2.56047e-05
1.38708e-05
0.00011796
0.000210145
0.000221442
0.000158585
7.46842e-05
1.46896e-05
8.41265e-06
1.211e-06
3.75317e-05
3.17058e-05
2.48866e-05
4.16329e-06
2.56047e-05
1.38708e-05
0.00011796
0.000210145
0.000221442
0.000158585
7.46842e-05
1.46896e-05
8.41265e-06
1.211e-06
3.75317e-05
3.17058e-05
2.48866e-05
4.16329e-06
2.56047e-05
1.38708e-05
0.00011796
0.000210145
0.000221442
0.000158585
7.46842e-05
1.46896e-05
8.41265e-06
1.211e-06
3.75317e-05
3.17058e-05
2.48866e-05
4.16329e-06
2.56047e-05
1.38708e-05
0.00011796
0.000210145
0.000221442
0.000158585
7.46842e-05
1.46896e-05
8.41265e-06
1.211e-06
3.75317e-05
3.17058e-05
2.48866e-05
4.16329e-06
2.56047e-05
1.38708e-05
0.00011796
0.000210145
0.000221442
0.000158585
7.46842e-05
1.46896e-05
8.41265e-06
1.211e-06
3.75317e-05
3.17058e-05
2.48866e-05
4.16329e-06
2.56047e-05
1.38708e-05
0.00011796
0.000210145
0.000221442
0.000158585
7.46842e-05
1.46896e-05
8.41265e-06
1.211e-06
3.75317e-05
3.17058e-05
2.48866e-05
4.16329e-06
2.56047e-05
1.38708e-05
0.00011796
0.000210145
0.000221442
0.000158585
7.46842e-05
1.46896e-05
8.41265e-06
1.211e-06
3.75317e-05
3.17058e-05
2.48866e-05
4.16329e-06
2.56047e-05
1.38708e-05
0.00011796
0.000210145
0.000221442
0.000158585
7.46842e-05
1.46896e-05
8.41265e-06
1.211e-06
3.75317e-05
3.17058e-05
2.48866e-05
4.16329e-06
2.56047e-05
1.38708e-05
0.00011796
0.000210145
0.000221442
0.000158585
7.46842e-05
1.46896e-05
8.41265e-06
1.211e-06
3.75317e-05
3.17058e-05
2.48866e-05
4.16329e-06
2.56047e-05
1.38708e-05
0.00011796
0.000210145
0.000221442
0.000158585
7.46842e-05
1.46896e-05
8.41265e-06
1.211e-06
3.75317e-05
3.17058e-05
2.48866e-05
4.16329e-06
2.56047e-05
1.38708e-05
0.00011796
0.000210145
0.000221442
0.000158585
7.46842e-05
1.46896e-05
8.41265e-06
1.211e-06
3.75317e-05
3.17058e-05
2.48866e-05
4.16329e-06
2.56047e-05
1.38708e-05
0.00011796
0.000210145
0.000221442
0.000158585
7.46842e-05
1.46896e-05
8.41265e-06
1.211e-06
3.75317e-05
3.17058e-05
2.48866e-05
4.16329e-06
2.56047e-05
1.38708e-05
0.00011796
0.000210145
0.000221442
0.000158585
7.46842e-05
1.46896e-05
8.41265e-06
1.211e-06
3.75317e-05
3.17058e-05
2.48866e-05
4.16329e-06
2.56047e-05
1.38708e-05
0.00011796
0.000210145
0.000221442
0.000158585
7.46842e-05
1.46896e-05
8.41265e-06
1.211e-06
3.75317e-05
3.17058e-05
2.48866e-05
4.16329e-06
2.56047e-05
1.38708e-05
0.00011796
0.000210145
0.000221442
0.000158585
7.46842e-05
1.46896e-05
8.41265e-06
1.211e-06
3.75317e-05
3.17058e-05
2.48866e-05
4.16329e-06
2.56047e-05
1.38708e-05
0.00011796
0.000210145
0.000221442
0.000158585
7.46842e-05
1.46896e-05
8.41265e-06
1.211e-06
3.75317e-05
3.17058e-05
2.48866e-05
4.16329e-06
2.56047e-05
1.38708e-05
0.00011796
0.000210145
0.000221442
0.000158585
7.46842e-05
1.46896e-05
8.41265e-06
1.211e-06
3.75317e-05
3.17058e-05
2.48866e-05
4.16329e-06
2.56047e-05
1.38708e-05
0.00011796
0.000210145
0.000221442
0.000158585
7.46842e-05
1.46896e-05
8.41265e-06
1.211e-06
3.75317e-05
3.17058e-05
2.48866e-05
4.16329e-06
2.56047e-05
1.38708e-05
0.00011796
0.000210145
0.000221442
0.000158585
7.46842e-05
1.46896e-05
8.41265e-06
1.211e-06
3.75317e-05
3.17058e-05
2.48866e-05
4.16329e-06
2.56047e-05
1.38708e-05
0.00011796
0.000210145
0.000221442
0.000158585
7.46842e-05
1.46896e-05
8.41265e-06
1.211e-06
3.75317e-05
3.17058e-05
2.48866e-05
4.16329e-06
2.56047e-05
1.38708e-05
0.00011796
0.000210145
0.000221442
0.000158585
7.46842e-05
1.46896e-05
8.41265e-06
1.211e-06
3.75317e-05
3.17058e-05
2.48866e-05
4.16329e-06
2.56047e-05
1.38708e-05
0.00011796
0.000210145
0.000221442
0.000158585
7.46842e-05
1.46896e-05
8.41265e-06
1.211e-06
3.75317e-05
3.17058e-05
2.48866e-05
4.16329e-06
2.56047e-05
1.38708e-05
0.00011796
0.000210145
0.000221442
0.000158585
7.46842e-05
1.46896e-05
8.41265e-06
1.211e-06
3.75317e-05
3.17058e-05
2.48866e-05
4.16329e-06
2.56047e-05
1.38708e-05
0.00011796
0.000210145
0.000221442
0.000158585
7.46842e-05
1.46896e-05
8.41265e-06
1.211e-06
3.75317e-05
3.17058e-05
2.48866e-05
4.16329e-06
2.56047e-05
1.38708e-05
0.00011796
0.000210145
0.000221442
0.000158585
7.46842e-05
1.46896e-05
8.41265e-06
1.211e-06
3.75317e-05
3.17058e-05
2.48866e-05
4.16329e-06
2.56047e-05
1.38708e-05
0.00011796
0.000210145
0.000221442
0.000158585
7.46842e-05
1.46896e-05
8.41265e-06
1.211e-06
3.75317e-05
3.17058e-05
2.48866e-05
4.16329e-06
2.56047e-05
1.38708e-05
0.00011796
0.000210145
0.000221442
0.000158585
7.46842e-05
1.46896e-05
8.41265e-06
1.211e-06
3.75317e-05
3.17058e-05
2.48866e-05
4.16329e-06
2.56047e-05
1.38708e-05
0.00011796
0.000210145
0.000221442
0.000158585
7.46842e-05
1.46896e-05
8.41265e-06
1.211e-06
3.75317e-05
3.17058e-05
2.48866e-05
4.16329e-06
2.56047e-05
1.38708e-05
0.00011796
0.000210145
0.000221442
0.000158585
7.46842e-05
1.46896e-05
8.41265e-06
1.211e-06
3.75317e-05
