0.00110295
0.00111382
0.00114971
0.00111794
0.000858863
0.000388848
3.97516e-05
0.000259869
0.000261992
0.000115366
7.46243e-05
0.000232593
0.000338706
0.000398543
0.00110295
0.0010651
0.000692947
0.000538539
0.00307037
0.00661135
0.00973172
0.01063
0.00801635
0.00192185
0.00518934
0.00847431
0.00369304
0.00832615
0.00110295
0.00105949
0.000792022
0.000132536
0.00102495
0.00248228
0.00370432
0.00420599
0.0037135
0.00224782
0.000283355
0.00121775
0.0011233
0.00127121
0.00110295
0.00108358
0.000957418
0.000608512
7.35838e-05
0.000970095
0.00171319
0.00203997
0.0018686
0.00126196
0.000442514
0.000238446
0.000381177
0.000319764
0.00110295
0.00109826
0.00105166
0.000861045
0.00039493
0.000276826
0.000847535
0.00111303
0.00103904
0.000696415
0.000239809
0.000144877
0.000281275
3.63929e-05
0.00110295
0.00110596
0.00110035
0.000989152
0.000627491
5.89802e-05
0.000437453
0.000678411
0.000644478
0.000406858
9.38835e-05
0.000169327
0.000291886
0.000214402
0.00110295
0.00110987
0.00112496
0.00105349
0.00074333
0.000224606
0.000237169
0.000467265
0.000451792
0.000261259
1.21647e-05
0.000196477
0.000310977
0.000305497
0.00110295
0.00111184
0.00113732
0.0010857
0.000801135
0.000306894
0.000138116
0.000363114
0.00035654
0.000188339
3.06294e-05
0.000213458
0.000323788
0.000351754
0.00110295
0.00111283
0.00114351
0.00110182
0.000830009
0.000347912
8.88491e-05
0.00031138
0.000309179
0.000151858
5.24807e-05
0.000222761
0.000330987
0.000375079
0.00110295
0.00111332
0.00114661
0.00110988
0.000844438
0.00036839
6.42794e-05
0.000285597
0.000285564
0.000133613
6.35165e-05
0.000227612
0.000334782
0.000386793
0.00110295
0.00111357
0.00114816
0.00111391
0.000851651
0.000378621
5.20103e-05
0.000272726
0.000273773
0.00012449
6.90614e-05
0.000230086
0.000336728
0.000392664
0.00110295
0.00111369
0.00114893
0.00111593
0.000855257
0.000383735
4.58797e-05
0.000266296
0.000267881
0.000119928
7.18406e-05
0.000231335
0.000337713
0.000395602
0.00110295
0.00111375
0.00114932
0.00111694
0.00085706
0.000386292
4.28153e-05
0.000263082
0.000264937
0.000117647
7.32319e-05
0.000231963
0.000338209
0.000397072
0.00110295
0.00111379
0.00114951
0.00111744
0.000857961
0.00038757
4.12834e-05
0.000261475
0.000263464
0.000116507
7.39279e-05
0.000232278
0.000338457
0.000397807
0.00110295
0.0011138
0.00114961
0.00111769
0.000858412
0.000388209
4.05175e-05
0.000260672
0.000262728
0.000115936
7.42761e-05
0.000232435
0.000338582
0.000398175
0.00110295
0.00111381
0.00114966
0.00111782
0.000858638
0.000388528
4.01345e-05
0.000260271
0.00026236
0.000115651
7.44502e-05
0.000232514
0.000338644
0.000398359
0.00110295
0.00111381
0.00114968
0.00111788
0.00085875
0.000388688
3.99431e-05
0.00026007
0.000262176
0.000115509
7.45372e-05
0.000232553
0.000338675
0.000398451
0.00110295
0.00111381
0.0011497
0.00111791
0.000858807
0.000388768
3.98474e-05
0.000259969
0.000262084
0.000115437
7.45807e-05
0.000232573
0.000338691
0.000398497
0.00110295
0.00111382
0.0011497
0.00111793
0.000858835
0.000388808
3.97995e-05
0.000259919
0.000262038
0.000115402
7.46025e-05
0.000232583
0.000338698
0.00039852
0.00110295
0.00111382
0.00114971
0.00111794
0.000858849
0.000388828
3.97756e-05
0.000259894
0.000262015
0.000115384
7.46134e-05
0.000232588
0.000338702
0.000398531
0.00110295
0.00111382
0.00114971
0.00111794
0.000858856
0.000388838
3.97636e-05
0.000259881
0.000262004
0.000115375
7.46188e-05
0.00023259
0.000338704
0.000398537
0.00110295
0.00111382
0.00114971
0.00111794
0.000858859
0.000388843
3.97576e-05
0.000259875
0.000261998
0.000115371
7.46216e-05
0.000232591
0.000338705
0.00039854
0.00110295
0.00111382
0.00114971
0.00111794
0.000858861
0.000388845
3.97546e-05
0.000259872
0.000261995
0.000115368
7.46229e-05
0.000232592
0.000338706
0.000398541
0.00110295
0.00111382
0.00114971
0.00111794
0.000858862
0.000388847
3.97531e-05
0.000259871
0.000261994
0.000115367
7.46236e-05
0.000232592
0.000338706
0.000398542
0.00110295
0.00111382
0.00114971
0.00111794
0.000858862
0.000388847
3.97524e-05
0.00025987
0.000261993
0.000115367
7.46239e-05
0.000232593
0.000338706
0.000398542
0.00110295
0.00111382
0.00114971
0.00111794
0.000858863
0.000388848
3.9752e-05
0.000259869
0.000261993
0.000115366
7.46241e-05
0.000232593
0.000338706
0.000398542
0.00110295
0.00111382
0.00114971
0.00111794
0.000858863
0.000388848
3.97518e-05
0.000259869
0.000261993
0.000115366
7.46242e-05
0.000232593
0.000338706
0.000398543
0.00110295
0.00111382
0.00114971
0.00111794
0.000858863
0.000388848
3.97517e-05
0.000259869
0.000261993
0.000115366
7.46242e-05
0.000232593
0.000338706
0.000398543
0.00110295
0.00111382
0.00114971
0.00111794
0.000858863
0.000388848
3.97517e-05
0.000259869
0.000261993
0.000115366
7.46242e-05
0.000232593
0.000338706
0.000398543
0.00110295
0.00111382
0.00114971
0.00111794
0.000858863
0.000388848
3.97516e-05
0.000259869
0.000261993
0.000115366
7.46243e-05
0.000232593
0.000338706
0.000398543
0.00110295
0.00111382
0.00114971
0.00111794
0.000858863
0.000388848
3.97516e-05
0.000259869
0.000261993
0.000115366
7.46243e-05
0.000232593
0.000338706
0.000398543
0.00110295
0.00111382
0.00114971
0.00111794
0.000858863
0.000388848
3.97516e-05
0.000259869
0.000261992
0.000115366
7.46243e-05
0.000232593
0.000338706
0.000398543
0.00110295
0.00111382
0.00114971
0.00111794
0.000858863
0.000388848
3.97516e-05
0.000259869
0.000261992
0.000115366
7.46243e-05
0.000232593
0.000338706
0.000398543
0.00110295
0.00111382
0.00114971
0.00111794
0.000858863
0.000388848
3.97516e-05
0.000259869
0.000261992
0.000115366
7.46243e-05
0.000232593
0.000338706
0.000398543
0.00110295
0.00111382
0.00114971
0.00111794
0.000858863
0.000388848
3.97516e-05
0.000259869
0.000261992
0.000115366
7.46243e-05
0.000232593
0.000338706
0.000398543
0.00110295
0.00111382
0.00114971
0.00111794
0.000858863
0.000388848
3.97516e-05
0.000259869
0.000261992
0.000115366
7.46243e-05
0.000232593
0.000338706
0.000398543
0.00110295
0.00111382
0.00114971
0.00111794
0.000858863
0.000388848
3.97516e-05
0.000259869
0.000261992
0.000115366
7.46243e-05
0.000232593
0.000338706
0.000398543
0.00110295
0.00111382
0.00114971
0.00111794
0.000858863
0.000388848
3.97516e-05
0.000259869
0.000261992
0.000115366
7.46243e-05
0.000232593
0.000338706
0.000398543
0.00110295
0.00111382
0.00114971
0.00111794
0.000858863
0.000388848
3.97516e-05
0.000259869
0.000261992
0.000115366
7.46243e-05
0.000232593
0.000338706
0.000398543
0.00110295
0.00111382
0.00114971
0.00111794
0.000858863
0.000388848
3.97516e-05
0.000259869
0.000261992
0.000115366
7.46243e-05
0.000232593
0.000338706
0.000398543
0.00110295
0.00111382
0.00114971
0.00111794
0.000858863
0.000388848
3.97516e-05
0.000259869
0.000261992
0.000115366
7.46243e-05
0.000232593
0.000338706
0.000398543
0.00110295
0.00111382
0.00114971
0.00111794
0.000858863
0.000388848
3.97516e-05
0.000259869
0.000261992
0.000115366
7.46243e-05
0.000232593
0.000338706
0.000398543
0.00110295
0.00111382
0.00114971
0.00111794
0.000858863
0.000388848
3.97516e-05
0.000259869
0.000261992
0.000115366
7.46243e-05
0.000232593
0.000338706
0.000398543
0.00110295
0.00111382
0.00114971
0.00111794
0.000858863
0.000388848
3.97516e-05
0.000259869
0.000261992
0.000115366
7.46243e-05
0.000232593
0.000338706
0.000398543
0.00110295
0.00111382
0.00114971
0.00111794
0.000858863
0.000388848
3.97516e-05
0.000259869
0.000261992
0.000115366
7.46243e-05
0.000232593
0.000338706
0.000398543
0.00110295
0.00111382
0.00114971
0.00111794
0.000858863
0.000388848
3.97516e-05
0.000259869
0.000261992
0.000115366
7.46243e-05
0.000232593
0.000338706
0.000398543
0.00110295
0.00111382
0.00114971
0.00111794
0.000858863
0.000388848
3.97516e-05
0.000259869
0.000261992
0.000115366
7.46243e-05
0.000232593
0.000338706
0.000398543
0.00110295
0.00111382
0.00114971
0.00111794
0.000858863
0.000388848
3.97516e-05
0.000259869
0.000261992
0.000115366
7.46243e-05
0.000232593
0.000338706
0.000398543
0.00110295
0.00111382
0.00114971
0.00111794
0.000858863
0.000388848
3.97516e-05
0.000259869
0.000261992
0.000115366
7.46243e-05
0.000232593
0.000338706
0.000398543
0.00110295
0.00111382
0.00114971
0.00111794
0.000858863
0.000388848
3.97516e-05
0.000259869
0.000261992
0.000115366
7.46243e-05
0.000232593
0.000338706
0.000398543
0.00110295
0.00111382
0.00114971
0.00111794
0.000858863
0.000388848
3.97516e-05
0.000259869
0.000261992
0.000115366
7.46243e-05
0.000232593
0.000338706
0.000398543
0.00110295
0.00111382
0.00114971
0.00111794
0.000858863
0.000388848
3.97516e-05
0.000259869
0.000261992
0.000115366
7.46243e-05
0.000232593
0.000338706
0.000398543
0.00110295
0.00111382
0.00114971
0.00111794
0.000858863
0.000388848
3.97516e-05
0.000259869
0.000261992
0.000115366
7.46243e-05
0.000232593
0.000338706
0.000398543
0.00110295
0.00111382
0.00114971
0.00111794
0.000858863
0.000388848
3.97516e-05
0.000259869
0.000261992
0.000115366
7.46243e-05
0.000232593
0.000338706
0.000398543
0.00110295
0.00111382
0.00114971
0.00111794
0.000858863
0.000388848
3.97516e-05
0.000259869
0.000261992
0.000115366
7.46243e-05
0.000232593
0.000338706
0.000398543
0.00110295
0.00111382
0.00114971
0.00111794
0.000858863
0.000388848
3.97516e-05
0.000259869
0.000261992
0.000115366
7.46243e-05
0.000232593
0.000338706
0.000398543
0.00110295
0.00111382
0.00114971
0.00111794
0.000858863
0.000388848
3.97516e-05
0.000259869
0.000261992
0.000115366
7.46243e-05
0.000232593
0.000338706
0.000398543
0.00110295
0.00111382
0.00114971
0.00111794
0.000858863
0.000388848
3.97516e-05
0.000259869
0.000261992
0.000115366
7.46243e-05
0.000232593
0.000338706
0.000398543
0.00110295
0.00111382
0.00114971
0.00111794
0.000858863
0.000388848
3.97516e-05
0.000259869
0.000261992
0.000115366
7.46243e-05
0.000232593
0.000338706
0.000398543
0.00110295
0.00111382
0.00114971
0.00111794
0.000858863
0.000388848
3.97516e-05
0.000259869
0.000261992
0.000115366
7.46243e-05
0.000232593
0.000338706
0.000398543
0.00110295
0.00111382
0.00114971
0.00111794
0.000858863
0.000388848
3.97516e-05
0.000259869
0.000261992
0.000115366
7.46243e-05
0.000232593
0.000338706
0.000398543
0.00110295
0.00111382
0.00114971
0.00111794
0.000858863
0.000388848
3.97516e-05
0.000259869
0.000261992
0.000115366
7.46243e-05
0.000232593
0.000338706
0.000398543
0.00110295
0.00111382
0.00114971
0.00111794
0.000858863
0.000388848
3.97516e-05
0.000259869
0.000261992
0.000115366
7.46243e-05
0.000232593
0.000338706
0.000398543
0.00110295
0.00111382
0.00114971
0.00111794
0.000858863
0.000388848
3.97516e-05
0.000259869
0.000261992
0.000115366
7.46243e-05
0.000232593
0.000338706
0.000398543
0.00110295
0.00111382
0.00114971
0.00111794
0.000858863
0.000388848
3.97516e-05
0.000259869
0.000261992
0.000115366
7.46243e-05
0.000232593
0.000338706
0.000398543
0.00110295
0.00111382
0.00114971
0.00111794
0.000858863
0.000388848
3.97516e-05
0.000259869
0.000261992
0.000115366
7.46243e-05
0.000232593
0.000338706
0.000398543
0.00110295
0.00111382
0.00114971
0.00111794
0.000858863
0.000388848
3.97516e-05
0.000259869
0.000261992
0.000115366
7.46243e-05
0.000232593
0.000338706
0.000398543
0.00110295
0.00111382
0.00114971
0.00111794
0.000858863
0.000388848
3.97516e-05
0.000259869
0.000261992
0.000115366
7.46243e-05
0.000232593
0.000338706
0.000398543
0.00110295
0.00111382
0.00114971
0.00111794
0.000858863
0.000388848
3.97516e-05
0.000259869
0.000261992
0.000115366
7.46243e-05
0.000232593
0.000338706
0.000398543
0.00110295
0.00111382
0.00114971
0.00111794
0.000858863
0.000388848
3.97516e-05
0.000259869
0.000261992
0.000115366
7.46243e-05
0.000232593
0.000338706
0.000398543
0.00110295
0.00111382
0.00114971
0.00111794
0.000858863
0.000388848
3.97516e-05
0.000259869
0.000261992
0.000115366
7.46243e-05
0.000232593
0.000338706
0.000398543
0.00110295
0.00111382
0.00114971
0.00111794
0.000858863
0.000388848
3.97516e-05
0.000259869
0.000261992
0.000115366
7.46243e-05
0.000232593
0.000338706
0.000398543
0.00110295
0.00111382
0.00114971
0.00111794
0.000858863
0.000388848
3.97516e-05
0.000259869
0.000261992
0.000115366
7.46243e-05
0.000232593
0.000338706
0.000398543
0.00110295
0.00111382
0.00114971
0.00111794
0.000858863
0.000388848
3.97516e-05
0.000259869
0.000261992
0.000115366
7.46243e-05
0.000232593
0.000338706
0.000398543
0.00110295
0.00111382
0.00114971
0.00111794
0.000858863
0.000388848
3.97516e-05
0.000259869
0.000261992
0.000115366
7.46243e-05
0.000232593
0.000338706
0.000398543
0.00110295
0.00111382
0.00114971
0.00111794
0.000858863
0.000388848
3.97516e-05
0.000259869
0.000261992
0.000115366
7.46243e-05
0.000232593
0.000338706
0.000398543
0.00110295
0.00111382
0.00114971
0.00111794
0.000858863
0.000388848
3.97516e-05
0.000259869
0.000261992
0.000115366
7.46243e-05
0.000232593
0.000338706
0.000398543
0.00110295
0.00111382
0.00114971
0.00111794
0.000858863
0.000388848
3.97516e-05
0.000259869
0.000261992
0.000115366
7.46243e-05
0.000232593
0.000338706
0.000398543
0.00110295
0.00111382
0.00114971
0.00111794
0.000858863
0.000388848
3.97516e-05
0.000259869
0.000261992
0.000115366
7.46243e-05
0.000232593
0.000338706
0.000398543
0.00110295
0.00111382
0.00114971
0.00111794
0.000858863
0.000388848
3.97516e-05
0.000259869
0.000261992
0.000115366
7.46243e-05
0.000232593
0.000338706
0.000398543
0.00110295
0.00111382
0.00114971
0.00111794
0.000858863
0.000388848
3.97516e-05
0.000259869
0.000261992
0.000115366
7.46243e-05
0.000232593
0.000338706
0.000398543
0.00110295
0.00111382
0.00114971
0.00111794
0.000858863
0.000388848
3.97516e-05
0.000259869
0.000261992
0.000115366
7.46243e-05
0.000232593
0.000338706
0.000398543
0.00110295
0.00111382
0.00114971
0.00111794
0.000858863
0.000388848
3.97516e-05
0.000259869
0.000261992
0.000115366
7.46243e-05
0.000232593
0.000338706
0.000398543
0.00110295
0.00111382
0.00114971
0.00111794
0.000858863
0.000388848
3.97516e-05
0.000259869
0.000261992
0.000115366
7.46243e-05
0.000232593
0.000338706
0.000398543
0.00110295
0.00111382
0.00114971
0.00111794
0.000858863
0.000388848
3.97516e-05
0.000259869
0.000261992
0.000115366
7.46243e-05
0.000232593
0.000338706
0.000398543
0.00110295
0.00111382
0.00114971
0.00111794
0.000858863
0.000388848
3.97516e-05
0.000259869
0.000261992
0.000115366
7.46243e-05
0.000232593
0.000338706
0.000398543
0.00110295
0.00111382
0.00114971
0.00111794
0.000858863
0.000388848
3.97516e-05
0.000259869
0.000261992
0.000115366
7.46243e-05
0.000232593
0.000338706
0.000398543
0.00110295
0.00111382
0.00114971
0.00111794
0.000858863
0.000388848
3.97516e-05
0.000259869
0.000261992
0.000115366
7.46243e-05
0.000232593
0.000338706
0.000398543
0.00110295
0.00111382
0.00114971
0.00111794
0.000858863
0.000388848
3.97516e-05
0.000259869
0.000261992
0.000115366
7.46243e-05
0.000232593
0.000338706
0.000398543
0.00110295
0.00111382
0.00114971
0.00111794
0.000858863
0.000388848
3.97516e-05
0.000259869
0.000261992
0.000115366
7.46243e-05
0.000232593
0.000338706
0.000398543
0.00110295
0.00111382
0.00114971
0.00111794
0.000858863
0.000388848
3.97516e-05
0.000259869
0.000261992
0.000115366
7.46243e-05
0.000232593
0.000338706
0.000398543
0.00110295
0.00111382
0.00114971
0.00111794
0.000858863
0.000388848
3.97516e-05
0.000259869
0.000261992
0.000115366
7.46243e-05
0.000232593
0.000338706
0.000398543
0.00110295
0.00111382
0.00114971
0.00111794
0.000858863
0.000388848
3.97516e-05
0.000259869
0.000261992
0.000115366
7.46243e-05
0.000232593
0.000338706
0.000398543
0.00110295
0.00111382
0.00114971
0.00111794
0.000858863
0.000388848
3.97516e-05
0.000259869
0.000261992
0.000115366
7.46243e-05
0.000232593
0.000338706
0.000398543
0.00110295
0.00111382
0.00114971
0.00111794
0.000858863
0.000388848
3.97516e-05
0.000259869
0.000261992
0.000115366
7.46243e-05
0.000232593
0.000338706
0.000398543
0.00110295
0.00111382
0.00114971
0.00111794
0.000858863
0.000388848
3.97516e-05
0.000259869
0.000261992
0.000115366
7.46243e-05
0.000232593
0.000338706
0.000398543
0.00110295
0.00111382
0.00114971
0.00111794
0.000858863
0.000388848
3.97516e-05
0.000259869
0.000261992
0.000115366
7.46243e-05
0.000232593
0.000338706
0.000398543
0.00110295
0.00111382
0.00114971
0.00111794
0.000858863
0.000388848
3.97516e-05
0.000259869
0.000261992
0.000115366
7.46243e-05
0.000232593
0.000338706
0.000398543
0.00110295
0.00111382
0.00114971
0.00111794
0.000858863
0.000388848
3.97516e-05
0.000259869
0.000261992
0.000115366
7.46243e-05
0.000232593
0.000338706
0.000398543
0.00110295
0.00111382
0.00114971
0.00111794
0.000858863
0.000388848
3.97516e-05
0.000259869
0.000261992
0.000115366
7.46243e-05
0.000232593
0.000338706
0.000398543
0.00110295
0.00111382
0.00114971
0.00111794
0.000858863
0.000388848
3.97516e-05
0.000259869
0.000261992
0.000115366
7.46243e-05
0.000232593
0.000338706
0.000398543
0.00110295
0.00111382
0.00114971
0.00111794
0.000858863
0.000388848
3.97516e-05
0.000259869
0.000261992
0.000115366
7.46243e-05
0.000232593
0.000338706
0.000398543
0.00110295
0.00111382
0.00114971
0.00111794
0.000858863
0.000388848
3.97516e-05
0.000259869
0.000261992
0.000115366
7.46243e-05
0.000232593
0.000338706
0.000398543
0.00110295
0.00111382
0.00114971
0.00111794
0.000858863
0.000388848
3.97516e-05
0.000259869
0.000261992
0.000115366
7.46243e-05
0.000232593
0.000338706
0.000398543
0.00110295
0.00111382
0.00114971
0.00111794
0.000858863
0.000388848
3.97516e-05
0.000259869
0.000261992
0.000115366
7.46243e-05
0.000232593
0.000338706
0.000398543
0.00110295
0.00111382
0.00114971
0.00111794
0.000858863
0.000388848
3.97516e-05
0.000259869
0.000261992
0.000115366
7.46243e-05
0.000232593
0.000338706
0.000398543
0.00110295
0.00111382
0.00114971
0.00111794
0.000858863
0.000388848
3.97516e-05
0.000259869
0.000261992
0.000115366
7.46243e-05
0.000232593
0.000338706
0.000398543
0.00110295
0.00111382
0.00114971
0.00111794
0.000858863
0.000388848
3.97516e-05
0.000259869
0.000261992
0.000115366
7.46243e-05
0.000232593
0.000338706
0.000398543
0.00110295
0.00111382
0.00114971
0.00111794
0.000858863
0.000388848
3.97516e-05
0.000259869
0.000261992
0.000115366
7.46243e-05
0.000232593
0.000338706
0.000398543
0.00110295
0.00111382
0.00114971
0.00111794
0.000858863
0.000388848
3.97516e-05
0.000259869
0.000261992
0.000115366
7.46243e-05
0.000232593
0.000338706
0.000398543
0.00110295
0.00111382
0.00114971
0.00111794
0.000858863
0.000388848
3.97516e-05
0.000259869
0.000261992
0.000115366
7.46243e-05
0.000232593
0.000338706
0.000398543
0.00110295
0.00111382
0.00114971
0.00111794
0.000858863
0.000388848
3.97516e-05
0.000259869
0.000261992
0.000115366
7.46243e-05
0.000232593
0.000338706
0.000398543
0.00110295
0.00111382
0.00114971
0.00111794
0.000858863
0.000388848
3.97516e-05
0.000259869
0.000261992
0.000115366
7.46243e-05
0.000232593
0.000338706
0.000398543
0.00110295
0.00111382
0.00114971
0.00111794
0.000858863
0.000388848
3.97516e-05
0.000259869
0.000261992
0.000115366
7.46243e-05
0.000232593
0.000338706
0.000398543
0.00110295
0.00111382
0.00114971
0.00111794
0.000858863
0.000388848
3.97516e-05
0.000259869
0.000261992
0.000115366
7.46243e-05
0.000232593
0.000338706
0.000398543
0.00110295
0.00111382
0.00114971
0.00111794
0.000858863
0.000388848
3.97516e-05
0.000259869
0.000261992
0.000115366
7.46243e-05
0.000232593
0.000338706
0.000398543
0.00110295
0.00111382
0.00114971
0.00111794
0.000858863
0.000388848
3.97516e-05
0.000259869
0.000261992
0.000115366
7.46243e-05
0.000232593
0.000338706
0.000398543
0.00110295
0.00111382
0.00114971
0.00111794
0.000858863
0.000388848
3.97516e-05
0.000259869
0.000261992
0.000115366
7.46243e-05
0.000232593
0.000338706
0.000398543
0.00110295
0.00111382
0.00114971
0.00111794
0.000858863
0.000388848
3.97516e-05
0.000259869
0.000261992
0.000115366
7.46243e-05
0.000232593
0.000338706
0.000398543
0.00110295
0.00111382
0.00114971
0.00111794
0.000858863
0.000388848
3.97516e-05
0.000259869
0.000261992
0.000115366
7.46243e-05
0.000232593
0.000338706
0.000398543
0.00110295
0.00111382
0.00114971
0.00111794
0.000858863
0.000388848
3.97516e-05
0.000259869
0.000261992
0.000115366
7.46243e-05
0.000232593
0.000338706
0.000398543
0.000551477
0.000558514
0.000583368
0.000576883
0.000455597
0.000224978
8.37947e-06
0.000109811
0.000119994
5.28879e-05
4.03601e-05
0.000122129
0.000181398
0.000219357
0.000551477
0.000541153
0.000396185
0.00015387
0.0013582
0.00310506
0.00470058
0.00523485
0.00402687
0.00103569
0.00256892
0.00438498
0.0022102
0.00369103
0.000551477
0.000534072
0.000420592
0.000122578
0.000425436
0.00113778
0.00175548
0.0020324
0.00181851
0.00110921
0.000129274
0.0006459
0.000644741
0.000501362
0.000551477
0.000544608
0.000494435
0.000339606
1.74907e-05
0.00041994
0.000794301
0.000972246
0.000904713
0.000615007
0.000208976
0.000139722
0.000229277
9.80704e-05
0.000551477
0.000551307
0.00053777
0.000456771
0.000237197
9.09639e-05
0.000378535
0.000522146
0.000498329
0.0003367
0.000111357
8.56488e-05
0.000164746
5.65984e-05
0.000551477
0.000554863
0.00056036
0.000516566
0.000346579
6.84035e-05
0.000181993
0.000311864
0.000305947
0.000195036
4.09506e-05
9.4211e-05
0.000163781
0.000135928
0.000551477
0.000556678
0.00057182
0.000546671
0.000401137
0.000147015
8.60929e-05
0.000209877
0.000212204
0.000123979
1.51748e-06
0.000105936
0.000170377
0.000177038
0.000551477
0.000557594
0.000577584
0.000561765
0.00042838
0.000186075
3.8685e-05
0.000159612
0.000165912
8.8433e-05
1.9132e-05
0.000113496
0.000175349
0.000198037
0.000551477
0.000558053
0.000580474
0.000569321
0.000441992
0.000205546
1.51106e-05
0.000134655
0.000142907
7.06598e-05
2.96757e-05
0.000117681
0.00017824
0.000208656
0.000551477
0.000558284
0.00058192
0.000573101
0.000448795
0.000215267
3.35515e-06
0.000122219
0.000131439
6.17736e-05
3.50005e-05
0.000119873
0.000179786
0.000213996
0.000551477
0.000558399
0.000582644
0.000574992
0.000452197
0.000220124
2.51476e-06
0.000116011
0.000125714
5.73307e-05
3.7676e-05
0.000120993
0.000180584
0.000216674
0.000551477
0.000558456
0.000583006
0.000575937
0.000453897
0.000222551
5.44776e-06
0.00011291
0.000122853
5.51093e-05
3.9017e-05
0.000121559
0.000180989
0.000218015
0.000551477
0.000558485
0.000583187
0.00057641
0.000454747
0.000223765
6.91378e-06
0.00011136
0.000121424
5.39986e-05
3.96882e-05
0.000121844
0.000181193
0.000218686
0.000551477
0.0005585
0.000583278
0.000576646
0.000455172
0.000224372
7.64667e-06
0.000110585
0.000120709
5.34433e-05
4.00241e-05
0.000121986
0.000181295
0.000219022
0.000551477
0.000558507
0.000583323
0.000576764
0.000455385
0.000224675
8.01308e-06
0.000110198
0.000120352
5.31656e-05
4.01921e-05
0.000122058
0.000181347
0.000219189
0.000551477
0.000558511
0.000583346
0.000576824
0.000455491
0.000224827
8.19628e-06
0.000110004
0.000120173
5.30268e-05
4.02761e-05
0.000122094
0.000181372
0.000219273
0.000551477
0.000558512
0.000583357
0.000576853
0.000455544
0.000224902
8.28788e-06
0.000109908
0.000120084
5.29573e-05
4.03181e-05
0.000122111
0.000181385
0.000219315
0.000551477
0.000558513
0.000583363
0.000576868
0.000455571
0.00022494
8.33368e-06
0.000109859
0.000120039
5.29226e-05
4.03391e-05
0.00012212
0.000181392
0.000219336
0.000551477
0.000558514
0.000583366
0.000576875
0.000455584
0.000224959
8.35657e-06
0.000109835
0.000120017
5.29053e-05
4.03496e-05
0.000122125
0.000181395
0.000219347
0.000551477
0.000558514
0.000583367
0.000576879
0.000455591
0.000224969
8.36802e-06
0.000109823
0.000120005
5.28966e-05
4.03548e-05
0.000122127
0.000181396
0.000219352
0.000551477
0.000558514
0.000583368
0.000576881
0.000455594
0.000224973
8.37375e-06
0.000109817
0.00012
5.28923e-05
4.03574e-05
0.000122128
0.000181397
0.000219355
0.000551477
0.000558514
0.000583368
0.000576882
0.000455596
0.000224976
8.37661e-06
0.000109814
0.000119997
5.28901e-05
4.03588e-05
0.000122129
0.000181398
0.000219356
0.000551477
0.000558514
0.000583368
0.000576882
0.000455597
0.000224977
8.37804e-06
0.000109812
0.000119996
5.2889e-05
4.03594e-05
0.000122129
0.000181398
0.000219357
0.000551477
0.000558514
0.000583368
0.000576882
0.000455597
0.000224978
8.37876e-06
0.000109812
0.000119995
5.28885e-05
4.03597e-05
0.000122129
0.000181398
0.000219357
0.000551477
0.000558514
0.000583368
0.000576883
0.000455597
0.000224978
8.37912e-06
0.000109811
0.000119995
5.28882e-05
4.03599e-05
0.000122129
0.000181398
0.000219357
0.000551477
0.000558514
0.000583368
0.000576883
0.000455597
0.000224978
8.37929e-06
0.000109811
0.000119994
5.28881e-05
4.036e-05
0.000122129
0.000181398
0.000219357
0.000551477
0.000558514
0.000583368
0.000576883
0.000455597
0.000224978
8.37938e-06
0.000109811
0.000119994
5.2888e-05
4.036e-05
0.000122129
0.000181398
0.000219357
0.000551477
0.000558514
0.000583368
0.000576883
0.000455597
0.000224978
8.37943e-06
0.000109811
0.000119994
5.28879e-05
4.036e-05
0.000122129
0.000181398
0.000219357
0.000551477
0.000558514
0.000583368
0.000576883
0.000455597
0.000224978
8.37945e-06
0.000109811
0.000119994
5.28879e-05
4.03601e-05
0.000122129
0.000181398
0.000219357
0.000551477
0.000558514
0.000583368
0.000576883
0.000455597
0.000224978
8.37946e-06
0.000109811
0.000119994
5.28879e-05
4.03601e-05
0.000122129
0.000181398
0.000219357
0.000551477
0.000558514
0.000583368
0.000576883
0.000455597
0.000224978
8.37947e-06
0.000109811
0.000119994
5.28879e-05
4.03601e-05
0.000122129
0.000181398
0.000219357
0.000551477
0.000558514
0.000583368
0.000576883
0.000455597
0.000224978
8.37947e-06
0.000109811
0.000119994
5.28879e-05
4.03601e-05
0.000122129
0.000181398
0.000219357
0.000551477
0.000558514
0.000583368
0.000576883
0.000455597
0.000224978
8.37947e-06
0.000109811
0.000119994
5.28879e-05
4.03601e-05
0.000122129
0.000181398
0.000219357
0.000551477
0.000558514
0.000583368
0.000576883
0.000455597
0.000224978
8.37947e-06
0.000109811
0.000119994
5.28879e-05
4.03601e-05
0.000122129
0.000181398
0.000219357
0.000551477
0.000558514
0.000583368
0.000576883
0.000455597
0.000224978
8.37947e-06
0.000109811
0.000119994
5.28879e-05
4.03601e-05
0.000122129
0.000181398
0.000219357
0.000551477
0.000558514
0.000583368
0.000576883
0.000455597
0.000224978
8.37947e-06
0.000109811
0.000119994
5.28879e-05
4.03601e-05
0.000122129
0.000181398
0.000219357
0.000551477
0.000558514
0.000583368
0.000576883
0.000455597
0.000224978
8.37947e-06
0.000109811
0.000119994
5.28879e-05
4.03601e-05
0.000122129
0.000181398
0.000219357
0.000551477
0.000558514
0.000583368
0.000576883
0.000455597
0.000224978
8.37947e-06
0.000109811
0.000119994
5.28879e-05
4.03601e-05
0.000122129
0.000181398
0.000219357
0.000551477
0.000558514
0.000583368
0.000576883
0.000455597
0.000224978
8.37947e-06
0.000109811
0.000119994
5.28879e-05
4.03601e-05
0.000122129
0.000181398
0.000219357
0.000551477
0.000558514
0.000583368
0.000576883
0.000455597
0.000224978
8.37947e-06
0.000109811
0.000119994
5.28879e-05
4.03601e-05
0.000122129
0.000181398
0.000219357
0.000551477
0.000558514
0.000583368
0.000576883
0.000455597
0.000224978
8.37947e-06
0.000109811
0.000119994
5.28879e-05
4.03601e-05
0.000122129
0.000181398
0.000219357
0.000551477
0.000558514
0.000583368
0.000576883
0.000455597
0.000224978
8.37947e-06
0.000109811
0.000119994
5.28879e-05
4.03601e-05
0.000122129
0.000181398
0.000219357
0.000551477
0.000558514
0.000583368
0.000576883
0.000455597
0.000224978
8.37947e-06
0.000109811
0.000119994
5.28879e-05
4.03601e-05
0.000122129
0.000181398
0.000219357
0.000551477
0.000558514
0.000583368
0.000576883
0.000455597
0.000224978
8.37947e-06
0.000109811
0.000119994
5.28879e-05
4.03601e-05
0.000122129
0.000181398
0.000219357
0.000551477
0.000558514
0.000583368
0.000576883
0.000455597
0.000224978
8.37947e-06
0.000109811
0.000119994
5.28879e-05
4.03601e-05
0.000122129
0.000181398
0.000219357
0.000551477
0.000558514
0.000583368
0.000576883
0.000455597
0.000224978
8.37947e-06
0.000109811
0.000119994
5.28879e-05
4.03601e-05
0.000122129
0.000181398
0.000219357
0.000551477
0.000558514
0.000583368
0.000576883
0.000455597
0.000224978
8.37947e-06
0.000109811
0.000119994
5.28879e-05
4.03601e-05
0.000122129
0.000181398
0.000219357
0.000551477
0.000558514
0.000583368
0.000576883
0.000455597
0.000224978
8.37947e-06
0.000109811
0.000119994
5.28879e-05
4.03601e-05
0.000122129
0.000181398
0.000219357
0.000551477
0.000558514
0.000583368
0.000576883
0.000455597
0.000224978
8.37947e-06
0.000109811
0.000119994
5.28879e-05
4.03601e-05
0.000122129
0.000181398
0.000219357
0.000551477
0.000558514
0.000583368
0.000576883
0.000455597
0.000224978
8.37947e-06
0.000109811
0.000119994
5.28879e-05
4.03601e-05
0.000122129
0.000181398
0.000219357
0.000551477
0.000558514
0.000583368
0.000576883
0.000455597
0.000224978
8.37947e-06
0.000109811
0.000119994
5.28879e-05
4.03601e-05
0.000122129
0.000181398
0.000219357
0.000551477
0.000558514
0.000583368
0.000576883
0.000455597
0.000224978
8.37947e-06
0.000109811
0.000119994
5.28879e-05
4.03601e-05
0.000122129
0.000181398
0.000219357
0.000551477
0.000558514
0.000583368
0.000576883
0.000455597
0.000224978
8.37947e-06
0.000109811
0.000119994
5.28879e-05
4.03601e-05
0.000122129
0.000181398
0.000219357
0.000551477
0.000558514
0.000583368
0.000576883
0.000455597
0.000224978
8.37947e-06
0.000109811
0.000119994
5.28879e-05
4.03601e-05
0.000122129
0.000181398
0.000219357
0.000551477
0.000558514
0.000583368
0.000576883
0.000455597
0.000224978
8.37947e-06
0.000109811
0.000119994
5.28879e-05
4.03601e-05
0.000122129
0.000181398
0.000219357
0.000551477
0.000558514
0.000583368
0.000576883
0.000455597
0.000224978
8.37947e-06
0.000109811
0.000119994
5.28879e-05
4.03601e-05
0.000122129
0.000181398
0.000219357
0.000551477
0.000558514
0.000583368
0.000576883
0.000455597
0.000224978
8.37947e-06
0.000109811
0.000119994
5.28879e-05
4.03601e-05
0.000122129
0.000181398
0.000219357
0.000551477
0.000558514
0.000583368
0.000576883
0.000455597
0.000224978
8.37947e-06
0.000109811
0.000119994
5.28879e-05
4.03601e-05
0.000122129
0.000181398
0.000219357
0.000551477
0.000558514
0.000583368
0.000576883
0.000455597
0.000224978
8.37947e-06
0.000109811
0.000119994
5.28879e-05
4.03601e-05
0.000122129
0.000181398
0.000219357
0.000551477
0.000558514
0.000583368
0.000576883
0.000455597
0.000224978
8.37947e-06
0.000109811
0.000119994
5.28879e-05
4.03601e-05
0.000122129
0.000181398
0.000219357
0.000551477
0.000558514
0.000583368
0.000576883
0.000455597
0.000224978
8.37947e-06
0.000109811
0.000119994
5.28879e-05
4.03601e-05
0.000122129
0.000181398
0.000219357
0.000551477
0.000558514
0.000583368
0.000576883
0.000455597
0.000224978
8.37947e-06
0.000109811
0.000119994
5.28879e-05
4.03601e-05
0.000122129
0.000181398
0.000219357
0.000551477
0.000558514
0.000583368
0.000576883
0.000455597
0.000224978
8.37947e-06
0.000109811
0.000119994
5.28879e-05
4.03601e-05
0.000122129
0.000181398
0.000219357
0.000551477
0.000558514
0.000583368
0.000576883
0.000455597
0.000224978
8.37947e-06
0.000109811
0.000119994
5.28879e-05
4.03601e-05
0.000122129
0.000181398
0.000219357
0.000551477
0.000558514
0.000583368
0.000576883
0.000455597
0.000224978
8.37947e-06
0.000109811
0.000119994
5.28879e-05
4.03601e-05
0.000122129
0.000181398
0.000219357
0.000551477
0.000558514
0.000583368
0.000576883
0.000455597
0.000224978
8.37947e-06
0.000109811
0.000119994
5.28879e-05
4.03601e-05
0.000122129
0.000181398
0.000219357
0.000551477
0.000558514
0.000583368
0.000576883
0.000455597
0.000224978
8.37947e-06
0.000109811
0.000119994
5.28879e-05
4.03601e-05
0.000122129
0.000181398
0.000219357
0.000551477
0.000558514
0.000583368
0.000576883
0.000455597
0.000224978
8.37947e-06
0.000109811
0.000119994
5.28879e-05
4.03601e-05
0.000122129
0.000181398
0.000219357
0.000551477
0.000558514
0.000583368
0.000576883
0.000455597
0.000224978
8.37947e-06
0.000109811
0.000119994
5.28879e-05
4.03601e-05
0.000122129
0.000181398
0.000219357
0.000551477
0.000558514
0.000583368
0.000576883
0.000455597
0.000224978
8.37947e-06
0.000109811
0.000119994
5.28879e-05
4.03601e-05
0.000122129
0.000181398
0.000219357
0.000551477
0.000558514
0.000583368
0.000576883
0.000455597
0.000224978
8.37947e-06
0.000109811
0.000119994
5.28879e-05
4.03601e-05
0.000122129
0.000181398
0.000219357
0.000551477
0.000558514
0.000583368
0.000576883
0.000455597
0.000224978
8.37947e-06
0.000109811
0.000119994
5.28879e-05
4.03601e-05
0.000122129
0.000181398
0.000219357
0.000551477
0.000558514
0.000583368
0.000576883
0.000455597
0.000224978
8.37947e-06
0.000109811
0.000119994
5.28879e-05
4.03601e-05
0.000122129
0.000181398
0.000219357
0.000551477
0.000558514
0.000583368
0.000576883
0.000455597
0.000224978
8.37947e-06
0.000109811
0.000119994
5.28879e-05
4.03601e-05
0.000122129
0.000181398
0.000219357
0.000551477
0.000558514
0.000583368
0.000576883
0.000455597
0.000224978
8.37947e-06
0.000109811
0.000119994
5.28879e-05
4.03601e-05
0.000122129
0.000181398
0.000219357
0.000551477
0.000558514
0.000583368
0.000576883
0.000455597
0.000224978
8.37947e-06
0.000109811
0.000119994
5.28879e-05
4.03601e-05
0.000122129
0.000181398
0.000219357
0.000551477
0.000558514
0.000583368
0.000576883
0.000455597
0.000224978
8.37947e-06
0.000109811
0.000119994
5.28879e-05
4.03601e-05
0.000122129
0.000181398
0.000219357
0.000551477
0.000558514
0.000583368
0.000576883
0.000455597
0.000224978
8.37947e-06
0.000109811
0.000119994
5.28879e-05
4.03601e-05
0.000122129
0.000181398
0.000219357
0.000551477
0.000558514
0.000583368
0.000576883
0.000455597
0.000224978
8.37947e-06
0.000109811
0.000119994
5.28879e-05
4.03601e-05
0.000122129
0.000181398
0.000219357
0.000551477
0.000558514
0.000583368
0.000576883
0.000455597
0.000224978
8.37947e-06
0.000109811
0.000119994
5.28879e-05
4.03601e-05
0.000122129
0.000181398
0.000219357
0.000551477
0.000558514
0.000583368
0.000576883
0.000455597
0.000224978
8.37947e-06
0.000109811
0.000119994
5.28879e-05
4.03601e-05
0.000122129
0.000181398
0.000219357
0.000551477
0.000558514
0.000583368
0.000576883
0.000455597
0.000224978
8.37947e-06
0.000109811
0.000119994
5.28879e-05
4.03601e-05
0.000122129
0.000181398
0.000219357
0.000551477
0.000558514
0.000583368
0.000576883
0.000455597
0.000224978
8.37947e-06
0.000109811
0.000119994
5.28879e-05
4.03601e-05
0.000122129
0.000181398
0.000219357
0.000551477
0.000558514
0.000583368
0.000576883
0.000455597
0.000224978
8.37947e-06
0.000109811
0.000119994
5.28879e-05
4.03601e-05
0.000122129
0.000181398
0.000219357
0.000551477
0.000558514
0.000583368
0.000576883
0.000455597
0.000224978
8.37947e-06
0.000109811
0.000119994
5.28879e-05
4.03601e-05
0.000122129
0.000181398
0.000219357
0.000551477
0.000558514
0.000583368
0.000576883
0.000455597
0.000224978
8.37947e-06
0.000109811
0.000119994
5.28879e-05
4.03601e-05
0.000122129
0.000181398
0.000219357
0.000551477
0.000558514
0.000583368
0.000576883
0.000455597
0.000224978
8.37947e-06
0.000109811
0.000119994
5.28879e-05
4.03601e-05
0.000122129
0.000181398
0.000219357
0.000551477
0.000558514
0.000583368
0.000576883
0.000455597
0.000224978
8.37947e-06
0.000109811
0.000119994
5.28879e-05
4.03601e-05
0.000122129
0.000181398
0.000219357
0.000551477
0.000558514
0.000583368
0.000576883
0.000455597
0.000224978
8.37947e-06
0.000109811
0.000119994
5.28879e-05
4.03601e-05
0.000122129
0.000181398
0.000219357
0.000551477
0.000558514
0.000583368
0.000576883
0.000455597
0.000224978
8.37947e-06
0.000109811
0.000119994
5.28879e-05
4.03601e-05
0.000122129
0.000181398
0.000219357
0.000551477
0.000558514
0.000583368
0.000576883
0.000455597
0.000224978
8.37947e-06
0.000109811
0.000119994
5.28879e-05
4.03601e-05
0.000122129
0.000181398
0.000219357
0.000551477
0.000558514
0.000583368
0.000576883
0.000455597
0.000224978
8.37947e-06
0.000109811
0.000119994
5.28879e-05
4.03601e-05
0.000122129
0.000181398
0.000219357
0.000551477
0.000558514
0.000583368
0.000576883
0.000455597
0.000224978
8.37947e-06
0.000109811
0.000119994
5.28879e-05
4.03601e-05
0.000122129
0.000181398
0.000219357
0.000551477
0.000558514
0.000583368
0.000576883
0.000455597
0.000224978
8.37947e-06
0.000109811
0.000119994
5.28879e-05
4.03601e-05
0.000122129
0.000181398
0.000219357
0.000551477
0.000558514
0.000583368
0.000576883
0.000455597
0.000224978
8.37947e-06
0.000109811
0.000119994
5.28879e-05
4.03601e-05
0.000122129
0.000181398
0.000219357
0.000551477
0.000558514
0.000583368
0.000576883
0.000455597
0.000224978
8.37947e-06
0.000109811
0.000119994
5.28879e-05
4.03601e-05
0.000122129
0.000181398
0.000219357
0.000551477
0.000558514
0.000583368
0.000576883
0.000455597
0.000224978
8.37947e-06
0.000109811
0.000119994
5.28879e-05
4.03601e-05
0.000122129
0.000181398
0.000219357
0.000551477
0.000558514
0.000583368
0.000576883
0.000455597
0.000224978
8.37947e-06
0.000109811
0.000119994
5.28879e-05
4.03601e-05
0.000122129
0.000181398
0.000219357
0.000551477
0.000558514
0.000583368
0.000576883
0.000455597
0.000224978
8.37947e-06
0.000109811
0.000119994
5.28879e-05
4.03601e-05
0.000122129
0.000181398
0.000219357
0.000551477
0.000558514
0.000583368
0.000576883
0.000455597
0.000224978
8.37947e-06
0.000109811
0.000119994
5.28879e-05
4.03601e-05
0.000122129
0.000181398
0.000219357
0.000551477
0.000558514
0.000583368
0.000576883
0.000455597
0.000224978
8.37947e-06
0.000109811
0.000119994
5.28879e-05
4.03601e-05
0.000122129
0.000181398
0.000219357
0.000551477
0.000558514
0.000583368
0.000576883
0.000455597
0.000224978
8.37947e-06
0.000109811
0.000119994
5.28879e-05
4.03601e-05
0.000122129
0.000181398
0.000219357
0.000551477
0.000558514
0.000583368
0.000576883
0.000455597
0.000224978
8.37947e-06
0.000109811
0.000119994
5.28879e-05
4.03601e-05
0.000122129
0.000181398
0.000219357
0.000551477
0.000558514
0.000583368
0.000576883
0.000455597
0.000224978
8.37947e-06
0.000109811
0.000119994
5.28879e-05
4.03601e-05
0.000122129
0.000181398
0.000219357
0.000551477
0.000558514
0.000583368
0.000576883
0.000455597
0.000224978
8.37947e-06
0.000109811
0.000119994
5.28879e-05
4.03601e-05
0.000122129
0.000181398
0.000219357
0.000551477
0.000558514
0.000583368
0.000576883
0.000455597
0.000224978
8.37947e-06
0.000109811
0.000119994
5.28879e-05
4.03601e-05
0.000122129
0.000181398
0.000219357
0.000551477
0.000558514
0.000583368
0.000576883
0.000455597
0.000224978
8.37947e-06
0.000109811
0.000119994
5.28879e-05
4.03601e-05
0.000122129
0.000181398
0.000219357
0.000551477
0.000558514
0.000583368
0.000576883
0.000455597
0.000224978
8.37947e-06
0.000109811
0.000119994
5.28879e-05
4.03601e-05
0.000122129
0.000181398
0.000219357
0.000551477
0.000558514
0.000583368
0.000576883
0.000455597
0.000224978
8.37947e-06
0.000109811
0.000119994
5.28879e-05
4.03601e-05
0.000122129
0.000181398
0.000219357
0.000551477
0.000558514
0.000583368
0.000576883
0.000455597
0.000224978
8.37947e-06
0.000109811
0.000119994
5.28879e-05
4.03601e-05
0.000122129
0.000181398
0.000219357
0.000551477
0.000558514
0.000583368
0.000576883
0.000455597
0.000224978
8.37947e-06
0.000109811
0.000119994
5.28879e-05
4.03601e-05
0.000122129
0.000181398
0.000219357
0.000551477
0.000558514
0.000583368
0.000576883
0.000455597
0.000224978
8.37947e-06
0.000109811
0.000119994
5.28879e-05
4.03601e-05
0.000122129
0.000181398
0.000219357
0.000551477
0.000558514
0.000583368
0.000576883
0.000455597
0.000224978
8.37947e-06
0.000109811
0.000119994
5.28879e-05
4.03601e-05
0.000122129
0.000181398
0.000219357
0.000551477
0.000558514
0.000583368
0.000576883
0.000455597
0.000224978
8.37947e-06
0.000109811
0.000119994
5.28879e-05
4.03601e-05
0.000122129
0.000181398
0.000219357
0.000551477
0.000558514
0.000583368
0.000576883
0.000455597
0.000224978
8.37947e-06
0.000109811
0.000119994
5.28879e-05
4.03601e-05
0.000122129
0.000181398
0.000219357
0.000551477
0.000558514
0.000583368
0.000576883
0.000455597
0.000224978
8.37947e-06
0.000109811
0.000119994
5.28879e-05
4.03601e-05
0.000122129
0.000181398
0.000219357
0.000551477
0.000558514
0.000583368
0.000576883
0.000455597
0.000224978
8.37947e-06
0.000109811
0.000119994
5.28879e-05
4.03601e-05
0.000122129
0.000181398
0.000219357
0.000551477
0.000558514
0.000583368
0.000576883
0.000455597
0.000224978
8.37947e-06
0.000109811
0.000119994
5.28879e-05
4.03601e-05
0.000122129
0.000181398
0.000219357
0.000551477
0.000558514
0.000583368
0.000576883
0.000455597
0.000224978
8.37947e-06
0.000109811
0.000119994
5.28879e-05
4.03601e-05
0.000122129
0.000181398
0.000219357
0.000551477
0.000558514
0.000583368
0.000576883
0.000455597
0.000224978
8.37947e-06
0.000109811
0.000119994
5.28879e-05
4.03601e-05
0.000122129
0.000181398
0.000219357
0.000551477
0.000558514
0.000583368
0.000576883
0.000455597
0.000224978
8.37947e-06
0.000109811
0.000119994
5.28879e-05
4.03601e-05
0.000122129
0.000181398
0.000219357
0.000367651
0.000372342
0.00038891
0.000384584
0.000303728
0.000149986
5.59469e-06
7.31927e-05
7.99819e-05
3.52527e-05
2.68959e-05
8.13866e-05
0.000120877
0.000146165
0.000367651
0.000362804
0.000276152
7.39617e-05
0.00086094
0.00201993
0.00309371
0.00347222
0.00269255
0.000713784
0.0017018
0.0029601
0.00157118
0.0023336
0.000367651
0.000356846
0.000285111
9.30328e-05
0.000265577
0.000736878
0.00114998
0.00133984
0.00120397
0.000736273
8.3537e-05
0.000439109
0.000449504
0.000302343
0.000367651
0.000363429
0.000331746
0.000231556
2.00235e-05
0.000269651
0.000519371
0.000639885
0.000597495
0.00040656
0.000136579
9.72757e-05
0.000160269
5.37529e-05
0.000367651
0.000367707
0.000359522
0.000306979
0.000162172
5.5592e-05
0.000247275
0.000343818
0.000329126
0.00022241
7.26026e-05
5.91849e-05
0.000113179
4.28056e-05
0.000367651
0.000369991
0.000374064
0.000345582
0.000233039
4.8104e-05
0.000118785
0.000205733
0.000202354
0.000128922
2.6429e-05
6.38464e-05
0.000110771
9.29771e-05
0.000367651
0.000371159
0.000381454
0.000365041
0.000268408
9.92555e-05
5.61197e-05
0.000138816
0.000140643
8.2082e-05
5.67567e-07
7.11305e-05
0.000114336
0.000119136
0.000367651
0.000371749
0.000385174
0.000374803
0.000286074
0.000124672
2.51481e-05
0.000105848
0.000110184
5.8663e-05
1.29747e-05
7.59017e-05
0.000117244
0.000132536
0.000367651
0.000372045
0.00038704
0.000379691
0.000294903
0.000137341
9.74863e-06
8.94821e-05
9.50515e-05
4.69564e-05
1.98892e-05
7.85567e-05
0.000118971
0.000139321
0.000367651
0.000372194
0.000387975
0.000382137
0.000299315
0.000143667
2.07002e-06
8.13279e-05
8.75089e-05
4.11042e-05
2.33812e-05
7.995e-05
0.000119902
0.000142735
0.000367651
0.000372268
0.000388442
0.00038336
0.000301522
0.000146827
1.76407e-06
7.72579e-05
8.37434e-05
3.81783e-05
2.51358e-05
8.06629e-05
0.000120384
0.000144448
0.000367651
0.000372305
0.000388676
0.000383972
0.000302625
0.000148407
3.67981e-06
7.52247e-05
8.18622e-05
3.67155e-05
2.60151e-05
8.10234e-05
0.000120629
0.000145306
0.000367651
0.000372324
0.000388793
0.000384278
0.000303176
0.000149196
4.63736e-06
7.42086e-05
8.09219e-05
3.59841e-05
2.64554e-05
8.12047e-05
0.000120753
0.000145735
0.000367651
0.000372333
0.000388851
0.000384431
0.000303452
0.000149591
5.11605e-06
7.37006e-05
8.04519e-05
3.56184e-05
2.66756e-05
8.12956e-05
0.000120815
0.00014595
0.000367651
0.000372338
0.000388881
0.000384508
0.00030359
0.000149789
5.35538e-06
7.34467e-05
8.02169e-05
3.54355e-05
2.67858e-05
8.13411e-05
0.000120846
0.000146057
0.000367651
0.00037234
0.000388895
0.000384546
0.000303659
0.000149887
5.47504e-06
7.33197e-05
8.00994e-05
3.53441e-05
2.68408e-05
8.13638e-05
0.000120861
0.000146111
0.000367651
0.000372341
0.000388902
0.000384565
0.000303693
0.000149937
5.53487e-06
7.32562e-05
8.00406e-05
3.52984e-05
2.68684e-05
8.13752e-05
0.000120869
0.000146138
0.000367651
0.000372342
0.000388906
0.000384575
0.00030371
0.000149961
5.56478e-06
7.32245e-05
8.00113e-05
3.52755e-05
2.68822e-05
8.13809e-05
0.000120873
0.000146151
0.000367651
0.000372342
0.000388908
0.000384579
0.000303719
0.000149974
5.57974e-06
7.32086e-05
7.99966e-05
3.52641e-05
2.68891e-05
8.13838e-05
0.000120875
0.000146158
0.000367651
0.000372342
0.000388909
0.000384582
0.000303723
0.00014998
5.58722e-06
7.32007e-05
7.99892e-05
3.52584e-05
2.68925e-05
8.13852e-05
0.000120876
0.000146161
0.000367651
0.000372342
0.000388909
0.000384583
0.000303725
0.000149983
5.59096e-06
7.31967e-05
7.99856e-05
3.52555e-05
2.68942e-05
8.13859e-05
0.000120876
0.000146163
0.000367651
0.000372342
0.00038891
0.000384583
0.000303727
0.000149985
5.59283e-06
7.31947e-05
7.99837e-05
3.52541e-05
2.68951e-05
8.13862e-05
0.000120877
0.000146164
0.000367651
0.000372342
0.00038891
0.000384584
0.000303727
0.000149985
5.59376e-06
7.31937e-05
7.99828e-05
3.52534e-05
2.68955e-05
8.13864e-05
0.000120877
0.000146164
0.000367651
0.000372342
0.00038891
0.000384584
0.000303727
0.000149986
5.59423e-06
7.31932e-05
7.99824e-05
3.5253e-05
2.68957e-05
8.13865e-05
0.000120877
0.000146165
0.000367651
0.000372342
0.00038891
0.000384584
0.000303728
0.000149986
5.59446e-06
7.3193e-05
7.99821e-05
3.52529e-05
2.68958e-05
8.13866e-05
0.000120877
0.000146165
0.000367651
0.000372342
0.00038891
0.000384584
0.000303728
0.000149986
5.59458e-06
7.31928e-05
7.9982e-05
3.52528e-05
2.68959e-05
8.13866e-05
0.000120877
0.000146165
0.000367651
0.000372342
0.00038891
0.000384584
0.000303728
0.000149986
5.59464e-06
7.31928e-05
7.9982e-05
3.52527e-05
2.68959e-05
8.13866e-05
0.000120877
0.000146165
0.000367651
0.000372342
0.00038891
0.000384584
0.000303728
0.000149986
5.59467e-06
7.31928e-05
7.99819e-05
3.52527e-05
2.68959e-05
8.13866e-05
0.000120877
0.000146165
0.000367651
0.000372342
0.00038891
0.000384584
0.000303728
0.000149986
5.59468e-06
7.31927e-05
7.99819e-05
3.52527e-05
2.68959e-05
8.13866e-05
0.000120877
0.000146165
0.000367651
0.000372342
0.00038891
0.000384584
0.000303728
0.000149986
5.59469e-06
7.31927e-05
7.99819e-05
3.52527e-05
2.68959e-05
8.13866e-05
0.000120877
0.000146165
0.000367651
0.000372342
0.00038891
0.000384584
0.000303728
0.000149986
5.59469e-06
7.31927e-05
7.99819e-05
3.52527e-05
2.68959e-05
8.13866e-05
0.000120877
0.000146165
0.000367651
0.000372342
0.00038891
0.000384584
0.000303728
0.000149986
5.59469e-06
7.31927e-05
7.99819e-05
3.52527e-05
2.68959e-05
8.13866e-05
0.000120877
0.000146165
0.000367651
0.000372342
0.00038891
0.000384584
0.000303728
0.000149986
5.59469e-06
7.31927e-05
7.99819e-05
3.52527e-05
2.68959e-05
8.13866e-05
0.000120877
0.000146165
0.000367651
0.000372342
0.00038891
0.000384584
0.000303728
0.000149986
5.59469e-06
7.31927e-05
7.99819e-05
3.52527e-05
2.68959e-05
8.13866e-05
0.000120877
0.000146165
0.000367651
0.000372342
0.00038891
0.000384584
0.000303728
0.000149986
5.59469e-06
7.31927e-05
7.99819e-05
3.52527e-05
2.68959e-05
8.13866e-05
0.000120877
0.000146165
0.000367651
0.000372342
0.00038891
0.000384584
0.000303728
0.000149986
5.59469e-06
7.31927e-05
7.99819e-05
3.52527e-05
2.68959e-05
8.13866e-05
0.000120877
0.000146165
0.000367651
0.000372342
0.00038891
0.000384584
0.000303728
0.000149986
5.59469e-06
7.31927e-05
7.99819e-05
3.52527e-05
2.68959e-05
8.13866e-05
0.000120877
0.000146165
0.000367651
0.000372342
0.00038891
0.000384584
0.000303728
0.000149986
5.59469e-06
7.31927e-05
7.99819e-05
3.52527e-05
2.68959e-05
8.13866e-05
0.000120877
0.000146165
0.000367651
0.000372342
0.00038891
0.000384584
0.000303728
0.000149986
5.59469e-06
7.31927e-05
7.99819e-05
3.52527e-05
2.68959e-05
8.13866e-05
0.000120877
0.000146165
0.000367651
0.000372342
0.00038891
0.000384584
0.000303728
0.000149986
5.59469e-06
7.31927e-05
7.99819e-05
3.52527e-05
2.68959e-05
8.13866e-05
0.000120877
0.000146165
0.000367651
0.000372342
0.00038891
0.000384584
0.000303728
0.000149986
5.59469e-06
7.31927e-05
7.99819e-05
3.52527e-05
2.68959e-05
8.13866e-05
0.000120877
0.000146165
0.000367651
0.000372342
0.00038891
0.000384584
0.000303728
0.000149986
5.59469e-06
7.31927e-05
7.99819e-05
3.52527e-05
2.68959e-05
8.13866e-05
0.000120877
0.000146165
0.000367651
0.000372342
0.00038891
0.000384584
0.000303728
0.000149986
5.59469e-06
7.31927e-05
7.99819e-05
3.52527e-05
2.68959e-05
8.13866e-05
0.000120877
0.000146165
0.000367651
0.000372342
0.00038891
0.000384584
0.000303728
0.000149986
5.59469e-06
7.31927e-05
7.99819e-05
3.52527e-05
2.68959e-05
8.13866e-05
0.000120877
0.000146165
0.000367651
0.000372342
0.00038891
0.000384584
0.000303728
0.000149986
5.59469e-06
7.31927e-05
7.99819e-05
3.52527e-05
2.68959e-05
8.13866e-05
0.000120877
0.000146165
0.000367651
0.000372342
0.00038891
0.000384584
0.000303728
0.000149986
5.59469e-06
7.31927e-05
7.99819e-05
3.52527e-05
2.68959e-05
8.13866e-05
0.000120877
0.000146165
0.000367651
0.000372342
0.00038891
0.000384584
0.000303728
0.000149986
5.59469e-06
7.31927e-05
7.99819e-05
3.52527e-05
2.68959e-05
8.13866e-05
0.000120877
0.000146165
0.000367651
0.000372342
0.00038891
0.000384584
0.000303728
0.000149986
5.59469e-06
7.31927e-05
7.99819e-05
3.52527e-05
2.68959e-05
8.13866e-05
0.000120877
0.000146165
0.000367651
0.000372342
0.00038891
0.000384584
0.000303728
0.000149986
5.59469e-06
7.31927e-05
7.99819e-05
3.52527e-05
2.68959e-05
8.13866e-05
0.000120877
0.000146165
0.000367651
0.000372342
0.00038891
0.000384584
0.000303728
0.000149986
5.59469e-06
7.31927e-05
7.99819e-05
3.52527e-05
2.68959e-05
8.13866e-05
0.000120877
0.000146165
0.000367651
0.000372342
0.00038891
0.000384584
0.000303728
0.000149986
5.59469e-06
7.31927e-05
7.99819e-05
3.52527e-05
2.68959e-05
8.13866e-05
0.000120877
0.000146165
0.000367651
0.000372342
0.00038891
0.000384584
0.000303728
0.000149986
5.59469e-06
7.31927e-05
7.99819e-05
3.52527e-05
2.68959e-05
8.13866e-05
0.000120877
0.000146165
0.000367651
0.000372342
0.00038891
0.000384584
0.000303728
0.000149986
5.59469e-06
7.31927e-05
7.99819e-05
3.52527e-05
2.68959e-05
8.13866e-05
0.000120877
0.000146165
0.000367651
0.000372342
0.00038891
0.000384584
0.000303728
0.000149986
5.59469e-06
7.31927e-05
7.99819e-05
3.52527e-05
2.68959e-05
8.13866e-05
0.000120877
0.000146165
0.000367651
0.000372342
0.00038891
0.000384584
0.000303728
0.000149986
5.59469e-06
7.31927e-05
7.99819e-05
3.52527e-05
2.68959e-05
8.13866e-05
0.000120877
0.000146165
0.000367651
0.000372342
0.00038891
0.000384584
0.000303728
0.000149986
5.59469e-06
7.31927e-05
7.99819e-05
3.52527e-05
2.68959e-05
8.13866e-05
0.000120877
0.000146165
0.000367651
0.000372342
0.00038891
0.000384584
0.000303728
0.000149986
5.59469e-06
7.31927e-05
7.99819e-05
3.52527e-05
2.68959e-05
8.13866e-05
0.000120877
0.000146165
0.000367651
0.000372342
0.00038891
0.000384584
0.000303728
0.000149986
5.59469e-06
7.31927e-05
7.99819e-05
3.52527e-05
2.68959e-05
8.13866e-05
0.000120877
0.000146165
0.000367651
0.000372342
0.00038891
0.000384584
0.000303728
0.000149986
5.59469e-06
7.31927e-05
7.99819e-05
3.52527e-05
2.68959e-05
8.13866e-05
0.000120877
0.000146165
0.000367651
0.000372342
0.00038891
0.000384584
0.000303728
0.000149986
5.59469e-06
7.31927e-05
7.99819e-05
3.52527e-05
2.68959e-05
8.13866e-05
0.000120877
0.000146165
0.000367651
0.000372342
0.00038891
0.000384584
0.000303728
0.000149986
5.59469e-06
7.31927e-05
7.99819e-05
3.52527e-05
2.68959e-05
8.13866e-05
0.000120877
0.000146165
0.000367651
0.000372342
0.00038891
0.000384584
0.000303728
0.000149986
5.59469e-06
7.31927e-05
7.99819e-05
3.52527e-05
2.68959e-05
8.13866e-05
0.000120877
0.000146165
0.000367651
0.000372342
0.00038891
0.000384584
0.000303728
0.000149986
5.59469e-06
7.31927e-05
7.99819e-05
3.52527e-05
2.68959e-05
8.13866e-05
0.000120877
0.000146165
0.000367651
0.000372342
0.00038891
0.000384584
0.000303728
0.000149986
5.59469e-06
7.31927e-05
7.99819e-05
3.52527e-05
2.68959e-05
8.13866e-05
0.000120877
0.000146165
0.000367651
0.000372342
0.00038891
0.000384584
0.000303728
0.000149986
5.59469e-06
7.31927e-05
7.99819e-05
3.52527e-05
2.68959e-05
8.13866e-05
0.000120877
0.000146165
0.000367651
0.000372342
0.00038891
0.000384584
0.000303728
0.000149986
5.59469e-06
7.31927e-05
7.99819e-05
3.52527e-05
2.68959e-05
8.13866e-05
0.000120877
0.000146165
0.000367651
0.000372342
0.00038891
0.000384584
0.000303728
0.000149986
5.59469e-06
7.31927e-05
7.99819e-05
3.52527e-05
2.68959e-05
8.13866e-05
0.000120877
0.000146165
0.000367651
0.000372342
0.00038891
0.000384584
0.000303728
0.000149986
5.59469e-06
7.31927e-05
7.99819e-05
3.52527e-05
2.68959e-05
8.13866e-05
0.000120877
0.000146165
0.000367651
0.000372342
0.00038891
0.000384584
0.000303728
0.000149986
5.59469e-06
7.31927e-05
7.99819e-05
3.52527e-05
2.68959e-05
8.13866e-05
0.000120877
0.000146165
0.000367651
0.000372342
0.00038891
0.000384584
0.000303728
0.000149986
5.59469e-06
7.31927e-05
7.99819e-05
3.52527e-05
2.68959e-05
8.13866e-05
0.000120877
0.000146165
0.000367651
0.000372342
0.00038891
0.000384584
0.000303728
0.000149986
5.59469e-06
7.31927e-05
7.99819e-05
3.52527e-05
2.68959e-05
8.13866e-05
0.000120877
0.000146165
0.000367651
0.000372342
0.00038891
0.000384584
0.000303728
0.000149986
5.59469e-06
7.31927e-05
7.99819e-05
3.52527e-05
2.68959e-05
8.13866e-05
0.000120877
0.000146165
0.000367651
0.000372342
0.00038891
0.000384584
0.000303728
0.000149986
5.59469e-06
7.31927e-05
7.99819e-05
3.52527e-05
2.68959e-05
8.13866e-05
0.000120877
0.000146165
0.000367651
0.000372342
0.00038891
0.000384584
0.000303728
0.000149986
5.59469e-06
7.31927e-05
7.99819e-05
3.52527e-05
2.68959e-05
8.13866e-05
0.000120877
0.000146165
0.000367651
0.000372342
0.00038891
0.000384584
0.000303728
0.000149986
5.59469e-06
7.31927e-05
7.99819e-05
3.52527e-05
2.68959e-05
8.13866e-05
0.000120877
0.000146165
0.000367651
0.000372342
0.00038891
0.000384584
0.000303728
0.000149986
5.59469e-06
7.31927e-05
7.99819e-05
3.52527e-05
2.68959e-05
8.13866e-05
0.000120877
0.000146165
0.000367651
0.000372342
0.00038891
0.000384584
0.000303728
0.000149986
5.59469e-06
7.31927e-05
7.99819e-05
3.52527e-05
2.68959e-05
8.13866e-05
0.000120877
0.000146165
0.000367651
0.000372342
0.00038891
0.000384584
0.000303728
0.000149986
5.59469e-06
7.31927e-05
7.99819e-05
3.52527e-05
2.68959e-05
8.13866e-05
0.000120877
0.000146165
0.000367651
0.000372342
0.00038891
0.000384584
0.000303728
0.000149986
5.59469e-06
7.31927e-05
7.99819e-05
3.52527e-05
2.68959e-05
8.13866e-05
0.000120877
0.000146165
0.000367651
0.000372342
0.00038891
0.000384584
0.000303728
0.000149986
5.59469e-06
7.31927e-05
7.99819e-05
3.52527e-05
2.68959e-05
8.13866e-05
0.000120877
0.000146165
0.000367651
0.000372342
0.00038891
0.000384584
0.000303728
0.000149986
5.59469e-06
7.31927e-05
7.99819e-05
3.52527e-05
2.68959e-05
8.13866e-05
0.000120877
0.000146165
0.000367651
0.000372342
0.00038891
0.000384584
0.000303728
0.000149986
5.59469e-06
7.31927e-05
7.99819e-05
3.52527e-05
2.68959e-05
8.13866e-05
0.000120877
0.000146165
0.000367651
0.000372342
0.00038891
0.000384584
0.000303728
0.000149986
5.59469e-06
7.31927e-05
7.99819e-05
3.52527e-05
2.68959e-05
8.13866e-05
0.000120877
0.000146165
0.000367651
0.000372342
0.00038891
0.000384584
0.000303728
0.000149986
5.59469e-06
7.31927e-05
7.99819e-05
3.52527e-05
2.68959e-05
8.13866e-05
0.000120877
0.000146165
0.000367651
0.000372342
0.00038891
0.000384584
0.000303728
0.000149986
5.59469e-06
7.31927e-05
7.99819e-05
3.52527e-05
2.68959e-05
8.13866e-05
0.000120877
0.000146165
0.000367651
0.000372342
0.00038891
0.000384584
0.000303728
0.000149986
5.59469e-06
7.31927e-05
7.99819e-05
3.52527e-05
2.68959e-05
8.13866e-05
0.000120877
0.000146165
0.000367651
0.000372342
0.00038891
0.000384584
0.000303728
0.000149986
5.59469e-06
7.31927e-05
7.99819e-05
3.52527e-05
2.68959e-05
8.13866e-05
0.000120877
0.000146165
0.000367651
0.000372342
0.00038891
0.000384584
0.000303728
0.000149986
5.59469e-06
7.31927e-05
7.99819e-05
3.52527e-05
2.68959e-05
8.13866e-05
0.000120877
0.000146165
0.000367651
0.000372342
0.00038891
0.000384584
0.000303728
0.000149986
5.59469e-06
7.31927e-05
7.99819e-05
3.52527e-05
2.68959e-05
8.13866e-05
0.000120877
0.000146165
0.000367651
0.000372342
0.00038891
0.000384584
0.000303728
0.000149986
5.59469e-06
7.31927e-05
7.99819e-05
3.52527e-05
2.68959e-05
8.13866e-05
0.000120877
0.000146165
0.000367651
0.000372342
0.00038891
0.000384584
0.000303728
0.000149986
5.59469e-06
7.31927e-05
7.99819e-05
3.52527e-05
2.68959e-05
8.13866e-05
0.000120877
0.000146165
0.000367651
0.000372342
0.00038891
0.000384584
0.000303728
0.000149986
5.59469e-06
7.31927e-05
7.99819e-05
3.52527e-05
2.68959e-05
8.13866e-05
0.000120877
0.000146165
0.000367651
0.000372342
0.00038891
0.000384584
0.000303728
0.000149986
5.59469e-06
7.31927e-05
7.99819e-05
3.52527e-05
2.68959e-05
8.13866e-05
0.000120877
0.000146165
0.000367651
0.000372342
0.00038891
0.000384584
0.000303728
0.000149986
5.59469e-06
7.31927e-05
7.99819e-05
3.52527e-05
2.68959e-05
8.13866e-05
0.000120877
0.000146165
0.000367651
0.000372342
0.00038891
0.000384584
0.000303728
0.000149986
5.59469e-06
7.31927e-05
7.99819e-05
3.52527e-05
2.68959e-05
8.13866e-05
0.000120877
0.000146165
0.000367651
0.000372342
0.00038891
0.000384584
0.000303728
0.000149986
5.59469e-06
7.31927e-05
7.99819e-05
3.52527e-05
2.68959e-05
8.13866e-05
0.000120877
0.000146165
0.000367651
0.000372342
0.00038891
0.000384584
0.000303728
0.000149986
5.59469e-06
7.31927e-05
7.99819e-05
3.52527e-05
2.68959e-05
8.13866e-05
0.000120877
0.000146165
0.000367651
0.000372342
0.00038891
0.000384584
0.000303728
0.000149986
5.59469e-06
7.31927e-05
7.99819e-05
3.52527e-05
2.68959e-05
8.13866e-05
0.000120877
0.000146165
0.000367651
0.000372342
0.00038891
0.000384584
0.000303728
0.000149986
5.59469e-06
7.31927e-05
7.99819e-05
3.52527e-05
2.68959e-05
8.13866e-05
0.000120877
0.000146165
0.000367651
0.000372342
0.00038891
0.000384584
0.000303728
0.000149986
5.59469e-06
7.31927e-05
7.99819e-05
3.52527e-05
2.68959e-05
8.13866e-05
0.000120877
0.000146165
0.000367651
0.000372342
0.00038891
0.000384584
0.000303728
0.000149986
5.59469e-06
7.31927e-05
7.99819e-05
3.52527e-05
2.68959e-05
8.13866e-05
0.000120877
0.000146165
0.000367651
0.000372342
0.00038891
0.000384584
0.000303728
0.000149986
5.59469e-06
7.31927e-05
7.99819e-05
3.52527e-05
2.68959e-05
8.13866e-05
0.000120877
0.000146165
0.000367651
0.000372342
0.00038891
0.000384584
0.000303728
0.000149986
5.59469e-06
7.31927e-05
7.99819e-05
3.52527e-05
2.68959e-05
8.13866e-05
0.000120877
0.000146165
0.000367651
0.000372342
0.00038891
0.000384584
0.000303728
0.000149986
5.59469e-06
7.31927e-05
7.99819e-05
3.52527e-05
2.68959e-05
8.13866e-05
0.000120877
0.000146165
0.000367651
0.000372342
0.00038891
0.000384584
0.000303728
0.000149986
5.59469e-06
7.31927e-05
7.99819e-05
3.52527e-05
2.68959e-05
8.13866e-05
0.000120877
0.000146165
0.000367651
0.000372342
0.00038891
0.000384584
0.000303728
0.000149986
5.59469e-06
7.31927e-05
7.99819e-05
3.52527e-05
2.68959e-05
8.13866e-05
0.000120877
0.000146165
0.000367651
0.000372342
0.00038891
0.000384584
0.000303728
0.000149986
5.59469e-06
7.31927e-05
7.99819e-05
3.52527e-05
2.68959e-05
8.13866e-05
0.000120877
0.000146165
0.000367651
0.000372342
0.00038891
0.000384584
0.000303728
0.000149986
5.59469e-06
7.31927e-05
7.99819e-05
3.52527e-05
2.68959e-05
8.13866e-05
0.000120877
0.000146165
0.000367651
0.000372342
0.00038891
0.000384584
0.000303728
0.000149986
5.59469e-06
7.31927e-05
7.99819e-05
3.52527e-05
2.68959e-05
8.13866e-05
0.000120877
0.000146165
0.000367651
0.000372342
0.00038891
0.000384584
0.000303728
0.000149986
5.59469e-06
7.31927e-05
7.99819e-05
3.52527e-05
2.68959e-05
8.13866e-05
0.000120877
0.000146165
0.000367651
0.000372342
0.00038891
0.000384584
0.000303728
0.000149986
5.59469e-06
7.31927e-05
7.99819e-05
3.52527e-05
2.68959e-05
8.13866e-05
0.000120877
0.000146165
0.000367651
0.000372342
0.00038891
0.000384584
0.000303728
0.000149986
5.59469e-06
7.31927e-05
7.99819e-05
3.52527e-05
2.68959e-05
8.13866e-05
0.000120877
0.000146165
0.000367651
0.000372342
0.00038891
0.000384584
0.000303728
0.000149986
5.59469e-06
7.31927e-05
7.99819e-05
3.52527e-05
2.68959e-05
8.13866e-05
0.000120877
0.000146165
0.000367651
0.000372342
0.00038891
0.000384584
0.000303728
0.000149986
5.59469e-06
7.31927e-05
7.99819e-05
3.52527e-05
2.68959e-05
8.13866e-05
0.000120877
0.000146165
0.000367651
0.000372342
0.00038891
0.000384584
0.000303728
0.000149986
5.59469e-06
7.31927e-05
7.99819e-05
3.52527e-05
2.68959e-05
8.13866e-05
0.000120877
0.000146165
0.000367651
0.000372342
0.00038891
0.000384584
0.000303728
0.000149986
5.59469e-06
7.31927e-05
7.99819e-05
3.52527e-05
2.68959e-05
8.13866e-05
0.000120877
0.000146165
0.000367651
0.000372342
0.00038891
0.000384584
0.000303728
0.000149986
5.59469e-06
7.31927e-05
7.99819e-05
3.52527e-05
2.68959e-05
8.13866e-05
0.000120877
0.000146165
0.000367651
0.000372342
0.00038891
0.000384584
0.000303728
0.000149986
5.59469e-06
7.31927e-05
7.99819e-05
3.52527e-05
2.68959e-05
8.13866e-05
0.000120877
0.000146165
0.000367651
0.000372342
0.00038891
0.000384584
0.000303728
0.000149986
5.59469e-06
7.31927e-05
7.99819e-05
3.52527e-05
2.68959e-05
8.13866e-05
0.000120877
0.000146165
0.000367651
0.000372342
0.00038891
0.000384584
0.000303728
0.000149986
5.59469e-06
7.31927e-05
7.99819e-05
3.52527e-05
2.68959e-05
8.13866e-05
0.000120877
0.000146165
0.000367651
0.000372342
0.00038891
0.000384584
0.000303728
0.000149986
5.59469e-06
7.31927e-05
7.99819e-05
3.52527e-05
2.68959e-05
8.13866e-05
0.000120877
0.000146165
