0.00142162
0.00139505
0.00124473
0.000915316
0.000439647
0
0.00023855
0.000301912
0.000258973
0.000142002
0
0.000103278
0.000136659
0.000109186
0.00142162
0.00139153
0.00119642
0.000695104
0.000175467
0.00120847
0.00200227
0.002248
0.00173592
0.000514162
0.000835354
0.00153014
0.000883195
0.00131781
0.00142162
0.00138819
0.00119691
0.000771961
0.000143715
0.000470611
0.000851281
0.000972611
0.000854274
0.000509725
5.2046e-05
0.000294526
0.000311794
0.000130621
0.00142162
0.00139106
0.00121823
0.000840188
0.000293624
0.000218989
0.00051084
0.000594557
0.000526573
0.000333493
8.18523e-05
0.000115358
0.000159778
3.10885e-06
0.00142162
0.00139296
0.00123109
0.000877298
0.00036717
0.000106493
0.000368546
0.000440287
0.000386534
0.000237752
4.99351e-05
9.36806e-05
0.000133953
5.46142e-05
0.00142162
0.00139399
0.00123784
0.000896233
0.000403551
5.25924e-05
0.000302233
0.000369383
0.000321347
0.000189739
2.67538e-05
9.51435e-05
0.000132051
8.1185e-05
0.00142162
0.00139451
0.00124127
0.000905761
0.000421635
2.61429e-05
0.000270087
0.000335248
0.000289827
0.000165824
1.37734e-05
9.84426e-05
0.000133581
9.49786e-05
0.00142162
0.00139478
0.001243
0.000910535
0.00043065
1.30343e-05
0.000254245
0.000318484
0.000274319
0.0001539
6.98004e-06
0.000100676
0.000134932
0.000102028
0.00142162
0.00139491
0.00124386
0.000912925
0.000435151
6.50798e-06
0.000246379
0.000310174
0.000266626
0.000147948
3.51266e-06
0.000101932
0.000135749
0.000105593
0.00142162
0.00139498
0.0012443
0.00091412
0.000437399
3.25172e-06
0.00024246
0.000306037
0.000262795
0.000144974
1.7619e-06
0.000102594
0.000136192
0.000107386
0.00142162
0.00139501
0.00124451
0.000914718
0.000438523
1.6253e-06
0.000240504
0.000303973
0.000260883
0.000143488
8.82334e-07
0.000102933
0.000136422
0.000108285
0.00142162
0.00139503
0.00124462
0.000915017
0.000439085
8.12507e-07
0.000239527
0.000302942
0.000259928
0.000142745
4.41511e-07
0.000103105
0.00013654
0.000108736
0.00142162
0.00139504
0.00124468
0.000915167
0.000439366
4.06218e-07
0.000239038
0.000302427
0.00025945
0.000142374
2.20842e-07
0.000103191
0.000136599
0.000108961
0.00142162
0.00139504
0.0012447
0.000915241
0.000439506
2.031e-07
0.000238794
0.00030217
0.000259212
0.000142188
1.10442e-07
0.000103235
0.000136629
0.000109074
0.00142162
0.00139505
0.00124472
0.000915279
0.000439576
1.01548e-07
0.000238672
0.000302041
0.000259092
0.000142095
5.52265e-08
0.000103256
0.000136644
0.00010913
0.00142162
0.00139505
0.00124472
0.000915297
0.000439612
5.07734e-08
0.000238611
0.000301976
0.000259033
0.000142049
2.76146e-08
0.000103267
0.000136651
0.000109158
0.00142162
0.00139505
0.00124473
0.000915307
0.000439629
2.53866e-08
0.00023858
0.000301944
0.000259003
0.000142025
0
0.000103273
0.000136655
0.000109172
0.00142162
0.00139505
0.00124473
0.000915311
0.000439638
0
0.000238565
0.000301928
0.000258988
0.000142014
0
0.000103275
0.000136657
0.000109179
0.00142162
0.00139505
0.00124473
0.000915314
0.000439642
0
0.000238557
0.00030192
0.000258981
0.000142008
0
0.000103277
0.000136658
0.000109183
0.00142162
0.00139505
0.00124473
0.000915315
0.000439644
0
0.000238554
0.000301916
0.000258977
0.000142005
0
0.000103277
0.000136658
0.000109184
0.00142162
0.00139505
0.00124473
0.000915315
0.000439646
0
0.000238552
0.000301914
0.000258975
0.000142004
0
0.000103278
0.000136658
0.000109185
0.00142162
0.00139505
0.00124473
0.000915316
0.000439646
0
0.000238551
0.000301913
0.000258974
0.000142003
0
0.000103278
0.000136658
0.000109186
0.00142162
0.00139505
0.00124473
0.000915316
0.000439646
0
0.00023855
0.000301913
0.000258974
0.000142003
0
0.000103278
0.000136658
0.000109186
0.00142162
0.00139505
0.00124473
0.000915316
0.000439646
0
0.00023855
0.000301912
0.000258973
0.000142002
0
0.000103278
0.000136659
0.000109186
0.00142162
0.00139505
0.00124473
0.000915316
0.000439647
0
0.00023855
0.000301912
0.000258973
0.000142002
0
0.000103278
0.000136659
0.000109186
0.00142162
0.00139505
0.00124473
0.000915316
0.000439647
0
0.00023855
0.000301912
0.000258973
0.000142002
0
0.000103278
0.000136659
0.000109186
0.00142162
0.00139505
0.00124473
0.000915316
0.000439647
0
0.00023855
0.000301912
0.000258973
0.000142002
0
0.000103278
0.000136659
0.000109186
0.00142162
0.00139505
0.00124473
0.000915316
0.000439647
0
0.00023855
0.000301912
0.000258973
0.000142002
0
0.000103278
0.000136659
0.000109186
0.00142162
0.00139505
0.00124473
0.000915316
0.000439647
0
0.00023855
0.000301912
0.000258973
0.000142002
0
0.000103278
0.000136659
0.000109186
0.00142162
0.00139505
0.00124473
0.000915316
0.000439647
0
0.00023855
0.000301912
0.000258973
0.000142002
0
0.000103278
0.000136659
0.000109186
0.00142162
0.00139505
0.00124473
0.000915316
0.000439647
0
0.00023855
0.000301912
0.000258973
0.000142002
0
0.000103278
0.000136659
0.000109186
0.00142162
0.00139505
0.00124473
0.000915316
0.000439647
0
0.00023855
0.000301912
0.000258973
0.000142002
0
0.000103278
0.000136659
0.000109186
0.00142162
0.00139505
0.00124473
0.000915316
0.000439647
0
0.00023855
0.000301912
0.000258973
0.000142002
0
0.000103278
0.000136659
0.000109186
0.00142162
0.00139505
0.00124473
0.000915316
0.000439647
0
0.00023855
0.000301912
0.000258973
0.000142002
0
0.000103278
0.000136659
0.000109186
0.00142162
0.00139505
0.00124473
0.000915316
0.000439647
0
0.00023855
0.000301912
0.000258973
0.000142002
0
0.000103278
0.000136659
0.000109186
0.00142162
0.00139505
0.00124473
0.000915316
0.000439647
0
0.00023855
0.000301912
0.000258973
0.000142002
0
0.000103278
0.000136659
0.000109186
0.00142162
0.00139505
0.00124473
0.000915316
0.000439647
0
0.00023855
0.000301912
0.000258973
0.000142002
0
0.000103278
0.000136659
0.000109186
0.00142162
0.00139505
0.00124473
0.000915316
0.000439647
0
0.00023855
0.000301912
0.000258973
0.000142002
0
0.000103278
0.000136659
0.000109186
0.00142162
0.00139505
0.00124473
0.000915316
0.000439647
0
0.00023855
0.000301912
0.000258973
0.000142002
0
0.000103278
0.000136659
0.000109186
0.00142162
0.00139505
0.00124473
0.000915316
0.000439647
0
0.00023855
0.000301912
0.000258973
0.000142002
0
0.000103278
0.000136659
0.000109186
0.00142162
0.00139505
0.00124473
0.000915316
0.000439647
0
0.00023855
0.000301912
0.000258973
0.000142002
0
0.000103278
0.000136659
0.000109186
0.00142162
0.00139505
0.00124473
0.000915316
0.000439647
0
0.00023855
0.000301912
0.000258973
0.000142002
0
0.000103278
0.000136659
0.000109186
0.00142162
0.00139505
0.00124473
0.000915316
0.000439647
0
0.00023855
0.000301912
0.000258973
0.000142002
0
0.000103278
0.000136659
0.000109186
0.00142162
0.00139505
0.00124473
0.000915316
0.000439647
0
0.00023855
0.000301912
0.000258973
0.000142002
0
0.000103278
0.000136659
0.000109186
0.00142162
0.00139505
0.00124473
0.000915316
0.000439647
0
0.00023855
0.000301912
0.000258973
0.000142002
0
0.000103278
0.000136659
0.000109186
0.00142162
0.00139505
0.00124473
0.000915316
0.000439647
0
0.00023855
0.000301912
0.000258973
0.000142002
0
0.000103278
0.000136659
0.000109186
0.00142162
0.00139505
0.00124473
0.000915316
0.000439647
0
0.00023855
0.000301912
0.000258973
0.000142002
0
0.000103278
0.000136659
0.000109186
0.00142162
0.00139505
0.00124473
0.000915316
0.000439647
0
0.00023855
0.000301912
0.000258973
0.000142002
0
0.000103278
0.000136659
0.000109186
0.00142162
0.00139505
0.00124473
0.000915316
0.000439647
0
0.00023855
0.000301912
0.000258973
0.000142002
0
0.000103278
0.000136659
0.000109186
0.00142162
0.00139505
0.00124473
0.000915316
0.000439647
0
0.00023855
0.000301912
0.000258973
0.000142002
0
0.000103278
0.000136659
0.000109186
0.00142162
0.00139505
0.00124473
0.000915316
0.000439647
0
0.00023855
0.000301912
0.000258973
0.000142002
0
0.000103278
0.000136659
0.000109186
0.00142162
0.00139505
0.00124473
0.000915316
0.000439647
0
0.00023855
0.000301912
0.000258973
0.000142002
0
0.000103278
0.000136659
0.000109186
0.00142162
0.00139505
0.00124473
0.000915316
0.000439647
0
0.00023855
0.000301912
0.000258973
0.000142002
0
0.000103278
0.000136659
0.000109186
0.00142162
0.00139505
0.00124473
0.000915316
0.000439647
0
0.00023855
0.000301912
0.000258973
0.000142002
0
0.000103278
0.000136659
0.000109186
0.00142162
0.00139505
0.00124473
0.000915316
0.000439647
0
0.00023855
0.000301912
0.000258973
0.000142002
0
0.000103278
0.000136659
0.000109186
0.00142162
0.00139505
0.00124473
0.000915316
0.000439647
0
0.00023855
0.000301912
0.000258973
0.000142002
0
0.000103278
0.000136659
0.000109186
0.00142162
0.00139505
0.00124473
0.000915316
0.000439647
0
0.00023855
0.000301912
0.000258973
0.000142002
0
0.000103278
0.000136659
0.000109186
0.00142162
0.00139505
0.00124473
0.000915316
0.000439647
0
0.00023855
0.000301912
0.000258973
0.000142002
0
0.000103278
0.000136659
0.000109186
0.00142162
0.00139505
0.00124473
0.000915316
0.000439647
0
0.00023855
0.000301912
0.000258973
0.000142002
0
0.000103278
0.000136659
0.000109186
0.00142162
0.00139505
0.00124473
0.000915316
0.000439647
0
0.00023855
0.000301912
0.000258973
0.000142002
0
0.000103278
0.000136659
0.000109186
0.00142162
0.00139505
0.00124473
0.000915316
0.000439647
0
0.00023855
0.000301912
0.000258973
0.000142002
0
0.000103278
0.000136659
0.000109186
0.00142162
0.00139505
0.00124473
0.000915316
0.000439647
0
0.00023855
0.000301912
0.000258973
0.000142002
0
0.000103278
0.000136659
0.000109186
0.00142162
0.00139505
0.00124473
0.000915316
0.000439647
0
0.00023855
0.000301912
0.000258973
0.000142002
0
0.000103278
0.000136659
0.000109186
0.00142162
0.00139505
0.00124473
0.000915316
0.000439647
0
0.00023855
0.000301912
0.000258973
0.000142002
0
0.000103278
0.000136659
0.000109186
0.00142162
0.00139505
0.00124473
0.000915316
0.000439647
0
0.00023855
0.000301912
0.000258973
0.000142002
0
0.000103278
0.000136659
0.000109186
0.00142162
0.00139505
0.00124473
0.000915316
0.000439647
0
0.00023855
0.000301912
0.000258973
0.000142002
0
0.000103278
0.000136659
0.000109186
0.00142162
0.00139505
0.00124473
0.000915316
0.000439647
0
0.00023855
0.000301912
0.000258973
0.000142002
0
0.000103278
0.000136659
0.000109186
0.00142162
0.00139505
0.00124473
0.000915316
0.000439647
0
0.00023855
0.000301912
0.000258973
0.000142002
0
0.000103278
0.000136659
0.000109186
0.00142162
0.00139505
0.00124473
0.000915316
0.000439647
0
0.00023855
0.000301912
0.000258973
0.000142002
0
0.000103278
0.000136659
0.000109186
0.00142162
0.00139505
0.00124473
0.000915316
0.000439647
0
0.00023855
0.000301912
0.000258973
0.000142002
0
0.000103278
0.000136659
0.000109186
0.00142162
0.00139505
0.00124473
0.000915316
0.000439647
0
0.00023855
0.000301912
0.000258973
0.000142002
0
0.000103278
0.000136659
0.000109186
0.00142162
0.00139505
0.00124473
0.000915316
0.000439647
0
0.00023855
0.000301912
0.000258973
0.000142002
0
0.000103278
0.000136659
0.000109186
0.00142162
0.00139505
0.00124473
0.000915316
0.000439647
0
0.00023855
0.000301912
0.000258973
0.000142002
0
0.000103278
0.000136659
0.000109186
0.00142162
0.00139505
0.00124473
0.000915316
0.000439647
0
0.00023855
0.000301912
0.000258973
0.000142002
0
0.000103278
0.000136659
0.000109186
0.00142162
0.00139505
0.00124473
0.000915316
0.000439647
0
0.00023855
0.000301912
0.000258973
0.000142002
0
0.000103278
0.000136659
0.000109186
0.00142162
0.00139505
0.00124473
0.000915316
0.000439647
0
0.00023855
0.000301912
0.000258973
0.000142002
0
0.000103278
0.000136659
0.000109186
0.00142162
0.00139505
0.00124473
0.000915316
0.000439647
0
0.00023855
0.000301912
0.000258973
0.000142002
0
0.000103278
0.000136659
0.000109186
0.00142162
0.00139505
0.00124473
0.000915316
0.000439647
0
0.00023855
0.000301912
0.000258973
0.000142002
0
0.000103278
0.000136659
0.000109186
0.00142162
0.00139505
0.00124473
0.000915316
0.000439647
0
0.00023855
0.000301912
0.000258973
0.000142002
0
0.000103278
0.000136659
0.000109186
0.00142162
0.00139505
0.00124473
0.000915316
0.000439647
0
0.00023855
0.000301912
0.000258973
0.000142002
0
0.000103278
0.000136659
0.000109186
0.00142162
0.00139505
0.00124473
0.000915316
0.000439647
0
0.00023855
0.000301912
0.000258973
0.000142002
0
0.000103278
0.000136659
0.000109186
0.00142162
0.00139505
0.00124473
0.000915316
0.000439647
0
0.00023855
0.000301912
0.000258973
0.000142002
0
0.000103278
0.000136659
0.000109186
0.00142162
0.00139505
0.00124473
0.000915316
0.000439647
0
0.00023855
0.000301912
0.000258973
0.000142002
0
0.000103278
0.000136659
0.000109186
0.00142162
0.00139505
0.00124473
0.000915316
0.000439647
0
0.00023855
0.000301912
0.000258973
0.000142002
0
0.000103278
0.000136659
0.000109186
0.00142162
0.00139505
0.00124473
0.000915316
0.000439647
0
0.00023855
0.000301912
0.000258973
0.000142002
0
0.000103278
0.000136659
0.000109186
0.00142162
0.00139505
0.00124473
0.000915316
0.000439647
0
0.00023855
0.000301912
0.000258973
0.000142002
0
0.000103278
0.000136659
0.000109186
0.00142162
0.00139505
0.00124473
0.000915316
0.000439647
0
0.00023855
0.000301912
0.000258973
0.000142002
0
0.000103278
0.000136659
0.000109186
0.00142162
0.00139505
0.00124473
0.000915316
0.000439647
0
0.00023855
0.000301912
0.000258973
0.000142002
0
0.000103278
0.000136659
0.000109186
0.00142162
0.00139505
0.00124473
0.000915316
0.000439647
0
0.00023855
0.000301912
0.000258973
0.000142002
0
0.000103278
0.000136659
0.000109186
0.00142162
0.00139505
0.00124473
0.000915316
0.000439647
0
0.00023855
0.000301912
0.000258973
0.000142002
0
0.000103278
0.000136659
0.000109186
0.00142162
0.00139505
0.00124473
0.000915316
0.000439647
0
0.00023855
0.000301912
0.000258973
0.000142002
0
0.000103278
0.000136659
0.000109186
0.00142162
0.00139505
0.00124473
0.000915316
0.000439647
0
0.00023855
0.000301912
0.000258973
0.000142002
0
0.000103278
0.000136659
0.000109186
0.00142162
0.00139505
0.00124473
0.000915316
0.000439647
0
0.00023855
0.000301912
0.000258973
0.000142002
0
0.000103278
0.000136659
0.000109186
0.00142162
0.00139505
0.00124473
0.000915316
0.000439647
0
0.00023855
0.000301912
0.000258973
0.000142002
0
0.000103278
0.000136659
0.000109186
0.00142162
0.00139505
0.00124473
0.000915316
0.000439647
0
0.00023855
0.000301912
0.000258973
0.000142002
0
0.000103278
0.000136659
0.000109186
0.00142162
0.00139505
0.00124473
0.000915316
0.000439647
0
0.00023855
0.000301912
0.000258973
0.000142002
0
0.000103278
0.000136659
0.000109186
0.00142162
0.00139505
0.00124473
0.000915316
0.000439647
0
0.00023855
0.000301912
0.000258973
0.000142002
0
0.000103278
0.000136659
0.000109186
0.00142162
0.00139505
0.00124473
0.000915316
0.000439647
0
0.00023855
0.000301912
0.000258973
0.000142002
0
0.000103278
0.000136659
0.000109186
0.00142162
0.00139505
0.00124473
0.000915316
0.000439647
0
0.00023855
0.000301912
0.000258973
0.000142002
0
0.000103278
0.000136659
0.000109186
0.00142162
0.00139505
0.00124473
0.000915316
0.000439647
0
0.00023855
0.000301912
0.000258973
0.000142002
0
0.000103278
0.000136659
0.000109186
0.00142162
0.00139505
0.00124473
0.000915316
0.000439647
0
0.00023855
0.000301912
0.000258973
0.000142002
0
0.000103278
0.000136659
0.000109186
0.00142162
0.00139505
0.00124473
0.000915316
0.000439647
0
0.00023855
0.000301912
0.000258973
0.000142002
0
0.000103278
0.000136659
0.000109186
0.00142162
0.00139505
0.00124473
0.000915316
0.000439647
0
0.00023855
0.000301912
0.000258973
0.000142002
0
0.000103278
0.000136659
0.000109186
0.00142162
0.00139505
0.00124473
0.000915316
0.000439647
0
0.00023855
0.000301912
0.000258973
0.000142002
0
0.000103278
0.000136659
0.000109186
0.00142162
0.00139505
0.00124473
0.000915316
0.000439647
0
0.00023855
0.000301912
0.000258973
0.000142002
0
0.000103278
0.000136659
0.000109186
0.00142162
0.00139505
0.00124473
0.000915316
0.000439647
0
0.00023855
0.000301912
0.000258973
0.000142002
0
0.000103278
0.000136659
0.000109186
0.00142162
0.00139505
0.00124473
0.000915316
0.000439647
0
0.00023855
0.000301912
0.000258973
0.000142002
0
0.000103278
0.000136659
0.000109186
0.00142162
0.00139505
0.00124473
0.000915316
0.000439647
0
0.00023855
0.000301912
0.000258973
0.000142002
0
0.000103278
0.000136659
0.000109186
0.00142162
0.00139505
0.00124473
0.000915316
0.000439647
0
0.00023855
0.000301912
0.000258973
0.000142002
0
0.000103278
0.000136659
0.000109186
0.00142162
0.00139505
0.00124473
0.000915316
0.000439647
0
0.00023855
0.000301912
0.000258973
0.000142002
0
0.000103278
0.000136659
0.000109186
0.00142162
0.00139505
0.00124473
0.000915316
0.000439647
0
0.00023855
0.000301912
0.000258973
0.000142002
0
0.000103278
0.000136659
0.000109186
0.00142162
0.00139505
0.00124473
0.000915316
0.000439647
0
0.00023855
0.000301912
0.000258973
0.000142002
0
0.000103278
0.000136659
0.000109186
0.00142162
0.00139505
0.00124473
0.000915316
0.000439647
0
0.00023855
0.000301912
0.000258973
0.000142002
0
0.000103278
0.000136659
0.000109186
0.00142162
0.00139505
0.00124473
0.000915316
0.000439647
0
0.00023855
0.000301912
0.000258973
0.000142002
0
0.000103278
0.000136659
0.000109186
0.00142162
0.00139505
0.00124473
0.000915316
0.000439647
0
0.00023855
0.000301912
0.000258973
0.000142002
0
0.000103278
0.000136659
0.000109186
0.00142162
0.00139505
0.00124473
0.000915316
0.000439647
0
0.00023855
0.000301912
0.000258973
0.000142002
0
0.000103278
0.000136659
0.000109186
0.00142162
0.00139505
0.00124473
0.000915316
0.000439647
0
0.00023855
0.000301912
0.000258973
0.000142002
0
0.000103278
0.000136659
0.000109186
0.00142162
0.00139505
0.00124473
0.000915316
0.000439647
0
0.00023855
0.000301912
0.000258973
0.000142002
0
0.000103278
0.000136659
0.000109186
0.00142162
0.00139505
0.00124473
0.000915316
0.000439647
0
0.00023855
0.000301912
0.000258973
0.000142002
0
0.000103278
0.000136659
0.000109186
0.00142162
0.00139505
0.00124473
0.000915316
0.000439647
0
0.00023855
0.000301912
0.000258973
0.000142002
0
0.000103278
0.000136659
0.000109186
0.00142162
0.00139505
0.00124473
0.000915316
0.000439647
0
0.00023855
0.000301912
0.000258973
0.000142002
0
0.000103278
0.000136659
0.000109186
0.00071081
0.000704421
0.000661187
0.000544382
0.000352846
0.000164562
4.69758e-05
1.45717e-05
3.79718e-05
1.90127e-05
3.1637e-05
8.71262e-05
0.000129857
0.000157096
0.00071081
0.000701089
0.000627583
0.000411889
1.3333e-05
0.000466594
0.000844848
0.000982681
0.00076483
0.000193329
0.000454994
0.000785411
0.000455944
0.000609187
0.00071081
0.000700364
0.000633694
0.000464652
0.00019323
8.27377e-05
0.00026889
0.000356936
0.000341714
0.000208393
8.66775e-07
0.000176405
0.000206564
2.53381e-05
0.00071081
0.000702144
0.000646354
0.000503318
0.000274666
4.92852e-05
9.45157e-05
0.000165615
0.00017626
0.000119019
1.29727e-05
8.95922e-05
0.000137047
9.99436e-05
0.00071081
0.000703246
0.000653621
0.000523733
0.000314155
0.000108464
2.08105e-05
8.63468e-05
0.00010426
6.92893e-05
4.57322e-06
8.04228e-05
0.000126459
0.000128045
0.00071081
0.000703826
0.000657379
0.000534046
0.000333601
0.000136848
1.37139e-05
4.96509e-05
7.04701e-05
4.41406e-05
1.71562e-05
8.20773e-05
0.000126555
0.000142271
0.00071081
0.000704122
0.000659278
0.000539213
0.000343249
0.000150784
3.04908e-05
3.19235e-05
5.40677e-05
3.15666e-05
2.41853e-05
8.42105e-05
0.000127824
0.000149593
0.00071081
0.000704271
0.000660231
0.000541798
0.000348054
0.000157692
3.87684e-05
2.32023e-05
4.59824e-05
2.52864e-05
2.78614e-05
8.55745e-05
0.000128748
0.00015332
0.00071081
0.000704346
0.000660709
0.00054309
0.000350452
0.000161132
4.28807e-05
1.88759e-05
4.19679e-05
2.21486e-05
2.97371e-05
8.63274e-05
0.00012928
0.000155202
0.00071081
0.000704383
0.000660948
0.000543736
0.000351649
0.000162848
4.49304e-05
1.6721e-05
3.99676e-05
2.05804e-05
3.06841e-05
8.67211e-05
0.000129563
0.000156148
0.00071081
0.000704402
0.000661068
0.000544059
0.000352248
0.000163706
4.59536e-05
1.56457e-05
3.89691e-05
1.97965e-05
3.11598e-05
8.69223e-05
0.000129709
0.000156622
0.00071081
0.000704411
0.000661128
0.00054422
0.000352547
0.000164134
4.64648e-05
1.51085e-05
3.84703e-05
1.94046e-05
3.13982e-05
8.70239e-05
0.000129783
0.000156859
0.00071081
0.000704416
0.000661157
0.000544301
0.000352697
0.000164348
4.67203e-05
1.484e-05
3.8221e-05
1.92086e-05
3.15176e-05
8.7075e-05
0.00012982
0.000156978
0.00071081
0.000704418
0.000661172
0.000544342
0.000352771
0.000164455
4.68481e-05
1.47059e-05
3.80964e-05
1.91107e-05
3.15773e-05
8.71006e-05
0.000129839
0.000157037
0.00071081
0.000704419
0.00066118
0.000544362
0.000352809
0.000164509
4.69119e-05
1.46388e-05
3.80341e-05
1.90617e-05
3.16072e-05
8.71134e-05
0.000129848
0.000157067
0.00071081
0.00070442
0.000661184
0.000544372
0.000352827
0.000164536
4.69438e-05
1.46052e-05
3.8003e-05
1.90372e-05
3.16221e-05
8.71198e-05
0.000129853
0.000157082
0.00071081
0.00070442
0.000661185
0.000544377
0.000352837
0.000164549
4.69598e-05
1.45884e-05
3.79874e-05
1.90249e-05
3.16296e-05
8.7123e-05
0.000129855
0.000157089
0.00071081
0.00070442
0.000661186
0.000544379
0.000352841
0.000164556
4.69678e-05
1.45801e-05
3.79796e-05
1.90188e-05
3.16333e-05
8.71246e-05
0.000129856
0.000157093
0.00071081
0.00070442
0.000661187
0.000544381
0.000352844
0.000164559
4.69718e-05
1.45759e-05
3.79757e-05
1.90158e-05
3.16352e-05
8.71254e-05
0.000129857
0.000157095
0.00071081
0.00070442
0.000661187
0.000544381
0.000352845
0.000164561
4.69738e-05
1.45738e-05
3.79738e-05
1.90142e-05
3.16361e-05
8.71258e-05
0.000129857
0.000157095
0.00071081
0.000704421
0.000661187
0.000544382
0.000352845
0.000164562
4.69748e-05
1.45727e-05
3.79728e-05
1.90135e-05
3.16366e-05
8.7126e-05
0.000129857
0.000157096
0.00071081
0.000704421
0.000661187
0.000544382
0.000352846
0.000164562
4.69753e-05
1.45722e-05
3.79723e-05
1.90131e-05
3.16368e-05
8.71261e-05
0.000129857
0.000157096
0.00071081
0.000704421
0.000661187
0.000544382
0.000352846
0.000164562
4.69755e-05
1.45719e-05
3.79721e-05
1.90129e-05
3.16369e-05
8.71262e-05
0.000129857
0.000157096
0.00071081
0.000704421
0.000661187
0.000544382
0.000352846
0.000164562
4.69757e-05
1.45718e-05
3.79719e-05
1.90128e-05
3.1637e-05
8.71262e-05
0.000129857
0.000157096
0.00071081
0.000704421
0.000661187
0.000544382
0.000352846
0.000164562
4.69757e-05
1.45717e-05
3.79719e-05
1.90127e-05
3.1637e-05
8.71262e-05
0.000129857
0.000157096
0.00071081
0.000704421
0.000661187
0.000544382
0.000352846
0.000164562
4.69757e-05
1.45717e-05
3.79718e-05
1.90127e-05
3.1637e-05
8.71262e-05
0.000129857
0.000157096
0.00071081
0.000704421
0.000661187
0.000544382
0.000352846
0.000164562
4.69758e-05
1.45717e-05
3.79718e-05
1.90127e-05
3.1637e-05
8.71262e-05
0.000129857
0.000157096
0.00071081
0.000704421
0.000661187
0.000544382
0.000352846
0.000164562
4.69758e-05
1.45717e-05
3.79718e-05
1.90127e-05
3.1637e-05
8.71262e-05
0.000129857
0.000157096
0.00071081
0.000704421
0.000661187
0.000544382
0.000352846
0.000164562
4.69758e-05
1.45717e-05
3.79718e-05
1.90127e-05
3.1637e-05
8.71262e-05
0.000129857
0.000157096
0.00071081
0.000704421
0.000661187
0.000544382
0.000352846
0.000164562
4.69758e-05
1.45717e-05
3.79718e-05
1.90127e-05
3.1637e-05
8.71262e-05
0.000129857
0.000157096
0.00071081
0.000704421
0.000661187
0.000544382
0.000352846
0.000164562
4.69758e-05
1.45717e-05
3.79718e-05
1.90127e-05
3.1637e-05
8.71262e-05
0.000129857
0.000157096
0.00071081
0.000704421
0.000661187
0.000544382
0.000352846
0.000164562
4.69758e-05
1.45717e-05
3.79718e-05
1.90127e-05
3.1637e-05
8.71262e-05
0.000129857
0.000157096
0.00071081
0.000704421
0.000661187
0.000544382
0.000352846
0.000164562
4.69758e-05
1.45717e-05
3.79718e-05
1.90127e-05
3.1637e-05
8.71262e-05
0.000129857
0.000157096
0.00071081
0.000704421
0.000661187
0.000544382
0.000352846
0.000164562
4.69758e-05
1.45717e-05
3.79718e-05
1.90127e-05
3.1637e-05
8.71262e-05
0.000129857
0.000157096
0.00071081
0.000704421
0.000661187
0.000544382
0.000352846
0.000164562
4.69758e-05
1.45717e-05
3.79718e-05
1.90127e-05
3.1637e-05
8.71262e-05
0.000129857
0.000157096
0.00071081
0.000704421
0.000661187
0.000544382
0.000352846
0.000164562
4.69758e-05
1.45717e-05
3.79718e-05
1.90127e-05
3.1637e-05
8.71262e-05
0.000129857
0.000157096
0.00071081
0.000704421
0.000661187
0.000544382
0.000352846
0.000164562
4.69758e-05
1.45717e-05
3.79718e-05
1.90127e-05
3.1637e-05
8.71262e-05
0.000129857
0.000157096
0.00071081
0.000704421
0.000661187
0.000544382
0.000352846
0.000164562
4.69758e-05
1.45717e-05
3.79718e-05
1.90127e-05
3.1637e-05
8.71262e-05
0.000129857
0.000157096
0.00071081
0.000704421
0.000661187
0.000544382
0.000352846
0.000164562
4.69758e-05
1.45717e-05
3.79718e-05
1.90127e-05
3.1637e-05
8.71262e-05
0.000129857
0.000157096
0.00071081
0.000704421
0.000661187
0.000544382
0.000352846
0.000164562
4.69758e-05
1.45717e-05
3.79718e-05
1.90127e-05
3.1637e-05
8.71262e-05
0.000129857
0.000157096
0.00071081
0.000704421
0.000661187
0.000544382
0.000352846
0.000164562
4.69758e-05
1.45717e-05
3.79718e-05
1.90127e-05
3.1637e-05
8.71262e-05
0.000129857
0.000157096
0.00071081
0.000704421
0.000661187
0.000544382
0.000352846
0.000164562
4.69758e-05
1.45717e-05
3.79718e-05
1.90127e-05
3.1637e-05
8.71262e-05
0.000129857
0.000157096
0.00071081
0.000704421
0.000661187
0.000544382
0.000352846
0.000164562
4.69758e-05
1.45717e-05
3.79718e-05
1.90127e-05
3.1637e-05
8.71262e-05
0.000129857
0.000157096
0.00071081
0.000704421
0.000661187
0.000544382
0.000352846
0.000164562
4.69758e-05
1.45717e-05
3.79718e-05
1.90127e-05
3.1637e-05
8.71262e-05
0.000129857
0.000157096
0.00071081
0.000704421
0.000661187
0.000544382
0.000352846
0.000164562
4.69758e-05
1.45717e-05
3.79718e-05
1.90127e-05
3.1637e-05
8.71262e-05
0.000129857
0.000157096
0.00071081
0.000704421
0.000661187
0.000544382
0.000352846
0.000164562
4.69758e-05
1.45717e-05
3.79718e-05
1.90127e-05
3.1637e-05
8.71262e-05
0.000129857
0.000157096
0.00071081
0.000704421
0.000661187
0.000544382
0.000352846
0.000164562
4.69758e-05
1.45717e-05
3.79718e-05
1.90127e-05
3.1637e-05
8.71262e-05
0.000129857
0.000157096
0.00071081
0.000704421
0.000661187
0.000544382
0.000352846
0.000164562
4.69758e-05
1.45717e-05
3.79718e-05
1.90127e-05
3.1637e-05
8.71262e-05
0.000129857
0.000157096
0.00071081
0.000704421
0.000661187
0.000544382
0.000352846
0.000164562
4.69758e-05
1.45717e-05
3.79718e-05
1.90127e-05
3.1637e-05
8.71262e-05
0.000129857
0.000157096
0.00071081
0.000704421
0.000661187
0.000544382
0.000352846
0.000164562
4.69758e-05
1.45717e-05
3.79718e-05
1.90127e-05
3.1637e-05
8.71262e-05
0.000129857
0.000157096
0.00071081
0.000704421
0.000661187
0.000544382
0.000352846
0.000164562
4.69758e-05
1.45717e-05
3.79718e-05
1.90127e-05
3.1637e-05
8.71262e-05
0.000129857
0.000157096
0.00071081
0.000704421
0.000661187
0.000544382
0.000352846
0.000164562
4.69758e-05
1.45717e-05
3.79718e-05
1.90127e-05
3.1637e-05
8.71262e-05
0.000129857
0.000157096
0.00071081
0.000704421
0.000661187
0.000544382
0.000352846
0.000164562
4.69758e-05
1.45717e-05
3.79718e-05
1.90127e-05
3.1637e-05
8.71262e-05
0.000129857
0.000157096
0.00071081
0.000704421
0.000661187
0.000544382
0.000352846
0.000164562
4.69758e-05
1.45717e-05
3.79718e-05
1.90127e-05
3.1637e-05
8.71262e-05
0.000129857
0.000157096
0.00071081
0.000704421
0.000661187
0.000544382
0.000352846
0.000164562
4.69758e-05
1.45717e-05
3.79718e-05
1.90127e-05
3.1637e-05
8.71262e-05
0.000129857
0.000157096
0.00071081
0.000704421
0.000661187
0.000544382
0.000352846
0.000164562
4.69758e-05
1.45717e-05
3.79718e-05
1.90127e-05
3.1637e-05
8.71262e-05
0.000129857
0.000157096
0.00071081
0.000704421
0.000661187
0.000544382
0.000352846
0.000164562
4.69758e-05
1.45717e-05
3.79718e-05
1.90127e-05
3.1637e-05
8.71262e-05
0.000129857
0.000157096
0.00071081
0.000704421
0.000661187
0.000544382
0.000352846
0.000164562
4.69758e-05
1.45717e-05
3.79718e-05
1.90127e-05
3.1637e-05
8.71262e-05
0.000129857
0.000157096
0.00071081
0.000704421
0.000661187
0.000544382
0.000352846
0.000164562
4.69758e-05
1.45717e-05
3.79718e-05
1.90127e-05
3.1637e-05
8.71262e-05
0.000129857
0.000157096
0.00071081
0.000704421
0.000661187
0.000544382
0.000352846
0.000164562
4.69758e-05
1.45717e-05
3.79718e-05
1.90127e-05
3.1637e-05
8.71262e-05
0.000129857
0.000157096
0.00071081
0.000704421
0.000661187
0.000544382
0.000352846
0.000164562
4.69758e-05
1.45717e-05
3.79718e-05
1.90127e-05
3.1637e-05
8.71262e-05
0.000129857
0.000157096
0.00071081
0.000704421
0.000661187
0.000544382
0.000352846
0.000164562
4.69758e-05
1.45717e-05
3.79718e-05
1.90127e-05
3.1637e-05
8.71262e-05
0.000129857
0.000157096
0.00071081
0.000704421
0.000661187
0.000544382
0.000352846
0.000164562
4.69758e-05
1.45717e-05
3.79718e-05
1.90127e-05
3.1637e-05
8.71262e-05
0.000129857
0.000157096
0.00071081
0.000704421
0.000661187
0.000544382
0.000352846
0.000164562
4.69758e-05
1.45717e-05
3.79718e-05
1.90127e-05
3.1637e-05
8.71262e-05
0.000129857
0.000157096
0.00071081
0.000704421
0.000661187
0.000544382
0.000352846
0.000164562
4.69758e-05
1.45717e-05
3.79718e-05
1.90127e-05
3.1637e-05
8.71262e-05
0.000129857
0.000157096
0.00071081
0.000704421
0.000661187
0.000544382
0.000352846
0.000164562
4.69758e-05
1.45717e-05
3.79718e-05
1.90127e-05
3.1637e-05
8.71262e-05
0.000129857
0.000157096
0.00071081
0.000704421
0.000661187
0.000544382
0.000352846
0.000164562
4.69758e-05
1.45717e-05
3.79718e-05
1.90127e-05
3.1637e-05
8.71262e-05
0.000129857
0.000157096
0.00071081
0.000704421
0.000661187
0.000544382
0.000352846
0.000164562
4.69758e-05
1.45717e-05
3.79718e-05
1.90127e-05
3.1637e-05
8.71262e-05
0.000129857
0.000157096
0.00071081
0.000704421
0.000661187
0.000544382
0.000352846
0.000164562
4.69758e-05
1.45717e-05
3.79718e-05
1.90127e-05
3.1637e-05
8.71262e-05
0.000129857
0.000157096
0.00071081
0.000704421
0.000661187
0.000544382
0.000352846
0.000164562
4.69758e-05
1.45717e-05
3.79718e-05
1.90127e-05
3.1637e-05
8.71262e-05
0.000129857
0.000157096
0.00071081
0.000704421
0.000661187
0.000544382
0.000352846
0.000164562
4.69758e-05
1.45717e-05
3.79718e-05
1.90127e-05
3.1637e-05
8.71262e-05
0.000129857
0.000157096
0.00071081
0.000704421
0.000661187
0.000544382
0.000352846
0.000164562
4.69758e-05
1.45717e-05
3.79718e-05
1.90127e-05
3.1637e-05
8.71262e-05
0.000129857
0.000157096
0.00071081
0.000704421
0.000661187
0.000544382
0.000352846
0.000164562
4.69758e-05
1.45717e-05
3.79718e-05
1.90127e-05
3.1637e-05
8.71262e-05
0.000129857
0.000157096
0.00071081
0.000704421
0.000661187
0.000544382
0.000352846
0.000164562
4.69758e-05
1.45717e-05
3.79718e-05
1.90127e-05
3.1637e-05
8.71262e-05
0.000129857
0.000157096
0.00071081
0.000704421
0.000661187
0.000544382
0.000352846
0.000164562
4.69758e-05
1.45717e-05
3.79718e-05
1.90127e-05
3.1637e-05
8.71262e-05
0.000129857
0.000157096
0.00071081
0.000704421
0.000661187
0.000544382
0.000352846
0.000164562
4.69758e-05
1.45717e-05
3.79718e-05
1.90127e-05
3.1637e-05
8.71262e-05
0.000129857
0.000157096
0.00071081
0.000704421
0.000661187
0.000544382
0.000352846
0.000164562
4.69758e-05
1.45717e-05
3.79718e-05
1.90127e-05
3.1637e-05
8.71262e-05
0.000129857
0.000157096
0.00071081
0.000704421
0.000661187
0.000544382
0.000352846
0.000164562
4.69758e-05
1.45717e-05
3.79718e-05
1.90127e-05
3.1637e-05
8.71262e-05
0.000129857
0.000157096
0.00071081
0.000704421
0.000661187
0.000544382
0.000352846
0.000164562
4.69758e-05
1.45717e-05
3.79718e-05
1.90127e-05
3.1637e-05
8.71262e-05
0.000129857
0.000157096
0.00071081
0.000704421
0.000661187
0.000544382
0.000352846
0.000164562
4.69758e-05
1.45717e-05
3.79718e-05
1.90127e-05
3.1637e-05
8.71262e-05
0.000129857
0.000157096
0.00071081
0.000704421
0.000661187
0.000544382
0.000352846
0.000164562
4.69758e-05
1.45717e-05
3.79718e-05
1.90127e-05
3.1637e-05
8.71262e-05
0.000129857
0.000157096
0.00071081
0.000704421
0.000661187
0.000544382
0.000352846
0.000164562
4.69758e-05
1.45717e-05
3.79718e-05
1.90127e-05
3.1637e-05
8.71262e-05
0.000129857
0.000157096
0.00071081
0.000704421
0.000661187
0.000544382
0.000352846
0.000164562
4.69758e-05
1.45717e-05
3.79718e-05
1.90127e-05
3.1637e-05
8.71262e-05
0.000129857
0.000157096
0.00071081
0.000704421
0.000661187
0.000544382
0.000352846
0.000164562
4.69758e-05
1.45717e-05
3.79718e-05
1.90127e-05
3.1637e-05
8.71262e-05
0.000129857
0.000157096
0.00071081
0.000704421
0.000661187
0.000544382
0.000352846
0.000164562
4.69758e-05
1.45717e-05
3.79718e-05
1.90127e-05
3.1637e-05
8.71262e-05
0.000129857
0.000157096
0.00071081
0.000704421
0.000661187
0.000544382
0.000352846
0.000164562
4.69758e-05
1.45717e-05
3.79718e-05
1.90127e-05
3.1637e-05
8.71262e-05
0.000129857
0.000157096
0.00071081
0.000704421
0.000661187
0.000544382
0.000352846
0.000164562
4.69758e-05
1.45717e-05
3.79718e-05
1.90127e-05
3.1637e-05
8.71262e-05
0.000129857
0.000157096
0.00071081
0.000704421
0.000661187
0.000544382
0.000352846
0.000164562
4.69758e-05
1.45717e-05
3.79718e-05
1.90127e-05
3.1637e-05
8.71262e-05
0.000129857
0.000157096
0.00071081
0.000704421
0.000661187
0.000544382
0.000352846
0.000164562
4.69758e-05
1.45717e-05
3.79718e-05
1.90127e-05
3.1637e-05
8.71262e-05
0.000129857
0.000157096
0.00071081
0.000704421
0.000661187
0.000544382
0.000352846
0.000164562
4.69758e-05
1.45717e-05
3.79718e-05
1.90127e-05
3.1637e-05
8.71262e-05
0.000129857
0.000157096
0.00071081
0.000704421
0.000661187
0.000544382
0.000352846
0.000164562
4.69758e-05
1.45717e-05
3.79718e-05
1.90127e-05
3.1637e-05
8.71262e-05
0.000129857
0.000157096
0.00071081
0.000704421
0.000661187
0.000544382
0.000352846
0.000164562
4.69758e-05
1.45717e-05
3.79718e-05
1.90127e-05
3.1637e-05
8.71262e-05
0.000129857
0.000157096
0.00071081
0.000704421
0.000661187
0.000544382
0.000352846
0.000164562
4.69758e-05
1.45717e-05
3.79718e-05
1.90127e-05
3.1637e-05
8.71262e-05
0.000129857
0.000157096
0.00071081
0.000704421
0.000661187
0.000544382
0.000352846
0.000164562
4.69758e-05
1.45717e-05
3.79718e-05
1.90127e-05
3.1637e-05
8.71262e-05
0.000129857
0.000157096
0.00071081
0.000704421
0.000661187
0.000544382
0.000352846
0.000164562
4.69758e-05
1.45717e-05
3.79718e-05
1.90127e-05
3.1637e-05
8.71262e-05
0.000129857
0.000157096
0.00071081
0.000704421
0.000661187
0.000544382
0.000352846
0.000164562
4.69758e-05
1.45717e-05
3.79718e-05
1.90127e-05
3.1637e-05
8.71262e-05
0.000129857
0.000157096
0.00071081
0.000704421
0.000661187
0.000544382
0.000352846
0.000164562
4.69758e-05
1.45717e-05
3.79718e-05
1.90127e-05
3.1637e-05
8.71262e-05
0.000129857
0.000157096
0.00071081
0.000704421
0.000661187
0.000544382
0.000352846
0.000164562
4.69758e-05
1.45717e-05
3.79718e-05
1.90127e-05
3.1637e-05
8.71262e-05
0.000129857
0.000157096
0.00071081
0.000704421
0.000661187
0.000544382
0.000352846
0.000164562
4.69758e-05
1.45717e-05
3.79718e-05
1.90127e-05
3.1637e-05
8.71262e-05
0.000129857
0.000157096
0.00071081
0.000704421
0.000661187
0.000544382
0.000352846
0.000164562
4.69758e-05
1.45717e-05
3.79718e-05
1.90127e-05
3.1637e-05
8.71262e-05
0.000129857
0.000157096
0.00071081
0.000704421
0.000661187
0.000544382
0.000352846
0.000164562
4.69758e-05
1.45717e-05
3.79718e-05
1.90127e-05
3.1637e-05
8.71262e-05
0.000129857
0.000157096
0.00071081
0.000704421
0.000661187
0.000544382
0.000352846
0.000164562
4.69758e-05
1.45717e-05
3.79718e-05
1.90127e-05
3.1637e-05
8.71262e-05
0.000129857
0.000157096
0.00071081
0.000704421
0.000661187
0.000544382
0.000352846
0.000164562
4.69758e-05
1.45717e-05
3.79718e-05
1.90127e-05
3.1637e-05
8.71262e-05
0.000129857
0.000157096
0.00071081
0.000704421
0.000661187
0.000544382
0.000352846
0.000164562
4.69758e-05
1.45717e-05
3.79718e-05
1.90127e-05
3.1637e-05
8.71262e-05
0.000129857
0.000157096
0.00071081
0.000704421
0.000661187
0.000544382
0.000352846
0.000164562
4.69758e-05
1.45717e-05
3.79718e-05
1.90127e-05
3.1637e-05
8.71262e-05
0.000129857
0.000157096
0.00071081
0.000704421
0.000661187
0.000544382
0.000352846
0.000164562
4.69758e-05
1.45717e-05
3.79718e-05
1.90127e-05
3.1637e-05
8.71262e-05
0.000129857
0.000157096
0.00071081
0.000704421
0.000661187
0.000544382
0.000352846
0.000164562
4.69758e-05
1.45717e-05
3.79718e-05
1.90127e-05
3.1637e-05
8.71262e-05
0.000129857
0.000157096
0.00071081
0.000704421
0.000661187
0.000544382
0.000352846
0.000164562
4.69758e-05
1.45717e-05
3.79718e-05
1.90127e-05
3.1637e-05
8.71262e-05
0.000129857
0.000157096
0.00071081
0.000704421
0.000661187
0.000544382
0.000352846
0.000164562
4.69758e-05
1.45717e-05
3.79718e-05
1.90127e-05
3.1637e-05
8.71262e-05
0.000129857
0.000157096
0.00071081
0.000704421
0.000661187
0.000544382
0.000352846
0.000164562
4.69758e-05
1.45717e-05
3.79718e-05
1.90127e-05
3.1637e-05
8.71262e-05
0.000129857
0.000157096
0.00071081
0.000704421
0.000661187
0.000544382
0.000352846
0.000164562
4.69758e-05
1.45717e-05
3.79718e-05
1.90127e-05
3.1637e-05
8.71262e-05
0.000129857
0.000157096
0.00071081
0.000704421
0.000661187
0.000544382
0.000352846
0.000164562
4.69758e-05
1.45717e-05
3.79718e-05
1.90127e-05
3.1637e-05
8.71262e-05
0.000129857
0.000157096
0.00071081
0.000704421
0.000661187
0.000544382
0.000352846
0.000164562
4.69758e-05
1.45717e-05
3.79718e-05
1.90127e-05
3.1637e-05
8.71262e-05
0.000129857
0.000157096
0.00071081
0.000704421
0.000661187
0.000544382
0.000352846
0.000164562
4.69758e-05
1.45717e-05
3.79718e-05
1.90127e-05
3.1637e-05
8.71262e-05
0.000129857
0.000157096
0.00071081
0.000704421
0.000661187
0.000544382
0.000352846
0.000164562
4.69758e-05
1.45717e-05
3.79718e-05
1.90127e-05
3.1637e-05
8.71262e-05
0.000129857
0.000157096
0.00071081
0.000704421
0.000661187
0.000544382
0.000352846
0.000164562
4.69758e-05
1.45717e-05
3.79718e-05
1.90127e-05
3.1637e-05
8.71262e-05
0.000129857
0.000157096
0.00071081
0.000704421
0.000661187
0.000544382
0.000352846
0.000164562
4.69758e-05
1.45717e-05
3.79718e-05
1.90127e-05
3.1637e-05
8.71262e-05
0.000129857
0.000157096
0.00071081
0.000704421
0.000661187
0.000544382
0.000352846
0.000164562
4.69758e-05
1.45717e-05
3.79718e-05
1.90127e-05
3.1637e-05
8.71262e-05
0.000129857
0.000157096
0.00071081
0.000704421
0.000661187
0.000544382
0.000352846
0.000164562
4.69758e-05
1.45717e-05
3.79718e-05
1.90127e-05
3.1637e-05
8.71262e-05
0.000129857
0.000157096
0.00071081
0.000704421
0.000661187
0.000544382
0.000352846
0.000164562
4.69758e-05
1.45717e-05
3.79718e-05
1.90127e-05
3.1637e-05
8.71262e-05
0.000129857
0.000157096
0.00071081
0.000704421
0.000661187
0.000544382
0.000352846
0.000164562
4.69758e-05
1.45717e-05
3.79718e-05
1.90127e-05
3.1637e-05
8.71262e-05
0.000129857
0.000157096
0.000473873
0.00047046
0.00044531
0.000372434
0.00024926
0.000126344
4.68648e-05
1.55806e-06
1.90311e-05
9.92656e-06
2.28237e-05
6.13857e-05
9.33877e-05
0.000115992
0.000473873
0.000468578
0.000424981
0.000289471
3.21206e-05
0.000282927
0.000537148
0.000637825
0.000503595
0.000129301
0.000304139
0.000532904
0.000324848
0.000369259
0.000473873
0.000467889
0.000427821
0.000321464
0.000146506
3.40183e-05
0.000159305
0.000223247
0.000219617
0.000135534
2.7436e-06
0.000122207
0.000147539
3.36992e-05
0.000473873
0.000469002
0.000435802
0.000346052
0.000198803
5.1551e-05
4.53984e-05
9.74097e-05
0.000110075
7.59885e-05
6.49969e-06
6.36556e-05
9.93467e-05
7.9908e-05
0.000473873
0.000469705
0.000440447
0.000359143
0.00022426
8.99331e-05
2.67773e-06
4.54282e-05
6.26157e-05
4.30884e-05
5.029e-06
5.72331e-05
9.16553e-05
9.75097e-05
0.000473873
0.000470078
0.00044286
0.000365776
0.000236818
0.000108353
2.51856e-05
2.13963e-05
4.03855e-05
2.64895e-05
1.33025e-05
5.81793e-05
9.14427e-05
0.000106525
0.000473873
0.000470268
0.000444081
0.000369103
0.000243054
0.000117399
3.61209e-05
9.79395e-06
2.96045e-05
1.81987e-05
1.79243e-05
5.9522e-05
9.21586e-05
0.000111192
0.000473873
0.000470364
0.000444695
0.000370768
0.00024616
0.000121884
4.15159e-05
4.08778e-06
2.42925e-05
1.40598e-05
2.03413e-05
6.03914e-05
9.27107e-05
0.000113574
0.000473873
0.000470412
0.000445002
0.000371601
0.000247711
0.000124117
4.4196e-05
1.25745e-06
2.16556e-05
1.19924e-05
2.15746e-05
6.08732e-05
9.30338e-05
0.000114779
0.000473873
0.000470436
0.000445156
0.000372018
0.000248485
0.000125231
4.55318e-05
1.52139e-07
2.03418e-05
1.09593e-05
2.21972e-05
6.11257e-05
9.32069e-05
0.000115384
0.000473873
0.000470448
0.000445233
0.000372226
0.000248873
0.000125788
4.61986e-05
8.55558e-07
1.96861e-05
1.04429e-05
2.251e-05
6.12548e-05
9.32964e-05
0.000115688
0.000473873
0.000470454
0.000445272
0.00037233
0.000249066
0.000126066
4.65318e-05
1.20692e-06
1.93585e-05
1.01847e-05
2.26667e-05
6.132e-05
9.33418e-05
0.00011584
0.000473873
0.000470457
0.000445291
0.000372382
0.000249163
0.000126205
4.66983e-05
1.38252e-06
1.91948e-05
1.00556e-05
2.27452e-05
6.13528e-05
9.33647e-05
0.000115916
0.000473873
0.000470459
0.000445301
0.000372408
0.000249211
0.000126275
4.67815e-05
1.4703e-06
1.9113e-05
9.99109e-06
2.27845e-05
6.13693e-05
9.33762e-05
0.000115954
0.000473873
0.000470459
0.000445305
0.000372421
0.000249235
0.00012631
4.68231e-05
1.51418e-06
1.9072e-05
9.95882e-06
2.28041e-05
6.13775e-05
9.33819e-05
0.000115973
0.000473873
0.00047046
0.000445308
0.000372428
0.000249247
0.000126327
4.6844e-05
1.53612e-06
1.90516e-05
9.94269e-06
2.28139e-05
6.13816e-05
9.33848e-05
0.000115982
0.000473873
0.00047046
0.000445309
0.000372431
0.000249254
0.000126336
4.68544e-05
1.54709e-06
1.90414e-05
9.93462e-06
2.28188e-05
6.13837e-05
9.33863e-05
0.000115987
0.000473873
0.00047046
0.00044531
0.000372432
0.000249257
0.00012634
4.68596e-05
1.55258e-06
1.90362e-05
9.93059e-06
2.28213e-05
6.13847e-05
9.3387e-05
0.000115989
0.000473873
0.00047046
0.00044531
0.000372433
0.000249258
0.000126342
4.68622e-05
1.55532e-06
1.90337e-05
9.92857e-06
2.28225e-05
6.13852e-05
9.33873e-05
0.000115991
0.000473873
0.00047046
0.00044531
0.000372434
0.000249259
0.000126343
4.68635e-05
1.55669e-06
1.90324e-05
9.92756e-06
2.28231e-05
6.13855e-05
9.33875e-05
0.000115991
0.000473873
0.00047046
0.00044531
0.000372434
0.000249259
0.000126344
4.68641e-05
1.55738e-06
1.90318e-05
9.92706e-06
2.28234e-05
6.13856e-05
9.33876e-05
0.000115991
0.000473873
0.00047046
0.00044531
0.000372434
0.000249259
0.000126344
4.68644e-05
1.55772e-06
1.90314e-05
9.92681e-06
2.28236e-05
6.13857e-05
9.33877e-05
0.000115992
0.000473873
0.00047046
0.00044531
0.000372434
0.000249259
0.000126344
4.68646e-05
1.55789e-06
1.90313e-05
9.92668e-06
2.28237e-05
6.13857e-05
9.33877e-05
0.000115992
0.000473873
0.00047046
0.00044531
0.000372434
0.00024926
0.000126344
4.68647e-05
1.55798e-06
1.90312e-05
9.92662e-06
2.28237e-05
6.13857e-05
9.33877e-05
0.000115992
0.000473873
0.00047046
0.00044531
0.000372434
0.00024926
0.000126344
4.68647e-05
1.55802e-06
1.90312e-05
9.92659e-06
2.28237e-05
6.13857e-05
9.33877e-05
0.000115992
0.000473873
0.00047046
0.00044531
0.000372434
0.00024926
0.000126344
4.68647e-05
1.55804e-06
1.90311e-05
9.92657e-06
2.28237e-05
6.13857e-05
9.33877e-05
0.000115992
0.000473873
0.00047046
0.00044531
0.000372434
0.00024926
0.000126344
4.68647e-05
1.55805e-06
1.90311e-05
9.92656e-06
2.28237e-05
6.13857e-05
9.33877e-05
0.000115992
0.000473873
0.00047046
0.00044531
0.000372434
0.00024926
0.000126344
4.68648e-05
1.55806e-06
1.90311e-05
9.92656e-06
2.28237e-05
6.13857e-05
9.33877e-05
0.000115992
0.000473873
0.00047046
0.00044531
0.000372434
0.00024926
0.000126344
4.68648e-05
1.55806e-06
1.90311e-05
9.92656e-06
2.28237e-05
6.13857e-05
9.33877e-05
0.000115992
0.000473873
0.00047046
0.00044531
0.000372434
0.00024926
0.000126344
4.68648e-05
1.55806e-06
1.90311e-05
9.92656e-06
2.28237e-05
6.13857e-05
9.33877e-05
0.000115992
0.000473873
0.00047046
0.00044531
0.000372434
0.00024926
0.000126344
4.68648e-05
1.55806e-06
1.90311e-05
9.92656e-06
2.28237e-05
6.13857e-05
9.33877e-05
0.000115992
0.000473873
0.00047046
0.00044531
0.000372434
0.00024926
0.000126344
4.68648e-05
1.55806e-06
1.90311e-05
9.92656e-06
2.28237e-05
6.13857e-05
9.33877e-05
0.000115992
0.000473873
0.00047046
0.00044531
0.000372434
0.00024926
0.000126344
4.68648e-05
1.55806e-06
1.90311e-05
9.92656e-06
2.28237e-05
6.13857e-05
9.33877e-05
0.000115992
0.000473873
0.00047046
0.00044531
0.000372434
0.00024926
0.000126344
4.68648e-05
1.55806e-06
1.90311e-05
9.92656e-06
2.28237e-05
6.13857e-05
9.33877e-05
0.000115992
0.000473873
0.00047046
0.00044531
0.000372434
0.00024926
0.000126344
4.68648e-05
1.55806e-06
1.90311e-05
9.92656e-06
2.28237e-05
6.13857e-05
9.33877e-05
0.000115992
0.000473873
0.00047046
0.00044531
0.000372434
0.00024926
0.000126344
4.68648e-05
1.55806e-06
1.90311e-05
9.92656e-06
2.28237e-05
6.13857e-05
9.33877e-05
0.000115992
0.000473873
0.00047046
0.00044531
0.000372434
0.00024926
0.000126344
4.68648e-05
1.55806e-06
1.90311e-05
9.92656e-06
2.28237e-05
6.13857e-05
9.33877e-05
0.000115992
0.000473873
0.00047046
0.00044531
0.000372434
0.00024926
0.000126344
4.68648e-05
1.55806e-06
1.90311e-05
9.92656e-06
2.28237e-05
6.13857e-05
9.33877e-05
0.000115992
0.000473873
0.00047046
0.00044531
0.000372434
0.00024926
0.000126344
4.68648e-05
1.55806e-06
1.90311e-05
9.92656e-06
2.28237e-05
6.13857e-05
9.33877e-05
0.000115992
0.000473873
0.00047046
0.00044531
0.000372434
0.00024926
0.000126344
4.68648e-05
1.55806e-06
1.90311e-05
9.92656e-06
2.28237e-05
6.13857e-05
9.33877e-05
0.000115992
0.000473873
0.00047046
0.00044531
0.000372434
0.00024926
0.000126344
4.68648e-05
1.55806e-06
1.90311e-05
9.92656e-06
2.28237e-05
6.13857e-05
9.33877e-05
0.000115992
0.000473873
0.00047046
0.00044531
0.000372434
0.00024926
0.000126344
4.68648e-05
1.55806e-06
1.90311e-05
9.92656e-06
2.28237e-05
6.13857e-05
9.33877e-05
0.000115992
0.000473873
0.00047046
0.00044531
0.000372434
0.00024926
0.000126344
4.68648e-05
1.55806e-06
1.90311e-05
9.92656e-06
2.28237e-05
6.13857e-05
9.33877e-05
0.000115992
0.000473873
0.00047046
0.00044531
0.000372434
0.00024926
0.000126344
4.68648e-05
1.55806e-06
1.90311e-05
9.92656e-06
2.28237e-05
6.13857e-05
9.33877e-05
0.000115992
0.000473873
0.00047046
0.00044531
0.000372434
0.00024926
0.000126344
4.68648e-05
1.55806e-06
1.90311e-05
9.92656e-06
2.28237e-05
6.13857e-05
9.33877e-05
0.000115992
0.000473873
0.00047046
0.00044531
0.000372434
0.00024926
0.000126344
4.68648e-05
1.55806e-06
1.90311e-05
9.92656e-06
2.28237e-05
6.13857e-05
9.33877e-05
0.000115992
0.000473873
0.00047046
0.00044531
0.000372434
0.00024926
0.000126344
4.68648e-05
1.55806e-06
1.90311e-05
9.92656e-06
2.28237e-05
6.13857e-05
9.33877e-05
0.000115992
0.000473873
0.00047046
0.00044531
0.000372434
0.00024926
0.000126344
4.68648e-05
1.55806e-06
1.90311e-05
9.92656e-06
2.28237e-05
6.13857e-05
9.33877e-05
0.000115992
0.000473873
0.00047046
0.00044531
0.000372434
0.00024926
0.000126344
4.68648e-05
1.55806e-06
1.90311e-05
9.92656e-06
2.28237e-05
6.13857e-05
9.33877e-05
0.000115992
0.000473873
0.00047046
0.00044531
0.000372434
0.00024926
0.000126344
4.68648e-05
1.55806e-06
1.90311e-05
9.92656e-06
2.28237e-05
6.13857e-05
9.33877e-05
0.000115992
0.000473873
0.00047046
0.00044531
0.000372434
0.00024926
0.000126344
4.68648e-05
1.55806e-06
1.90311e-05
9.92656e-06
2.28237e-05
6.13857e-05
9.33877e-05
0.000115992
0.000473873
0.00047046
0.00044531
0.000372434
0.00024926
0.000126344
4.68648e-05
1.55806e-06
1.90311e-05
9.92656e-06
2.28237e-05
6.13857e-05
9.33877e-05
0.000115992
0.000473873
0.00047046
0.00044531
0.000372434
0.00024926
0.000126344
4.68648e-05
1.55806e-06
1.90311e-05
9.92656e-06
2.28237e-05
6.13857e-05
9.33877e-05
0.000115992
0.000473873
0.00047046
0.00044531
0.000372434
0.00024926
0.000126344
4.68648e-05
1.55806e-06
1.90311e-05
9.92656e-06
2.28237e-05
6.13857e-05
9.33877e-05
0.000115992
0.000473873
0.00047046
0.00044531
0.000372434
0.00024926
0.000126344
4.68648e-05
1.55806e-06
1.90311e-05
9.92656e-06
2.28237e-05
6.13857e-05
9.33877e-05
0.000115992
0.000473873
0.00047046
0.00044531
0.000372434
0.00024926
0.000126344
4.68648e-05
1.55806e-06
1.90311e-05
9.92656e-06
2.28237e-05
6.13857e-05
9.33877e-05
0.000115992
0.000473873
0.00047046
0.00044531
0.000372434
0.00024926
0.000126344
4.68648e-05
1.55806e-06
1.90311e-05
9.92656e-06
2.28237e-05
6.13857e-05
9.33877e-05
0.000115992
0.000473873
0.00047046
0.00044531
0.000372434
0.00024926
0.000126344
4.68648e-05
1.55806e-06
1.90311e-05
9.92656e-06
2.28237e-05
6.13857e-05
9.33877e-05
0.000115992
0.000473873
0.00047046
0.00044531
0.000372434
0.00024926
0.000126344
4.68648e-05
1.55806e-06
1.90311e-05
9.92656e-06
2.28237e-05
6.13857e-05
9.33877e-05
0.000115992
0.000473873
0.00047046
0.00044531
0.000372434
0.00024926
0.000126344
4.68648e-05
1.55806e-06
1.90311e-05
9.92656e-06
2.28237e-05
6.13857e-05
9.33877e-05
0.000115992
0.000473873
0.00047046
0.00044531
0.000372434
0.00024926
0.000126344
4.68648e-05
1.55806e-06
1.90311e-05
9.92656e-06
2.28237e-05
6.13857e-05
9.33877e-05
0.000115992
0.000473873
0.00047046
0.00044531
0.000372434
0.00024926
0.000126344
4.68648e-05
1.55806e-06
1.90311e-05
9.92656e-06
2.28237e-05
6.13857e-05
9.33877e-05
0.000115992
0.000473873
0.00047046
0.00044531
0.000372434
0.00024926
0.000126344
4.68648e-05
1.55806e-06
1.90311e-05
9.92656e-06
2.28237e-05
6.13857e-05
9.33877e-05
0.000115992
0.000473873
0.00047046
0.00044531
0.000372434
0.00024926
0.000126344
4.68648e-05
1.55806e-06
1.90311e-05
9.92656e-06
2.28237e-05
6.13857e-05
9.33877e-05
0.000115992
0.000473873
0.00047046
0.00044531
0.000372434
0.00024926
0.000126344
4.68648e-05
1.55806e-06
1.90311e-05
9.92656e-06
2.28237e-05
6.13857e-05
9.33877e-05
0.000115992
0.000473873
0.00047046
0.00044531
0.000372434
0.00024926
0.000126344
4.68648e-05
1.55806e-06
1.90311e-05
9.92656e-06
2.28237e-05
6.13857e-05
9.33877e-05
0.000115992
0.000473873
0.00047046
0.00044531
0.000372434
0.00024926
0.000126344
4.68648e-05
1.55806e-06
1.90311e-05
9.92656e-06
2.28237e-05
6.13857e-05
9.33877e-05
0.000115992
0.000473873
0.00047046
0.00044531
0.000372434
0.00024926
0.000126344
4.68648e-05
1.55806e-06
1.90311e-05
9.92656e-06
2.28237e-05
6.13857e-05
9.33877e-05
0.000115992
0.000473873
0.00047046
0.00044531
0.000372434
0.00024926
0.000126344
4.68648e-05
1.55806e-06
1.90311e-05
9.92656e-06
2.28237e-05
6.13857e-05
9.33877e-05
0.000115992
0.000473873
0.00047046
0.00044531
0.000372434
0.00024926
0.000126344
4.68648e-05
1.55806e-06
1.90311e-05
9.92656e-06
2.28237e-05
6.13857e-05
9.33877e-05
0.000115992
0.000473873
0.00047046
0.00044531
0.000372434
0.00024926
0.000126344
4.68648e-05
1.55806e-06
1.90311e-05
9.92656e-06
2.28237e-05
6.13857e-05
9.33877e-05
0.000115992
0.000473873
0.00047046
0.00044531
0.000372434
0.00024926
0.000126344
4.68648e-05
1.55806e-06
1.90311e-05
9.92656e-06
2.28237e-05
6.13857e-05
9.33877e-05
0.000115992
0.000473873
0.00047046
0.00044531
0.000372434
0.00024926
0.000126344
4.68648e-05
1.55806e-06
1.90311e-05
9.92656e-06
2.28237e-05
6.13857e-05
9.33877e-05
0.000115992
0.000473873
0.00047046
0.00044531
0.000372434
0.00024926
0.000126344
4.68648e-05
1.55806e-06
1.90311e-05
9.92656e-06
2.28237e-05
6.13857e-05
9.33877e-05
0.000115992
0.000473873
0.00047046
0.00044531
0.000372434
0.00024926
0.000126344
4.68648e-05
1.55806e-06
1.90311e-05
9.92656e-06
2.28237e-05
6.13857e-05
9.33877e-05
0.000115992
0.000473873
0.00047046
0.00044531
0.000372434
0.00024926
0.000126344
4.68648e-05
1.55806e-06
1.90311e-05
9.92656e-06
2.28237e-05
6.13857e-05
9.33877e-05
0.000115992
0.000473873
0.00047046
0.00044531
0.000372434
0.00024926
0.000126344
4.68648e-05
1.55806e-06
1.90311e-05
9.92656e-06
2.28237e-05
6.13857e-05
9.33877e-05
0.000115992
0.000473873
0.00047046
0.00044531
0.000372434
0.00024926
0.000126344
4.68648e-05
1.55806e-06
1.90311e-05
9.92656e-06
2.28237e-05
6.13857e-05
9.33877e-05
0.000115992
0.000473873
0.00047046
0.00044531
0.000372434
0.00024926
0.000126344
4.68648e-05
1.55806e-06
1.90311e-05
9.92656e-06
2.28237e-05
6.13857e-05
9.33877e-05
0.000115992
0.000473873
0.00047046
0.00044531
0.000372434
0.00024926
0.000126344
4.68648e-05
1.55806e-06
1.90311e-05
9.92656e-06
2.28237e-05
6.13857e-05
9.33877e-05
0.000115992
0.000473873
0.00047046
0.00044531
0.000372434
0.00024926
0.000126344
4.68648e-05
1.55806e-06
1.90311e-05
9.92656e-06
2.28237e-05
6.13857e-05
9.33877e-05
0.000115992
0.000473873
0.00047046
0.00044531
0.000372434
0.00024926
0.000126344
4.68648e-05
1.55806e-06
1.90311e-05
9.92656e-06
2.28237e-05
6.13857e-05
9.33877e-05
0.000115992
0.000473873
0.00047046
0.00044531
0.000372434
0.00024926
0.000126344
4.68648e-05
1.55806e-06
1.90311e-05
9.92656e-06
2.28237e-05
6.13857e-05
9.33877e-05
0.000115992
0.000473873
0.00047046
0.00044531
0.000372434
0.00024926
0.000126344
4.68648e-05
1.55806e-06
1.90311e-05
9.92656e-06
2.28237e-05
6.13857e-05
9.33877e-05
0.000115992
0.000473873
0.00047046
0.00044531
0.000372434
0.00024926
0.000126344
4.68648e-05
1.55806e-06
1.90311e-05
9.92656e-06
2.28237e-05
6.13857e-05
9.33877e-05
0.000115992
0.000473873
0.00047046
0.00044531
0.000372434
0.00024926
0.000126344
4.68648e-05
1.55806e-06
1.90311e-05
9.92656e-06
2.28237e-05
6.13857e-05
9.33877e-05
0.000115992
0.000473873
0.00047046
0.00044531
0.000372434
0.00024926
0.000126344
4.68648e-05
1.55806e-06
1.90311e-05
9.92656e-06
2.28237e-05
6.13857e-05
9.33877e-05
0.000115992
0.000473873
0.00047046
0.00044531
0.000372434
0.00024926
0.000126344
4.68648e-05
1.55806e-06
1.90311e-05
9.92656e-06
2.28237e-05
6.13857e-05
9.33877e-05
0.000115992
0.000473873
0.00047046
0.00044531
0.000372434
0.00024926
0.000126344
4.68648e-05
1.55806e-06
1.90311e-05
9.92656e-06
2.28237e-05
6.13857e-05
9.33877e-05
0.000115992
0.000473873
0.00047046
0.00044531
0.000372434
0.00024926
0.000126344
4.68648e-05
1.55806e-06
1.90311e-05
9.92656e-06
2.28237e-05
6.13857e-05
9.33877e-05
0.000115992
0.000473873
0.00047046
0.00044531
0.000372434
0.00024926
0.000126344
4.68648e-05
1.55806e-06
1.90311e-05
9.92656e-06
2.28237e-05
6.13857e-05
9.33877e-05
0.000115992
0.000473873
0.00047046
0.00044531
0.000372434
0.00024926
0.000126344
4.68648e-05
1.55806e-06
1.90311e-05
9.92656e-06
2.28237e-05
6.13857e-05
9.33877e-05
0.000115992
0.000473873
0.00047046
0.00044531
0.000372434
0.00024926
0.000126344
4.68648e-05
1.55806e-06
1.90311e-05
9.92656e-06
2.28237e-05
6.13857e-05
9.33877e-05
0.000115992
0.000473873
0.00047046
0.00044531
0.000372434
0.00024926
0.000126344
4.68648e-05
1.55806e-06
1.90311e-05
9.92656e-06
2.28237e-05
6.13857e-05
9.33877e-05
0.000115992
0.000473873
0.00047046
0.00044531
0.000372434
0.00024926
0.000126344
4.68648e-05
1.55806e-06
1.90311e-05
9.92656e-06
2.28237e-05
6.13857e-05
9.33877e-05
0.000115992
0.000473873
0.00047046
0.00044531
0.000372434
0.00024926
0.000126344
4.68648e-05
1.55806e-06
1.90311e-05
9.92656e-06
2.28237e-05
6.13857e-05
9.33877e-05
0.000115992
0.000473873
0.00047046
0.00044531
0.000372434
0.00024926
0.000126344
4.68648e-05
1.55806e-06
1.90311e-05
9.92656e-06
2.28237e-05
6.13857e-05
9.33877e-05
0.000115992
0.000473873
0.00047046
0.00044531
0.000372434
0.00024926
0.000126344
4.68648e-05
1.55806e-06
1.90311e-05
9.92656e-06
2.28237e-05
6.13857e-05
9.33877e-05
0.000115992
0.000473873
0.00047046
0.00044531
0.000372434
0.00024926
0.000126344
4.68648e-05
1.55806e-06
1.90311e-05
9.92656e-06
2.28237e-05
6.13857e-05
9.33877e-05
0.000115992
0.000473873
0.00047046
0.00044531
0.000372434
0.00024926
0.000126344
4.68648e-05
1.55806e-06
1.90311e-05
9.92656e-06
2.28237e-05
6.13857e-05
9.33877e-05
0.000115992
0.000473873
0.00047046
0.00044531
0.000372434
0.00024926
0.000126344
4.68648e-05
1.55806e-06
1.90311e-05
9.92656e-06
2.28237e-05
6.13857e-05
9.33877e-05
0.000115992
0.000473873
0.00047046
0.00044531
0.000372434
0.00024926
0.000126344
4.68648e-05
1.55806e-06
1.90311e-05
9.92656e-06
2.28237e-05
6.13857e-05
9.33877e-05
0.000115992
0.000473873
0.00047046
0.00044531
0.000372434
0.00024926
0.000126344
4.68648e-05
1.55806e-06
1.90311e-05
9.92656e-06
2.28237e-05
6.13857e-05
9.33877e-05
0.000115992
0.000473873
0.00047046
0.00044531
0.000372434
0.00024926
0.000126344
4.68648e-05
1.55806e-06
1.90311e-05
9.92656e-06
2.28237e-05
6.13857e-05
9.33877e-05
0.000115992
0.000473873
0.00047046
0.00044531
0.000372434
0.00024926
0.000126344
4.68648e-05
1.55806e-06
1.90311e-05
9.92656e-06
2.28237e-05
6.13857e-05
9.33877e-05
0.000115992
0.000473873
0.00047046
0.00044531
0.000372434
0.00024926
0.000126344
4.68648e-05
1.55806e-06
1.90311e-05
9.92656e-06
2.28237e-05
6.13857e-05
9.33877e-05
0.000115992
0.000473873
0.00047046
0.00044531
0.000372434
0.00024926
0.000126344
4.68648e-05
1.55806e-06
1.90311e-05
9.92656e-06
2.28237e-05
6.13857e-05
9.33877e-05
0.000115992
0.000473873
0.00047046
0.00044531
0.000372434
0.00024926
0.000126344
4.68648e-05
1.55806e-06
1.90311e-05
9.92656e-06
2.28237e-05
6.13857e-05
9.33877e-05
0.000115992
0.000473873
0.00047046
0.00044531
0.000372434
0.00024926
0.000126344
4.68648e-05
1.55806e-06
1.90311e-05
9.92656e-06
2.28237e-05
6.13857e-05
9.33877e-05
0.000115992
0.000473873
0.00047046
0.00044531
0.000372434
0.00024926
0.000126344
4.68648e-05
1.55806e-06
1.90311e-05
9.92656e-06
2.28237e-05
6.13857e-05
9.33877e-05
0.000115992
0.000473873
0.00047046
0.00044531
0.000372434
0.00024926
0.000126344
4.68648e-05
1.55806e-06
1.90311e-05
9.92656e-06
2.28237e-05
6.13857e-05
9.33877e-05
0.000115992
0.000473873
0.00047046
0.00044531
0.000372434
0.00024926
0.000126344
4.68648e-05
1.55806e-06
1.90311e-05
9.92656e-06
2.28237e-05
6.13857e-05
9.33877e-05
0.000115992
0.000473873
0.00047046
0.00044531
0.000372434
0.00024926
0.000126344
4.68648e-05
1.55806e-06
1.90311e-05
9.92656e-06
2.28237e-05
6.13857e-05
9.33877e-05
0.000115992
0.000473873
0.00047046
0.00044531
0.000372434
0.00024926
0.000126344
4.68648e-05
1.55806e-06
1.90311e-05
9.92656e-06
2.28237e-05
6.13857e-05
9.33877e-05
0.000115992
0.000473873
0.00047046
0.00044531
0.000372434
0.00024926
0.000126344
4.68648e-05
1.55806e-06
1.90311e-05
9.92656e-06
2.28237e-05
6.13857e-05
9.33877e-05
0.000115992
0.000473873
0.00047046
0.00044531
0.000372434
0.00024926
0.000126344
4.68648e-05
1.55806e-06
1.90311e-05
9.92656e-06
2.28237e-05
6.13857e-05
9.33877e-05
0.000115992
0.000473873
0.00047046
0.00044531
0.000372434
0.00024926
0.000126344
4.68648e-05
1.55806e-06
1.90311e-05
9.92656e-06
2.28237e-05
6.13857e-05
9.33877e-05
0.000115992
0.000473873
0.00047046
0.00044531
0.000372434
0.00024926
0.000126344
4.68648e-05
1.55806e-06
1.90311e-05
9.92656e-06
2.28237e-05
6.13857e-05
9.33877e-05
0.000115992
0.000473873
0.00047046
0.00044531
0.000372434
0.00024926
0.000126344
4.68648e-05
1.55806e-06
1.90311e-05
9.92656e-06
2.28237e-05
6.13857e-05
9.33877e-05
0.000115992
0.000473873
0.00047046
0.00044531
0.000372434
0.00024926
0.000126344
4.68648e-05
1.55806e-06
1.90311e-05
9.92656e-06
2.28237e-05
6.13857e-05
9.33877e-05
0.000115992
0.000473873
0.00047046
0.00044531
0.000372434
0.00024926
0.000126344
4.68648e-05
1.55806e-06
1.90311e-05
9.92656e-06
2.28237e-05
6.13857e-05
9.33877e-05
0.000115992
