0.0021002
0.00208066
0.00195656
0.00165122
0.00117921
0.000716034
0.000392722
0.00016871
3.05031e-05
2.18671e-05
0.000131802
0.00029093
0.000447874
0.000588445
0.0021002
0.00207871
0.00195412
0.00167093
0.00122687
0.000749303
0.000401072
0.000200251
8.12438e-05
1.23341e-05
0.000380536
0.000925026
0.000499372
0.000898947
0.0021002
0.00208147
0.00196309
0.00166491
0.0011729
0.000652999
0.000286439
7.16201e-05
2.2778e-05
2.01821e-06
0.00012002
0.000286866
0.000438323
0.000579082
0.0021002
0.00208128
0.00196048
0.00165689
0.00116862
0.000668747
0.000316834
9.44464e-05
1.75947e-05
2.05708e-06
0.000125545
0.00028641
0.000442312
0.000578943
0.0021002
0.002081
0.00195858
0.0016536
0.001172
0.000688684
0.000349714
0.000125957
1.44588e-06
8.86767e-06
0.000127893
0.000288964
0.000445468
0.000582985
0.0021002
0.00208084
0.00195758
0.00165228
0.00117512
0.00070145
0.000370006
0.000146009
1.47717e-05
1.45495e-05
0.000129549
0.000289982
0.000446748
0.000585512
0.0021002
0.00208075
0.00195707
0.00165172
0.00117705
0.000708516
0.000381066
0.000157037
2.23426e-05
1.79998e-05
0.000130589
0.000290455
0.000447324
0.000586921
0.0021002
0.0020807
0.00195681
0.00165146
0.0011781
0.000712219
0.000386821
0.000162794
2.63499e-05
1.98809e-05
0.000131172
0.000290691
0.000447601
0.000587668
0.0021002
0.00208068
0.00195669
0.00165134
0.00117865
0.000714112
0.000389753
0.000165732
2.84083e-05
2.08608e-05
0.000131481
0.00029081
0.000447738
0.000588052
0.0021002
0.00208067
0.00195662
0.00165128
0.00117893
0.00071507
0.000391233
0.000167216
2.94512e-05
2.13607e-05
0.00013164
0.00029087
0.000447806
0.000588248
0.0021002
0.00208066
0.00195659
0.00165125
0.00117907
0.000715551
0.000391977
0.000167962
2.9976e-05
2.1613e-05
0.000131721
0.0002909
0.00044784
0.000588346
0.0021002
0.00208066
0.00195658
0.00165124
0.00117914
0.000715792
0.000392349
0.000168336
3.02392e-05
2.17398e-05
0.000131762
0.000290915
0.000447857
0.000588395
0.0021002
0.00208066
0.00195657
0.00165123
0.00117918
0.000715913
0.000392536
0.000168523
3.03711e-05
2.18034e-05
0.000131782
0.000290922
0.000447865
0.00058842
0.0021002
0.00208066
0.00195656
0.00165123
0.0011792
0.000715973
0.000392629
0.000168617
3.04371e-05
2.18352e-05
0.000131792
0.000290926
0.00044787
0.000588432
0.0021002
0.00208066
0.00195656
0.00165123
0.0011792
0.000716004
0.000392676
0.000168664
3.04701e-05
2.18511e-05
0.000131797
0.000290928
0.000447872
0.000588439
0.0021002
0.00208066
0.00195656
0.00165123
0.00117921
0.000716019
0.000392699
0.000168687
3.04866e-05
2.18591e-05
0.0001318
0.000290929
0.000447873
0.000588442
0.0021002
0.00208066
0.00195656
0.00165123
0.00117921
0.000716026
0.000392711
0.000168699
3.04948e-05
2.18631e-05
0.000131801
0.00029093
0.000447873
0.000588443
0.0021002
0.00208066
0.00195656
0.00165123
0.00117921
0.00071603
0.000392716
0.000168705
3.04989e-05
2.18651e-05
0.000131802
0.00029093
0.000447874
0.000588444
0.0021002
0.00208066
0.00195656
0.00165123
0.00117921
0.000716032
0.000392719
0.000168707
3.0501e-05
2.18661e-05
0.000131802
0.00029093
0.000447874
0.000588444
0.0021002
0.00208066
0.00195656
0.00165122
0.00117921
0.000716033
0.000392721
0.000168709
3.0502e-05
2.18666e-05
0.000131802
0.00029093
0.000447874
0.000588445
0.0021002
0.00208066
0.00195656
0.00165122
0.00117921
0.000716033
0.000392722
0.00016871
3.05026e-05
2.18668e-05
0.000131802
0.00029093
0.000447874
0.000588445
0.0021002
0.00208066
0.00195656
0.00165122
0.00117921
0.000716034
0.000392722
0.00016871
3.05028e-05
2.18669e-05
0.000131802
0.00029093
0.000447874
0.000588445
0.0021002
0.00208066
0.00195656
0.00165122
0.00117921
0.000716034
0.000392722
0.00016871
3.05029e-05
2.1867e-05
0.000131802
0.00029093
0.000447874
0.000588445
0.0021002
0.00208066
0.00195656
0.00165122
0.00117921
0.000716034
0.000392722
0.00016871
3.0503e-05
2.1867e-05
0.000131802
0.00029093
0.000447874
0.000588445
0.0021002
0.00208066
0.00195656
0.00165122
0.00117921
0.000716034
0.000392722
0.00016871
3.0503e-05
2.18671e-05
0.000131802
0.00029093
0.000447874
0.000588445
0.0021002
0.00208066
0.00195656
0.00165122
0.00117921
0.000716034
0.000392722
0.00016871
3.05031e-05
2.18671e-05
0.000131802
0.00029093
0.000447874
0.000588445
0.0021002
0.00208066
0.00195656
0.00165122
0.00117921
0.000716034
0.000392722
0.00016871
3.05031e-05
2.18671e-05
0.000131802
0.00029093
0.000447874
0.000588445
0.0021002
0.00208066
0.00195656
0.00165122
0.00117921
0.000716034
0.000392722
0.00016871
3.05031e-05
2.18671e-05
0.000131802
0.00029093
0.000447874
0.000588445
0.0021002
0.00208066
0.00195656
0.00165122
0.00117921
0.000716034
0.000392722
0.00016871
3.05031e-05
2.18671e-05
0.000131802
0.00029093
0.000447874
0.000588445
0.0021002
0.00208066
0.00195656
0.00165122
0.00117921
0.000716034
0.000392722
0.00016871
3.05031e-05
2.18671e-05
0.000131802
0.00029093
0.000447874
0.000588445
0.0021002
0.00208066
0.00195656
0.00165122
0.00117921
0.000716034
0.000392722
0.00016871
3.05031e-05
2.18671e-05
0.000131802
0.00029093
0.000447874
0.000588445
0.0021002
0.00208066
0.00195656
0.00165122
0.00117921
0.000716034
0.000392722
0.00016871
3.05031e-05
2.18671e-05
0.000131802
0.00029093
0.000447874
0.000588445
0.0021002
0.00208066
0.00195656
0.00165122
0.00117921
0.000716034
0.000392722
0.00016871
3.05031e-05
2.18671e-05
0.000131802
0.00029093
0.000447874
0.000588445
0.0021002
0.00208066
0.00195656
0.00165122
0.00117921
0.000716034
0.000392722
0.00016871
3.05031e-05
2.18671e-05
0.000131802
0.00029093
0.000447874
0.000588445
0.0021002
0.00208066
0.00195656
0.00165122
0.00117921
0.000716034
0.000392722
0.00016871
3.05031e-05
2.18671e-05
0.000131802
0.00029093
0.000447874
0.000588445
0.0021002
0.00208066
0.00195656
0.00165122
0.00117921
0.000716034
0.000392722
0.00016871
3.05031e-05
2.18671e-05
0.000131802
0.00029093
0.000447874
0.000588445
0.0021002
0.00208066
0.00195656
0.00165122
0.00117921
0.000716034
0.000392722
0.00016871
3.05031e-05
2.18671e-05
0.000131802
0.00029093
0.000447874
0.000588445
0.0021002
0.00208066
0.00195656
0.00165122
0.00117921
0.000716034
0.000392722
0.00016871
3.05031e-05
2.18671e-05
0.000131802
0.00029093
0.000447874
0.000588445
0.0021002
0.00208066
0.00195656
0.00165122
0.00117921
0.000716034
0.000392722
0.00016871
3.05031e-05
2.18671e-05
0.000131802
0.00029093
0.000447874
0.000588445
0.0021002
0.00208066
0.00195656
0.00165122
0.00117921
0.000716034
0.000392722
0.00016871
3.05031e-05
2.18671e-05
0.000131802
0.00029093
0.000447874
0.000588445
0.0021002
0.00208066
0.00195656
0.00165122
0.00117921
0.000716034
0.000392722
0.00016871
3.05031e-05
2.18671e-05
0.000131802
0.00029093
0.000447874
0.000588445
0.0021002
0.00208066
0.00195656
0.00165122
0.00117921
0.000716034
0.000392722
0.00016871
3.05031e-05
2.18671e-05
0.000131802
0.00029093
0.000447874
0.000588445
0.0021002
0.00208066
0.00195656
0.00165122
0.00117921
0.000716034
0.000392722
0.00016871
3.05031e-05
2.18671e-05
0.000131802
0.00029093
0.000447874
0.000588445
0.0021002
0.00208066
0.00195656
0.00165122
0.00117921
0.000716034
0.000392722
0.00016871
3.05031e-05
2.18671e-05
0.000131802
0.00029093
0.000447874
0.000588445
0.0021002
0.00208066
0.00195656
0.00165122
0.00117921
0.000716034
0.000392722
0.00016871
3.05031e-05
2.18671e-05
0.000131802
0.00029093
0.000447874
0.000588445
0.0021002
0.00208066
0.00195656
0.00165122
0.00117921
0.000716034
0.000392722
0.00016871
3.05031e-05
2.18671e-05
0.000131802
0.00029093
0.000447874
0.000588445
0.0021002
0.00208066
0.00195656
0.00165122
0.00117921
0.000716034
0.000392722
0.00016871
3.05031e-05
2.18671e-05
0.000131802
0.00029093
0.000447874
0.000588445
0.0021002
0.00208066
0.00195656
0.00165122
0.00117921
0.000716034
0.000392722
0.00016871
3.05031e-05
2.18671e-05
0.000131802
0.00029093
0.000447874
0.000588445
0.0021002
0.00208066
0.00195656
0.00165122
0.00117921
0.000716034
0.000392722
0.00016871
3.05031e-05
2.18671e-05
0.000131802
0.00029093
0.000447874
0.000588445
0.0021002
0.00208066
0.00195656
0.00165122
0.00117921
0.000716034
0.000392722
0.00016871
3.05031e-05
2.18671e-05
0.000131802
0.00029093
0.000447874
0.000588445
0.0021002
0.00208066
0.00195656
0.00165122
0.00117921
0.000716034
0.000392722
0.00016871
3.05031e-05
2.18671e-05
0.000131802
0.00029093
0.000447874
0.000588445
0.0021002
0.00208066
0.00195656
0.00165122
0.00117921
0.000716034
0.000392722
0.00016871
3.05031e-05
2.18671e-05
0.000131802
0.00029093
0.000447874
0.000588445
0.0021002
0.00208066
0.00195656
0.00165122
0.00117921
0.000716034
0.000392722
0.00016871
3.05031e-05
2.18671e-05
0.000131802
0.00029093
0.000447874
0.000588445
0.0021002
0.00208066
0.00195656
0.00165122
0.00117921
0.000716034
0.000392722
0.00016871
3.05031e-05
2.18671e-05
0.000131802
0.00029093
0.000447874
0.000588445
0.0021002
0.00208066
0.00195656
0.00165122
0.00117921
0.000716034
0.000392722
0.00016871
3.05031e-05
2.18671e-05
0.000131802
0.00029093
0.000447874
0.000588445
0.0021002
0.00208066
0.00195656
0.00165122
0.00117921
0.000716034
0.000392722
0.00016871
3.05031e-05
2.18671e-05
0.000131802
0.00029093
0.000447874
0.000588445
0.0021002
0.00208066
0.00195656
0.00165122
0.00117921
0.000716034
0.000392722
0.00016871
3.05031e-05
2.18671e-05
0.000131802
0.00029093
0.000447874
0.000588445
0.0021002
0.00208066
0.00195656
0.00165122
0.00117921
0.000716034
0.000392722
0.00016871
3.05031e-05
2.18671e-05
0.000131802
0.00029093
0.000447874
0.000588445
0.0021002
0.00208066
0.00195656
0.00165122
0.00117921
0.000716034
0.000392722
0.00016871
3.05031e-05
2.18671e-05
0.000131802
0.00029093
0.000447874
0.000588445
0.0021002
0.00208066
0.00195656
0.00165122
0.00117921
0.000716034
0.000392722
0.00016871
3.05031e-05
2.18671e-05
0.000131802
0.00029093
0.000447874
0.000588445
0.0021002
0.00208066
0.00195656
0.00165122
0.00117921
0.000716034
0.000392722
0.00016871
3.05031e-05
2.18671e-05
0.000131802
0.00029093
0.000447874
0.000588445
0.0021002
0.00208066
0.00195656
0.00165122
0.00117921
0.000716034
0.000392722
0.00016871
3.05031e-05
2.18671e-05
0.000131802
0.00029093
0.000447874
0.000588445
0.0021002
0.00208066
0.00195656
0.00165122
0.00117921
0.000716034
0.000392722
0.00016871
3.05031e-05
2.18671e-05
0.000131802
0.00029093
0.000447874
0.000588445
0.0021002
0.00208066
0.00195656
0.00165122
0.00117921
0.000716034
0.000392722
0.00016871
3.05031e-05
2.18671e-05
0.000131802
0.00029093
0.000447874
0.000588445
0.0021002
0.00208066
0.00195656
0.00165122
0.00117921
0.000716034
0.000392722
0.00016871
3.05031e-05
2.18671e-05
0.000131802
0.00029093
0.000447874
0.000588445
0.0021002
0.00208066
0.00195656
0.00165122
0.00117921
0.000716034
0.000392722
0.00016871
3.05031e-05
2.18671e-05
0.000131802
0.00029093
0.000447874
0.000588445
0.0021002
0.00208066
0.00195656
0.00165122
0.00117921
0.000716034
0.000392722
0.00016871
3.05031e-05
2.18671e-05
0.000131802
0.00029093
0.000447874
0.000588445
0.0021002
0.00208066
0.00195656
0.00165122
0.00117921
0.000716034
0.000392722
0.00016871
3.05031e-05
2.18671e-05
0.000131802
0.00029093
0.000447874
0.000588445
0.0021002
0.00208066
0.00195656
0.00165122
0.00117921
0.000716034
0.000392722
0.00016871
3.05031e-05
2.18671e-05
0.000131802
0.00029093
0.000447874
0.000588445
0.0021002
0.00208066
0.00195656
0.00165122
0.00117921
0.000716034
0.000392722
0.00016871
3.05031e-05
2.18671e-05
0.000131802
0.00029093
0.000447874
0.000588445
0.0021002
0.00208066
0.00195656
0.00165122
0.00117921
0.000716034
0.000392722
0.00016871
3.05031e-05
2.18671e-05
0.000131802
0.00029093
0.000447874
0.000588445
0.0021002
0.00208066
0.00195656
0.00165122
0.00117921
0.000716034
0.000392722
0.00016871
3.05031e-05
2.18671e-05
0.000131802
0.00029093
0.000447874
0.000588445
0.0021002
0.00208066
0.00195656
0.00165122
0.00117921
0.000716034
0.000392722
0.00016871
3.05031e-05
2.18671e-05
0.000131802
0.00029093
0.000447874
0.000588445
0.0021002
0.00208066
0.00195656
0.00165122
0.00117921
0.000716034
0.000392722
0.00016871
3.05031e-05
2.18671e-05
0.000131802
0.00029093
0.000447874
0.000588445
0.0021002
0.00208066
0.00195656
0.00165122
0.00117921
0.000716034
0.000392722
0.00016871
3.05031e-05
2.18671e-05
0.000131802
0.00029093
0.000447874
0.000588445
0.0021002
0.00208066
0.00195656
0.00165122
0.00117921
0.000716034
0.000392722
0.00016871
3.05031e-05
2.18671e-05
0.000131802
0.00029093
0.000447874
0.000588445
0.0021002
0.00208066
0.00195656
0.00165122
0.00117921
0.000716034
0.000392722
0.00016871
3.05031e-05
2.18671e-05
0.000131802
0.00029093
0.000447874
0.000588445
0.0021002
0.00208066
0.00195656
0.00165122
0.00117921
0.000716034
0.000392722
0.00016871
3.05031e-05
2.18671e-05
0.000131802
0.00029093
0.000447874
0.000588445
0.0021002
0.00208066
0.00195656
0.00165122
0.00117921
0.000716034
0.000392722
0.00016871
3.05031e-05
2.18671e-05
0.000131802
0.00029093
0.000447874
0.000588445
0.0021002
0.00208066
0.00195656
0.00165122
0.00117921
0.000716034
0.000392722
0.00016871
3.05031e-05
2.18671e-05
0.000131802
0.00029093
0.000447874
0.000588445
0.0021002
0.00208066
0.00195656
0.00165122
0.00117921
0.000716034
0.000392722
0.00016871
3.05031e-05
2.18671e-05
0.000131802
0.00029093
0.000447874
0.000588445
0.0021002
0.00208066
0.00195656
0.00165122
0.00117921
0.000716034
0.000392722
0.00016871
3.05031e-05
2.18671e-05
0.000131802
0.00029093
0.000447874
0.000588445
0.0021002
0.00208066
0.00195656
0.00165122
0.00117921
0.000716034
0.000392722
0.00016871
3.05031e-05
2.18671e-05
0.000131802
0.00029093
0.000447874
0.000588445
0.0021002
0.00208066
0.00195656
0.00165122
0.00117921
0.000716034
0.000392722
0.00016871
3.05031e-05
2.18671e-05
0.000131802
0.00029093
0.000447874
0.000588445
0.0021002
0.00208066
0.00195656
0.00165122
0.00117921
0.000716034
0.000392722
0.00016871
3.05031e-05
2.18671e-05
0.000131802
0.00029093
0.000447874
0.000588445
0.0021002
0.00208066
0.00195656
0.00165122
0.00117921
0.000716034
0.000392722
0.00016871
3.05031e-05
2.18671e-05
0.000131802
0.00029093
0.000447874
0.000588445
0.0021002
0.00208066
0.00195656
0.00165122
0.00117921
0.000716034
0.000392722
0.00016871
3.05031e-05
2.18671e-05
0.000131802
0.00029093
0.000447874
0.000588445
0.0021002
0.00208066
0.00195656
0.00165122
0.00117921
0.000716034
0.000392722
0.00016871
3.05031e-05
2.18671e-05
0.000131802
0.00029093
0.000447874
0.000588445
0.0021002
0.00208066
0.00195656
0.00165122
0.00117921
0.000716034
0.000392722
0.00016871
3.05031e-05
2.18671e-05
0.000131802
0.00029093
0.000447874
0.000588445
0.0021002
0.00208066
0.00195656
0.00165122
0.00117921
0.000716034
0.000392722
0.00016871
3.05031e-05
2.18671e-05
0.000131802
0.00029093
0.000447874
0.000588445
0.0021002
0.00208066
0.00195656
0.00165122
0.00117921
0.000716034
0.000392722
0.00016871
3.05031e-05
2.18671e-05
0.000131802
0.00029093
0.000447874
0.000588445
0.0021002
0.00208066
0.00195656
0.00165122
0.00117921
0.000716034
0.000392722
0.00016871
3.05031e-05
2.18671e-05
0.000131802
0.00029093
0.000447874
0.000588445
0.0021002
0.00208066
0.00195656
0.00165122
0.00117921
0.000716034
0.000392722
0.00016871
3.05031e-05
2.18671e-05
0.000131802
0.00029093
0.000447874
0.000588445
0.0021002
0.00208066
0.00195656
0.00165122
0.00117921
0.000716034
0.000392722
0.00016871
3.05031e-05
2.18671e-05
0.000131802
0.00029093
0.000447874
0.000588445
0.0021002
0.00208066
0.00195656
0.00165122
0.00117921
0.000716034
0.000392722
0.00016871
3.05031e-05
2.18671e-05
0.000131802
0.00029093
0.000447874
0.000588445
0.0021002
0.00208066
0.00195656
0.00165122
0.00117921
0.000716034
0.000392722
0.00016871
3.05031e-05
2.18671e-05
0.000131802
0.00029093
0.000447874
0.000588445
0.0021002
0.00208066
0.00195656
0.00165122
0.00117921
0.000716034
0.000392722
0.00016871
3.05031e-05
2.18671e-05
0.000131802
0.00029093
0.000447874
0.000588445
0.0021002
0.00208066
0.00195656
0.00165122
0.00117921
0.000716034
0.000392722
0.00016871
3.05031e-05
2.18671e-05
0.000131802
0.00029093
0.000447874
0.000588445
0.0021002
0.00208066
0.00195656
0.00165122
0.00117921
0.000716034
0.000392722
0.00016871
3.05031e-05
2.18671e-05
0.000131802
0.00029093
0.000447874
0.000588445
0.0021002
0.00208066
0.00195656
0.00165122
0.00117921
0.000716034
0.000392722
0.00016871
3.05031e-05
2.18671e-05
0.000131802
0.00029093
0.000447874
0.000588445
0.0021002
0.00208066
0.00195656
0.00165122
0.00117921
0.000716034
0.000392722
0.00016871
3.05031e-05
2.18671e-05
0.000131802
0.00029093
0.000447874
0.000588445
0.0021002
0.00208066
0.00195656
0.00165122
0.00117921
0.000716034
0.000392722
0.00016871
3.05031e-05
2.18671e-05
0.000131802
0.00029093
0.000447874
0.000588445
0.0021002
0.00208066
0.00195656
0.00165122
0.00117921
0.000716034
0.000392722
0.00016871
3.05031e-05
2.18671e-05
0.000131802
0.00029093
0.000447874
0.000588445
0.0021002
0.00208066
0.00195656
0.00165122
0.00117921
0.000716034
0.000392722
0.00016871
3.05031e-05
2.18671e-05
0.000131802
0.00029093
0.000447874
0.000588445
0.0021002
0.00208066
0.00195656
0.00165122
0.00117921
0.000716034
0.000392722
0.00016871
3.05031e-05
2.18671e-05
0.000131802
0.00029093
0.000447874
0.000588445
0.0021002
0.00208066
0.00195656
0.00165122
0.00117921
0.000716034
0.000392722
0.00016871
3.05031e-05
2.18671e-05
0.000131802
0.00029093
0.000447874
0.000588445
0.0021002
0.00208066
0.00195656
0.00165122
0.00117921
0.000716034
0.000392722
0.00016871
3.05031e-05
2.18671e-05
0.000131802
0.00029093
0.000447874
0.000588445
0.0021002
0.00208066
0.00195656
0.00165122
0.00117921
0.000716034
0.000392722
0.00016871
3.05031e-05
2.18671e-05
0.000131802
0.00029093
0.000447874
0.000588445
0.0021002
0.00208066
0.00195656
0.00165122
0.00117921
0.000716034
0.000392722
0.00016871
3.05031e-05
2.18671e-05
0.000131802
0.00029093
0.000447874
0.000588445
0.0021002
0.00208066
0.00195656
0.00165122
0.00117921
0.000716034
0.000392722
0.00016871
3.05031e-05
2.18671e-05
0.000131802
0.00029093
0.000447874
0.000588445
0.0021002
0.00208066
0.00195656
0.00165122
0.00117921
0.000716034
0.000392722
0.00016871
3.05031e-05
2.18671e-05
0.000131802
0.00029093
0.000447874
0.000588445
0.0021002
0.00208066
0.00195656
0.00165122
0.00117921
0.000716034
0.000392722
0.00016871
3.05031e-05
2.18671e-05
0.000131802
0.00029093
0.000447874
0.000588445
0.0021002
0.00208066
0.00195656
0.00165122
0.00117921
0.000716034
0.000392722
0.00016871
3.05031e-05
2.18671e-05
0.000131802
0.00029093
0.000447874
0.000588445
0.0021002
0.00208066
0.00195656
0.00165122
0.00117921
0.000716034
0.000392722
0.00016871
3.05031e-05
2.18671e-05
0.000131802
0.00029093
0.000447874
0.000588445
0.0021002
0.00208066
0.00195656
0.00165122
0.00117921
0.000716034
0.000392722
0.00016871
3.05031e-05
2.18671e-05
0.000131802
0.00029093
0.000447874
0.000588445
0.0021002
0.00208066
0.00195656
0.00165122
0.00117921
0.000716034
0.000392722
0.00016871
3.05031e-05
2.18671e-05
0.000131802
0.00029093
0.000447874
0.000588445
0.0021002
0.00208066
0.00195656
0.00165122
0.00117921
0.000716034
0.000392722
0.00016871
3.05031e-05
2.18671e-05
0.000131802
0.00029093
0.000447874
0.000588445
0.0021002
0.00208066
0.00195656
0.00165122
0.00117921
0.000716034
0.000392722
0.00016871
3.05031e-05
2.18671e-05
0.000131802
0.00029093
0.000447874
0.000588445
0.0021002
0.00208066
0.00195656
0.00165122
0.00117921
0.000716034
0.000392722
0.00016871
3.05031e-05
2.18671e-05
0.000131802
0.00029093
0.000447874
0.000588445
0.0021002
0.00208066
0.00195656
0.00165122
0.00117921
0.000716034
0.000392722
0.00016871
3.05031e-05
2.18671e-05
0.000131802
0.00029093
0.000447874
0.000588445
0.0021002
0.00208066
0.00195656
0.00165122
0.00117921
0.000716034
0.000392722
0.00016871
3.05031e-05
2.18671e-05
0.000131802
0.00029093
0.000447874
0.000588445
0.0010501
0.00104268
0.000991481
0.000855686
0.000636666
0.000414749
0.000249212
0.0001223
3.60332e-05
1.9818e-05
7.13983e-05
0.000155922
0.000245955
0.000331638
0.0010501
0.00104233
0.000993385
0.00087028
0.000663563
0.000432964
0.00025655
0.000142464
6.68888e-05
8.38737e-06
0.000198824
0.00051105
0.000313347
0.000461749
0.0010501
0.00104333
0.000996006
0.00086491
0.000636704
0.000387085
0.00020011
7.77502e-05
1.29827e-05
1.25786e-05
6.7581e-05
0.00015721
0.000246546
0.000326997
0.0010501
0.0010431
0.00099403
0.000859739
0.000633268
0.000393819
0.000214504
8.84089e-05
1.46962e-05
1.1707e-05
6.92812e-05
0.00015456
0.000244516
0.000327495
0.0010501
0.00104291
0.000992781
0.000857492
0.000634082
0.000402617
0.00022963
0.000102883
2.31415e-05
1.43909e-05
7.00051e-05
0.000155306
0.00024523
0.000329203
0.0010501
0.0010428
0.000992133
0.000856527
0.000635149
0.000408274
0.00023889
0.000112015
2.90603e-05
1.67456e-05
7.05737e-05
0.000155621
0.000245595
0.000330309
0.0010501
0.00104274
0.000991807
0.00085609
0.000635851
0.00041141
0.000243921
0.000117018
3.24184e-05
1.81908e-05
7.09487e-05
0.00015577
0.000245774
0.000330942
0.0010501
0.00104271
0.000991644
0.000855884
0.000636245
0.000413054
0.000246534
0.000119625
3.41941e-05
1.89815e-05
7.11636e-05
0.000155845
0.000245864
0.000331282
0.0010501
0.0010427
0.000991563
0.000855784
0.000636452
0.000413895
0.000247865
0.000120954
3.51058e-05
1.9394e-05
7.12784e-05
0.000155883
0.000245909
0.000331458
0.0010501
0.00104269
0.000991522
0.000855735
0.000636558
0.000414321
0.000248536
0.000121625
3.55675e-05
1.96045e-05
7.13377e-05
0.000155903
0.000245932
0.000331548
0.0010501
0.00104269
0.000991502
0.000855711
0.000636612
0.000414534
0.000248874
0.000121962
3.57999e-05
1.97109e-05
7.13678e-05
0.000155912
0.000245943
0.000331593
0.0010501
0.00104268
0.000991492
0.000855698
0.000636639
0.000414642
0.000249043
0.000122131
3.59164e-05
1.97643e-05
7.1383e-05
0.000155917
0.000245949
0.000331615
0.0010501
0.00104268
0.000991486
0.000855692
0.000636653
0.000414695
0.000249127
0.000122215
3.59748e-05
1.97911e-05
7.13907e-05
0.00015592
0.000245952
0.000331627
0.0010501
0.00104268
0.000991484
0.000855689
0.000636659
0.000414722
0.000249169
0.000122258
3.6004e-05
1.98045e-05
7.13945e-05
0.000155921
0.000245953
0.000331633
0.0010501
0.00104268
0.000991483
0.000855688
0.000636663
0.000414736
0.000249191
0.000122279
3.60186e-05
1.98112e-05
7.13964e-05
0.000155922
0.000245954
0.000331635
0.0010501
0.00104268
0.000991482
0.000855687
0.000636665
0.000414742
0.000249201
0.000122289
3.60259e-05
1.98146e-05
7.13973e-05
0.000155922
0.000245954
0.000331637
0.0010501
0.00104268
0.000991482
0.000855687
0.000636665
0.000414746
0.000249206
0.000122295
3.60296e-05
1.98163e-05
7.13978e-05
0.000155922
0.000245954
0.000331638
0.0010501
0.00104268
0.000991482
0.000855686
0.000636666
0.000414747
0.000249209
0.000122297
3.60314e-05
1.98171e-05
7.13981e-05
0.000155922
0.000245955
0.000331638
0.0010501
0.00104268
0.000991481
0.000855686
0.000636666
0.000414748
0.00024921
0.000122299
3.60323e-05
1.98175e-05
7.13982e-05
0.000155922
0.000245955
0.000331638
0.0010501
0.00104268
0.000991481
0.000855686
0.000636666
0.000414749
0.000249211
0.000122299
3.60328e-05
1.98178e-05
7.13982e-05
0.000155922
0.000245955
0.000331638
0.0010501
0.00104268
0.000991481
0.000855686
0.000636666
0.000414749
0.000249211
0.0001223
3.6033e-05
1.98179e-05
7.13983e-05
0.000155922
0.000245955
0.000331638
0.0010501
0.00104268
0.000991481
0.000855686
0.000636666
0.000414749
0.000249212
0.0001223
3.60331e-05
1.98179e-05
7.13983e-05
0.000155922
0.000245955
0.000331638
0.0010501
0.00104268
0.000991481
0.000855686
0.000636666
0.000414749
0.000249212
0.0001223
3.60332e-05
1.98179e-05
7.13983e-05
0.000155922
0.000245955
0.000331638
0.0010501
0.00104268
0.000991481
0.000855686
0.000636666
0.000414749
0.000249212
0.0001223
3.60332e-05
1.98179e-05
7.13983e-05
0.000155922
0.000245955
0.000331638
0.0010501
0.00104268
0.000991481
0.000855686
0.000636666
0.000414749
0.000249212
0.0001223
3.60332e-05
1.9818e-05
7.13983e-05
0.000155922
0.000245955
0.000331638
0.0010501
0.00104268
0.000991481
0.000855686
0.000636666
0.000414749
0.000249212
0.0001223
3.60332e-05
1.9818e-05
7.13983e-05
0.000155922
0.000245955
0.000331638
0.0010501
0.00104268
0.000991481
0.000855686
0.000636666
0.000414749
0.000249212
0.0001223
3.60332e-05
1.9818e-05
7.13983e-05
0.000155922
0.000245955
0.000331638
0.0010501
0.00104268
0.000991481
0.000855686
0.000636666
0.000414749
0.000249212
0.0001223
3.60332e-05
1.9818e-05
7.13983e-05
0.000155922
0.000245955
0.000331638
0.0010501
0.00104268
0.000991481
0.000855686
0.000636666
0.000414749
0.000249212
0.0001223
3.60332e-05
1.9818e-05
7.13983e-05
0.000155922
0.000245955
0.000331638
0.0010501
0.00104268
0.000991481
0.000855686
0.000636666
0.000414749
0.000249212
0.0001223
3.60332e-05
1.9818e-05
7.13983e-05
0.000155922
0.000245955
0.000331638
0.0010501
0.00104268
0.000991481
0.000855686
0.000636666
0.000414749
0.000249212
0.0001223
3.60332e-05
1.9818e-05
7.13983e-05
0.000155922
0.000245955
0.000331638
0.0010501
0.00104268
0.000991481
0.000855686
0.000636666
0.000414749
0.000249212
0.0001223
3.60332e-05
1.9818e-05
7.13983e-05
0.000155922
0.000245955
0.000331638
0.0010501
0.00104268
0.000991481
0.000855686
0.000636666
0.000414749
0.000249212
0.0001223
3.60332e-05
1.9818e-05
7.13983e-05
0.000155922
0.000245955
0.000331638
0.0010501
0.00104268
0.000991481
0.000855686
0.000636666
0.000414749
0.000249212
0.0001223
3.60332e-05
1.9818e-05
7.13983e-05
0.000155922
0.000245955
0.000331638
0.0010501
0.00104268
0.000991481
0.000855686
0.000636666
0.000414749
0.000249212
0.0001223
3.60332e-05
1.9818e-05
7.13983e-05
0.000155922
0.000245955
0.000331638
0.0010501
0.00104268
0.000991481
0.000855686
0.000636666
0.000414749
0.000249212
0.0001223
3.60332e-05
1.9818e-05
7.13983e-05
0.000155922
0.000245955
0.000331638
0.0010501
0.00104268
0.000991481
0.000855686
0.000636666
0.000414749
0.000249212
0.0001223
3.60332e-05
1.9818e-05
7.13983e-05
0.000155922
0.000245955
0.000331638
0.0010501
0.00104268
0.000991481
0.000855686
0.000636666
0.000414749
0.000249212
0.0001223
3.60332e-05
1.9818e-05
7.13983e-05
0.000155922
0.000245955
0.000331638
0.0010501
0.00104268
0.000991481
0.000855686
0.000636666
0.000414749
0.000249212
0.0001223
3.60332e-05
1.9818e-05
7.13983e-05
0.000155922
0.000245955
0.000331638
0.0010501
0.00104268
0.000991481
0.000855686
0.000636666
0.000414749
0.000249212
0.0001223
3.60332e-05
1.9818e-05
7.13983e-05
0.000155922
0.000245955
0.000331638
0.0010501
0.00104268
0.000991481
0.000855686
0.000636666
0.000414749
0.000249212
0.0001223
3.60332e-05
1.9818e-05
7.13983e-05
0.000155922
0.000245955
0.000331638
0.0010501
0.00104268
0.000991481
0.000855686
0.000636666
0.000414749
0.000249212
0.0001223
3.60332e-05
1.9818e-05
7.13983e-05
0.000155922
0.000245955
0.000331638
0.0010501
0.00104268
0.000991481
0.000855686
0.000636666
0.000414749
0.000249212
0.0001223
3.60332e-05
1.9818e-05
7.13983e-05
0.000155922
0.000245955
0.000331638
0.0010501
0.00104268
0.000991481
0.000855686
0.000636666
0.000414749
0.000249212
0.0001223
3.60332e-05
1.9818e-05
7.13983e-05
0.000155922
0.000245955
0.000331638
0.0010501
0.00104268
0.000991481
0.000855686
0.000636666
0.000414749
0.000249212
0.0001223
3.60332e-05
1.9818e-05
7.13983e-05
0.000155922
0.000245955
0.000331638
0.0010501
0.00104268
0.000991481
0.000855686
0.000636666
0.000414749
0.000249212
0.0001223
3.60332e-05
1.9818e-05
7.13983e-05
0.000155922
0.000245955
0.000331638
0.0010501
0.00104268
0.000991481
0.000855686
0.000636666
0.000414749
0.000249212
0.0001223
3.60332e-05
1.9818e-05
7.13983e-05
0.000155922
0.000245955
0.000331638
0.0010501
0.00104268
0.000991481
0.000855686
0.000636666
0.000414749
0.000249212
0.0001223
3.60332e-05
1.9818e-05
7.13983e-05
0.000155922
0.000245955
0.000331638
0.0010501
0.00104268
0.000991481
0.000855686
0.000636666
0.000414749
0.000249212
0.0001223
3.60332e-05
1.9818e-05
7.13983e-05
0.000155922
0.000245955
0.000331638
0.0010501
0.00104268
0.000991481
0.000855686
0.000636666
0.000414749
0.000249212
0.0001223
3.60332e-05
1.9818e-05
7.13983e-05
0.000155922
0.000245955
0.000331638
0.0010501
0.00104268
0.000991481
0.000855686
0.000636666
0.000414749
0.000249212
0.0001223
3.60332e-05
1.9818e-05
7.13983e-05
0.000155922
0.000245955
0.000331638
0.0010501
0.00104268
0.000991481
0.000855686
0.000636666
0.000414749
0.000249212
0.0001223
3.60332e-05
1.9818e-05
7.13983e-05
0.000155922
0.000245955
0.000331638
0.0010501
0.00104268
0.000991481
0.000855686
0.000636666
0.000414749
0.000249212
0.0001223
3.60332e-05
1.9818e-05
7.13983e-05
0.000155922
0.000245955
0.000331638
0.0010501
0.00104268
0.000991481
0.000855686
0.000636666
0.000414749
0.000249212
0.0001223
3.60332e-05
1.9818e-05
7.13983e-05
0.000155922
0.000245955
0.000331638
0.0010501
0.00104268
0.000991481
0.000855686
0.000636666
0.000414749
0.000249212
0.0001223
3.60332e-05
1.9818e-05
7.13983e-05
0.000155922
0.000245955
0.000331638
0.0010501
0.00104268
0.000991481
0.000855686
0.000636666
0.000414749
0.000249212
0.0001223
3.60332e-05
1.9818e-05
7.13983e-05
0.000155922
0.000245955
0.000331638
0.0010501
0.00104268
0.000991481
0.000855686
0.000636666
0.000414749
0.000249212
0.0001223
3.60332e-05
1.9818e-05
7.13983e-05
0.000155922
0.000245955
0.000331638
0.0010501
0.00104268
0.000991481
0.000855686
0.000636666
0.000414749
0.000249212
0.0001223
3.60332e-05
1.9818e-05
7.13983e-05
0.000155922
0.000245955
0.000331638
0.0010501
0.00104268
0.000991481
0.000855686
0.000636666
0.000414749
0.000249212
0.0001223
3.60332e-05
1.9818e-05
7.13983e-05
0.000155922
0.000245955
0.000331638
0.0010501
0.00104268
0.000991481
0.000855686
0.000636666
0.000414749
0.000249212
0.0001223
3.60332e-05
1.9818e-05
7.13983e-05
0.000155922
0.000245955
0.000331638
0.0010501
0.00104268
0.000991481
0.000855686
0.000636666
0.000414749
0.000249212
0.0001223
3.60332e-05
1.9818e-05
7.13983e-05
0.000155922
0.000245955
0.000331638
0.0010501
0.00104268
0.000991481
0.000855686
0.000636666
0.000414749
0.000249212
0.0001223
3.60332e-05
1.9818e-05
7.13983e-05
0.000155922
0.000245955
0.000331638
0.0010501
0.00104268
0.000991481
0.000855686
0.000636666
0.000414749
0.000249212
0.0001223
3.60332e-05
1.9818e-05
7.13983e-05
0.000155922
0.000245955
0.000331638
0.0010501
0.00104268
0.000991481
0.000855686
0.000636666
0.000414749
0.000249212
0.0001223
3.60332e-05
1.9818e-05
7.13983e-05
0.000155922
0.000245955
0.000331638
0.0010501
0.00104268
0.000991481
0.000855686
0.000636666
0.000414749
0.000249212
0.0001223
3.60332e-05
1.9818e-05
7.13983e-05
0.000155922
0.000245955
0.000331638
0.0010501
0.00104268
0.000991481
0.000855686
0.000636666
0.000414749
0.000249212
0.0001223
3.60332e-05
1.9818e-05
7.13983e-05
0.000155922
0.000245955
0.000331638
0.0010501
0.00104268
0.000991481
0.000855686
0.000636666
0.000414749
0.000249212
0.0001223
3.60332e-05
1.9818e-05
7.13983e-05
0.000155922
0.000245955
0.000331638
0.0010501
0.00104268
0.000991481
0.000855686
0.000636666
0.000414749
0.000249212
0.0001223
3.60332e-05
1.9818e-05
7.13983e-05
0.000155922
0.000245955
0.000331638
0.0010501
0.00104268
0.000991481
0.000855686
0.000636666
0.000414749
0.000249212
0.0001223
3.60332e-05
1.9818e-05
7.13983e-05
0.000155922
0.000245955
0.000331638
0.0010501
0.00104268
0.000991481
0.000855686
0.000636666
0.000414749
0.000249212
0.0001223
3.60332e-05
1.9818e-05
7.13983e-05
0.000155922
0.000245955
0.000331638
0.0010501
0.00104268
0.000991481
0.000855686
0.000636666
0.000414749
0.000249212
0.0001223
3.60332e-05
1.9818e-05
7.13983e-05
0.000155922
0.000245955
0.000331638
0.0010501
0.00104268
0.000991481
0.000855686
0.000636666
0.000414749
0.000249212
0.0001223
3.60332e-05
1.9818e-05
7.13983e-05
0.000155922
0.000245955
0.000331638
0.0010501
0.00104268
0.000991481
0.000855686
0.000636666
0.000414749
0.000249212
0.0001223
3.60332e-05
1.9818e-05
7.13983e-05
0.000155922
0.000245955
0.000331638
0.0010501
0.00104268
0.000991481
0.000855686
0.000636666
0.000414749
0.000249212
0.0001223
3.60332e-05
1.9818e-05
7.13983e-05
0.000155922
0.000245955
0.000331638
0.0010501
0.00104268
0.000991481
0.000855686
0.000636666
0.000414749
0.000249212
0.0001223
3.60332e-05
1.9818e-05
7.13983e-05
0.000155922
0.000245955
0.000331638
0.0010501
0.00104268
0.000991481
0.000855686
0.000636666
0.000414749
0.000249212
0.0001223
3.60332e-05
1.9818e-05
7.13983e-05
0.000155922
0.000245955
0.000331638
0.0010501
0.00104268
0.000991481
0.000855686
0.000636666
0.000414749
0.000249212
0.0001223
3.60332e-05
1.9818e-05
7.13983e-05
0.000155922
0.000245955
0.000331638
0.0010501
0.00104268
0.000991481
0.000855686
0.000636666
0.000414749
0.000249212
0.0001223
3.60332e-05
1.9818e-05
7.13983e-05
0.000155922
0.000245955
0.000331638
0.0010501
0.00104268
0.000991481
0.000855686
0.000636666
0.000414749
0.000249212
0.0001223
3.60332e-05
1.9818e-05
7.13983e-05
0.000155922
0.000245955
0.000331638
0.0010501
0.00104268
0.000991481
0.000855686
0.000636666
0.000414749
0.000249212
0.0001223
3.60332e-05
1.9818e-05
7.13983e-05
0.000155922
0.000245955
0.000331638
0.0010501
0.00104268
0.000991481
0.000855686
0.000636666
0.000414749
0.000249212
0.0001223
3.60332e-05
1.9818e-05
7.13983e-05
0.000155922
0.000245955
0.000331638
0.0010501
0.00104268
0.000991481
0.000855686
0.000636666
0.000414749
0.000249212
0.0001223
3.60332e-05
1.9818e-05
7.13983e-05
0.000155922
0.000245955
0.000331638
0.0010501
0.00104268
0.000991481
0.000855686
0.000636666
0.000414749
0.000249212
0.0001223
3.60332e-05
1.9818e-05
7.13983e-05
0.000155922
0.000245955
0.000331638
0.0010501
0.00104268
0.000991481
0.000855686
0.000636666
0.000414749
0.000249212
0.0001223
3.60332e-05
1.9818e-05
7.13983e-05
0.000155922
0.000245955
0.000331638
0.0010501
0.00104268
0.000991481
0.000855686
0.000636666
0.000414749
0.000249212
0.0001223
3.60332e-05
1.9818e-05
7.13983e-05
0.000155922
0.000245955
0.000331638
0.0010501
0.00104268
0.000991481
0.000855686
0.000636666
0.000414749
0.000249212
0.0001223
3.60332e-05
1.9818e-05
7.13983e-05
0.000155922
0.000245955
0.000331638
0.0010501
0.00104268
0.000991481
0.000855686
0.000636666
0.000414749
0.000249212
0.0001223
3.60332e-05
1.9818e-05
7.13983e-05
0.000155922
0.000245955
0.000331638
0.0010501
0.00104268
0.000991481
0.000855686
0.000636666
0.000414749
0.000249212
0.0001223
3.60332e-05
1.9818e-05
7.13983e-05
0.000155922
0.000245955
0.000331638
0.0010501
0.00104268
0.000991481
0.000855686
0.000636666
0.000414749
0.000249212
0.0001223
3.60332e-05
1.9818e-05
7.13983e-05
0.000155922
0.000245955
0.000331638
0.0010501
0.00104268
0.000991481
0.000855686
0.000636666
0.000414749
0.000249212
0.0001223
3.60332e-05
1.9818e-05
7.13983e-05
0.000155922
0.000245955
0.000331638
0.0010501
0.00104268
0.000991481
0.000855686
0.000636666
0.000414749
0.000249212
0.0001223
3.60332e-05
1.9818e-05
7.13983e-05
0.000155922
0.000245955
0.000331638
0.0010501
0.00104268
0.000991481
0.000855686
0.000636666
0.000414749
0.000249212
0.0001223
3.60332e-05
1.9818e-05
7.13983e-05
0.000155922
0.000245955
0.000331638
0.0010501
0.00104268
0.000991481
0.000855686
0.000636666
0.000414749
0.000249212
0.0001223
3.60332e-05
1.9818e-05
7.13983e-05
0.000155922
0.000245955
0.000331638
0.0010501
0.00104268
0.000991481
0.000855686
0.000636666
0.000414749
0.000249212
0.0001223
3.60332e-05
1.9818e-05
7.13983e-05
0.000155922
0.000245955
0.000331638
0.0010501
0.00104268
0.000991481
0.000855686
0.000636666
0.000414749
0.000249212
0.0001223
3.60332e-05
1.9818e-05
7.13983e-05
0.000155922
0.000245955
0.000331638
0.0010501
0.00104268
0.000991481
0.000855686
0.000636666
0.000414749
0.000249212
0.0001223
3.60332e-05
1.9818e-05
7.13983e-05
0.000155922
0.000245955
0.000331638
0.0010501
0.00104268
0.000991481
0.000855686
0.000636666
0.000414749
0.000249212
0.0001223
3.60332e-05
1.9818e-05
7.13983e-05
0.000155922
0.000245955
0.000331638
0.0010501
0.00104268
0.000991481
0.000855686
0.000636666
0.000414749
0.000249212
0.0001223
3.60332e-05
1.9818e-05
7.13983e-05
0.000155922
0.000245955
0.000331638
0.0010501
0.00104268
0.000991481
0.000855686
0.000636666
0.000414749
0.000249212
0.0001223
3.60332e-05
1.9818e-05
7.13983e-05
0.000155922
0.000245955
0.000331638
0.0010501
0.00104268
0.000991481
0.000855686
0.000636666
0.000414749
0.000249212
0.0001223
3.60332e-05
1.9818e-05
7.13983e-05
0.000155922
0.000245955
0.000331638
0.0010501
0.00104268
0.000991481
0.000855686
0.000636666
0.000414749
0.000249212
0.0001223
3.60332e-05
1.9818e-05
7.13983e-05
0.000155922
0.000245955
0.000331638
0.0010501
0.00104268
0.000991481
0.000855686
0.000636666
0.000414749
0.000249212
0.0001223
3.60332e-05
1.9818e-05
7.13983e-05
0.000155922
0.000245955
0.000331638
0.0010501
0.00104268
0.000991481
0.000855686
0.000636666
0.000414749
0.000249212
0.0001223
3.60332e-05
1.9818e-05
7.13983e-05
0.000155922
0.000245955
0.000331638
0.0010501
0.00104268
0.000991481
0.000855686
0.000636666
0.000414749
0.000249212
0.0001223
3.60332e-05
1.9818e-05
7.13983e-05
0.000155922
0.000245955
0.000331638
0.0010501
0.00104268
0.000991481
0.000855686
0.000636666
0.000414749
0.000249212
0.0001223
3.60332e-05
1.9818e-05
7.13983e-05
0.000155922
0.000245955
0.000331638
0.0010501
0.00104268
0.000991481
0.000855686
0.000636666
0.000414749
0.000249212
0.0001223
3.60332e-05
1.9818e-05
7.13983e-05
0.000155922
0.000245955
0.000331638
0.0010501
0.00104268
0.000991481
0.000855686
0.000636666
0.000414749
0.000249212
0.0001223
3.60332e-05
1.9818e-05
7.13983e-05
0.000155922
0.000245955
0.000331638
0.0010501
0.00104268
0.000991481
0.000855686
0.000636666
0.000414749
0.000249212
0.0001223
3.60332e-05
1.9818e-05
7.13983e-05
0.000155922
0.000245955
0.000331638
0.0010501
0.00104268
0.000991481
0.000855686
0.000636666
0.000414749
0.000249212
0.0001223
3.60332e-05
1.9818e-05
7.13983e-05
0.000155922
0.000245955
0.000331638
0.0010501
0.00104268
0.000991481
0.000855686
0.000636666
0.000414749
0.000249212
0.0001223
3.60332e-05
1.9818e-05
7.13983e-05
0.000155922
0.000245955
0.000331638
0.0010501
0.00104268
0.000991481
0.000855686
0.000636666
0.000414749
0.000249212
0.0001223
3.60332e-05
1.9818e-05
7.13983e-05
0.000155922
0.000245955
0.000331638
0.0010501
0.00104268
0.000991481
0.000855686
0.000636666
0.000414749
0.000249212
0.0001223
3.60332e-05
1.9818e-05
7.13983e-05
0.000155922
0.000245955
0.000331638
0.0010501
0.00104268
0.000991481
0.000855686
0.000636666
0.000414749
0.000249212
0.0001223
3.60332e-05
1.9818e-05
7.13983e-05
0.000155922
0.000245955
0.000331638
0.0010501
0.00104268
0.000991481
0.000855686
0.000636666
0.000414749
0.000249212
0.0001223
3.60332e-05
1.9818e-05
7.13983e-05
0.000155922
0.000245955
0.000331638
0.0010501
0.00104268
0.000991481
0.000855686
0.000636666
0.000414749
0.000249212
0.0001223
3.60332e-05
1.9818e-05
7.13983e-05
0.000155922
0.000245955
0.000331638
0.0010501
0.00104268
0.000991481
0.000855686
0.000636666
0.000414749
0.000249212
0.0001223
3.60332e-05
1.9818e-05
7.13983e-05
0.000155922
0.000245955
0.000331638
0.0010501
0.00104268
0.000991481
0.000855686
0.000636666
0.000414749
0.000249212
0.0001223
3.60332e-05
1.9818e-05
7.13983e-05
0.000155922
0.000245955
0.000331638
0.0010501
0.00104268
0.000991481
0.000855686
0.000636666
0.000414749
0.000249212
0.0001223
3.60332e-05
1.9818e-05
7.13983e-05
0.000155922
0.000245955
0.000331638
0.0010501
0.00104268
0.000991481
0.000855686
0.000636666
0.000414749
0.000249212
0.0001223
3.60332e-05
1.9818e-05
7.13983e-05
0.000155922
0.000245955
0.000331638
0.0010501
0.00104268
0.000991481
0.000855686
0.000636666
0.000414749
0.000249212
0.0001223
3.60332e-05
1.9818e-05
7.13983e-05
0.000155922
0.000245955
0.000331638
0.0010501
0.00104268
0.000991481
0.000855686
0.000636666
0.000414749
0.000249212
0.0001223
3.60332e-05
1.9818e-05
7.13983e-05
0.000155922
0.000245955
0.000331638
0.000700066
0.000695121
0.000660985
0.000570454
0.000424443
0.000276509
0.000166166
8.15696e-05
2.40565e-05
1.32279e-05
4.75816e-05
0.000103889
0.000163866
0.000220952
0.000700066
0.00069505
0.000663125
0.000582015
0.000445311
0.000292811
0.000175761
9.88966e-05
4.7595e-05
7.73872e-06
0.000132831
0.000350325
0.000221272
0.00030186
0.000700066
0.000695617
0.000664377
0.000577601
0.000426513
0.000261129
0.000136682
5.45167e-05
1.04864e-05
9.50858e-06
4.57853e-05
0.000105655
0.000165628
0.000218543
0.000700066
0.000695429
0.000662865
0.00057368
0.000423311
0.000264325
0.000145002
6.06615e-05
1.10022e-05
8.51373e-06
4.65632e-05
0.000103285
0.000163294
0.000218661
0.000700066
0.000695284
0.000661941
0.000571926
0.000423313
0.000269362
0.000154186
6.95652e-05
1.6129e-05
1.00085e-05
4.68693e-05
0.000103618
0.000163543
0.000219568
0.000700066
0.000695205
0.000661464
0.00057115
0.000423735
0.000272677
0.000159844
7.52077e-05
1.97629e-05
1.13937e-05
4.7147e-05
0.000103758
0.000163701
0.000220186
0.000700066
0.000695163
0.000661224
0.000570791
0.000424053
0.000274529
0.000162923
7.83016e-05
2.18296e-05
1.2254e-05
4.73415e-05
0.000103822
0.000163782
0.000220548
0.000700066
0.000695142
0.000661105
0.00057062
0.000424239
0.000275503
0.000164525
7.99142e-05
2.29233e-05
1.27267e-05
4.74554e-05
0.000103855
0.000163824
0.000220745
0.000700066
0.000695132
0.000661045
0.000570536
0.000424339
0.000276002
0.00016534
8.07366e-05
2.3485e-05
1.29737e-05
4.7517e-05
0.000103872
0.000163845
0.000220847
0.000700066
0.000695126
0.000661015
0.000570495
0.000424391
0.000276254
0.000165752
8.11517e-05
2.37695e-05
1.30999e-05
4.75489e-05
0.00010388
0.000163856
0.000220899
0.000700066
0.000695124
0.000661
0.000570474
0.000424417
0.000276381
0.000165959
8.13603e-05
2.39127e-05
1.31637e-05
4.75652e-05
0.000103884
0.000163861
0.000220925
0.000700066
0.000695123
0.000660993
0.000570464
0.00042443
0.000276445
0.000166062
8.14649e-05
2.39846e-05
1.31958e-05
4.75734e-05
0.000103886
0.000163864
0.000220939
0.000700066
0.000695122
0.000660989
0.000570459
0.000424437
0.000276477
0.000166114
8.15172e-05
2.40205e-05
1.32118e-05
4.75775e-05
0.000103887
0.000163865
0.000220945
0.000700066
0.000695122
0.000660987
0.000570456
0.00042444
0.000276493
0.00016614
8.15434e-05
2.40385e-05
1.32199e-05
4.75796e-05
0.000103888
0.000163866
0.000220949
0.000700066
0.000695121
0.000660986
0.000570455
0.000424442
0.000276501
0.000166153
8.15565e-05
2.40475e-05
1.32239e-05
4.75806e-05
0.000103888
0.000163866
0.00022095
0.000700066
0.000695121
0.000660986
0.000570454
0.000424443
0.000276505
0.00016616
8.1563e-05
2.4052e-05
1.32259e-05
4.75811e-05
0.000103888
0.000163866
0.000220951
0.000700066
0.000695121
0.000660985
0.000570454
0.000424443
0.000276507
0.000166163
8.15663e-05
2.40543e-05
1.32269e-05
4.75814e-05
0.000103888
0.000163866
0.000220952
0.000700066
0.000695121
0.000660985
0.000570454
0.000424443
0.000276508
0.000166164
8.15679e-05
2.40554e-05
1.32274e-05
4.75815e-05
0.000103889
0.000163866
0.000220952
0.000700066
0.000695121
0.000660985
0.000570454
0.000424443
0.000276508
0.000166165
8.15688e-05
2.4056e-05
1.32277e-05
4.75816e-05
0.000103889
0.000163866
0.000220952
0.000700066
0.000695121
0.000660985
0.000570454
0.000424443
0.000276509
0.000166166
8.15692e-05
2.40563e-05
1.32278e-05
4.75816e-05
0.000103889
0.000163866
0.000220952
0.000700066
0.000695121
0.000660985
0.000570454
0.000424443
0.000276509
0.000166166
8.15694e-05
2.40564e-05
1.32279e-05
4.75816e-05
0.000103889
0.000163866
0.000220952
0.000700066
0.000695121
0.000660985
0.000570454
0.000424443
0.000276509
0.000166166
8.15695e-05
2.40565e-05
1.32279e-05
4.75816e-05
0.000103889
0.000163866
0.000220952
0.000700066
0.000695121
0.000660985
0.000570454
0.000424443
0.000276509
0.000166166
8.15695e-05
2.40565e-05
1.32279e-05
4.75816e-05
0.000103889
0.000163866
0.000220952
0.000700066
0.000695121
0.000660985
0.000570454
0.000424443
0.000276509
0.000166166
8.15695e-05
2.40565e-05
1.32279e-05
4.75816e-05
0.000103889
0.000163866
0.000220952
0.000700066
0.000695121
0.000660985
0.000570454
0.000424443
0.000276509
0.000166166
8.15696e-05
2.40565e-05
1.32279e-05
4.75816e-05
0.000103889
0.000163866
0.000220952
0.000700066
0.000695121
0.000660985
0.000570454
0.000424443
0.000276509
0.000166166
8.15696e-05
2.40565e-05
1.32279e-05
4.75816e-05
0.000103889
0.000163866
0.000220952
0.000700066
0.000695121
0.000660985
0.000570454
0.000424443
0.000276509
0.000166166
8.15696e-05
2.40565e-05
1.32279e-05
4.75816e-05
0.000103889
0.000163866
0.000220952
0.000700066
0.000695121
0.000660985
0.000570454
0.000424443
0.000276509
0.000166166
8.15696e-05
2.40565e-05
1.32279e-05
4.75816e-05
0.000103889
0.000163866
0.000220952
0.000700066
0.000695121
0.000660985
0.000570454
0.000424443
0.000276509
0.000166166
8.15696e-05
2.40565e-05
1.32279e-05
4.75816e-05
0.000103889
0.000163866
0.000220952
0.000700066
0.000695121
0.000660985
0.000570454
0.000424443
0.000276509
0.000166166
8.15696e-05
2.40565e-05
1.32279e-05
4.75816e-05
0.000103889
0.000163866
0.000220952
0.000700066
0.000695121
0.000660985
0.000570454
0.000424443
0.000276509
0.000166166
8.15696e-05
2.40565e-05
1.32279e-05
4.75816e-05
0.000103889
0.000163866
0.000220952
0.000700066
0.000695121
0.000660985
0.000570454
0.000424443
0.000276509
0.000166166
8.15696e-05
2.40565e-05
1.32279e-05
4.75816e-05
0.000103889
0.000163866
0.000220952
0.000700066
0.000695121
0.000660985
0.000570454
0.000424443
0.000276509
0.000166166
8.15696e-05
2.40565e-05
1.32279e-05
4.75816e-05
0.000103889
0.000163866
0.000220952
0.000700066
0.000695121
0.000660985
0.000570454
0.000424443
0.000276509
0.000166166
8.15696e-05
2.40565e-05
1.32279e-05
4.75816e-05
0.000103889
0.000163866
0.000220952
0.000700066
0.000695121
0.000660985
0.000570454
0.000424443
0.000276509
0.000166166
8.15696e-05
2.40565e-05
1.32279e-05
4.75816e-05
0.000103889
0.000163866
0.000220952
0.000700066
0.000695121
0.000660985
0.000570454
0.000424443
0.000276509
0.000166166
8.15696e-05
2.40565e-05
1.32279e-05
4.75816e-05
0.000103889
0.000163866
0.000220952
0.000700066
0.000695121
0.000660985
0.000570454
0.000424443
0.000276509
0.000166166
8.15696e-05
2.40565e-05
1.32279e-05
4.75816e-05
0.000103889
0.000163866
0.000220952
0.000700066
0.000695121
0.000660985
0.000570454
0.000424443
0.000276509
0.000166166
8.15696e-05
2.40565e-05
1.32279e-05
4.75816e-05
0.000103889
0.000163866
0.000220952
0.000700066
0.000695121
0.000660985
0.000570454
0.000424443
0.000276509
0.000166166
8.15696e-05
2.40565e-05
1.32279e-05
4.75816e-05
0.000103889
0.000163866
0.000220952
0.000700066
0.000695121
0.000660985
0.000570454
0.000424443
0.000276509
0.000166166
8.15696e-05
2.40565e-05
1.32279e-05
4.75816e-05
0.000103889
0.000163866
0.000220952
0.000700066
0.000695121
0.000660985
0.000570454
0.000424443
0.000276509
0.000166166
8.15696e-05
2.40565e-05
1.32279e-05
4.75816e-05
0.000103889
0.000163866
0.000220952
0.000700066
0.000695121
0.000660985
0.000570454
0.000424443
0.000276509
0.000166166
8.15696e-05
2.40565e-05
1.32279e-05
4.75816e-05
0.000103889
0.000163866
0.000220952
0.000700066
0.000695121
0.000660985
0.000570454
0.000424443
0.000276509
0.000166166
8.15696e-05
2.40565e-05
1.32279e-05
4.75816e-05
0.000103889
0.000163866
0.000220952
0.000700066
0.000695121
0.000660985
0.000570454
0.000424443
0.000276509
0.000166166
8.15696e-05
2.40565e-05
1.32279e-05
4.75816e-05
0.000103889
0.000163866
0.000220952
0.000700066
0.000695121
0.000660985
0.000570454
0.000424443
0.000276509
0.000166166
8.15696e-05
2.40565e-05
1.32279e-05
4.75816e-05
0.000103889
0.000163866
0.000220952
0.000700066
0.000695121
0.000660985
0.000570454
0.000424443
0.000276509
0.000166166
8.15696e-05
2.40565e-05
1.32279e-05
4.75816e-05
0.000103889
0.000163866
0.000220952
0.000700066
0.000695121
0.000660985
0.000570454
0.000424443
0.000276509
0.000166166
8.15696e-05
2.40565e-05
1.32279e-05
4.75816e-05
0.000103889
0.000163866
0.000220952
0.000700066
0.000695121
0.000660985
0.000570454
0.000424443
0.000276509
0.000166166
8.15696e-05
2.40565e-05
1.32279e-05
4.75816e-05
0.000103889
0.000163866
0.000220952
0.000700066
0.000695121
0.000660985
0.000570454
0.000424443
0.000276509
0.000166166
8.15696e-05
2.40565e-05
1.32279e-05
4.75816e-05
0.000103889
0.000163866
0.000220952
0.000700066
0.000695121
0.000660985
0.000570454
0.000424443
0.000276509
0.000166166
8.15696e-05
2.40565e-05
1.32279e-05
4.75816e-05
0.000103889
0.000163866
0.000220952
0.000700066
0.000695121
0.000660985
0.000570454
0.000424443
0.000276509
0.000166166
8.15696e-05
2.40565e-05
1.32279e-05
4.75816e-05
0.000103889
0.000163866
0.000220952
0.000700066
0.000695121
0.000660985
0.000570454
0.000424443
0.000276509
0.000166166
8.15696e-05
2.40565e-05
1.32279e-05
4.75816e-05
0.000103889
0.000163866
0.000220952
0.000700066
0.000695121
0.000660985
0.000570454
0.000424443
0.000276509
0.000166166
8.15696e-05
2.40565e-05
1.32279e-05
4.75816e-05
0.000103889
0.000163866
0.000220952
0.000700066
0.000695121
0.000660985
0.000570454
0.000424443
0.000276509
0.000166166
8.15696e-05
2.40565e-05
1.32279e-05
4.75816e-05
0.000103889
0.000163866
0.000220952
0.000700066
0.000695121
0.000660985
0.000570454
0.000424443
0.000276509
0.000166166
8.15696e-05
2.40565e-05
1.32279e-05
4.75816e-05
0.000103889
0.000163866
0.000220952
0.000700066
0.000695121
0.000660985
0.000570454
0.000424443
0.000276509
0.000166166
8.15696e-05
2.40565e-05
1.32279e-05
4.75816e-05
0.000103889
0.000163866
0.000220952
0.000700066
0.000695121
0.000660985
0.000570454
0.000424443
0.000276509
0.000166166
8.15696e-05
2.40565e-05
1.32279e-05
4.75816e-05
0.000103889
0.000163866
0.000220952
0.000700066
0.000695121
0.000660985
0.000570454
0.000424443
0.000276509
0.000166166
8.15696e-05
2.40565e-05
1.32279e-05
4.75816e-05
0.000103889
0.000163866
0.000220952
0.000700066
0.000695121
0.000660985
0.000570454
0.000424443
0.000276509
0.000166166
8.15696e-05
2.40565e-05
1.32279e-05
4.75816e-05
0.000103889
0.000163866
0.000220952
0.000700066
0.000695121
0.000660985
0.000570454
0.000424443
0.000276509
0.000166166
8.15696e-05
2.40565e-05
1.32279e-05
4.75816e-05
0.000103889
0.000163866
0.000220952
0.000700066
0.000695121
0.000660985
0.000570454
0.000424443
0.000276509
0.000166166
8.15696e-05
2.40565e-05
1.32279e-05
4.75816e-05
0.000103889
0.000163866
0.000220952
0.000700066
0.000695121
0.000660985
0.000570454
0.000424443
0.000276509
0.000166166
8.15696e-05
2.40565e-05
1.32279e-05
4.75816e-05
0.000103889
0.000163866
0.000220952
0.000700066
0.000695121
0.000660985
0.000570454
0.000424443
0.000276509
0.000166166
8.15696e-05
2.40565e-05
1.32279e-05
4.75816e-05
0.000103889
0.000163866
0.000220952
0.000700066
0.000695121
0.000660985
0.000570454
0.000424443
0.000276509
0.000166166
8.15696e-05
2.40565e-05
1.32279e-05
4.75816e-05
0.000103889
0.000163866
0.000220952
0.000700066
0.000695121
0.000660985
0.000570454
0.000424443
0.000276509
0.000166166
8.15696e-05
2.40565e-05
1.32279e-05
4.75816e-05
0.000103889
0.000163866
0.000220952
0.000700066
0.000695121
0.000660985
0.000570454
0.000424443
0.000276509
0.000166166
8.15696e-05
2.40565e-05
1.32279e-05
4.75816e-05
0.000103889
0.000163866
0.000220952
0.000700066
0.000695121
0.000660985
0.000570454
0.000424443
0.000276509
0.000166166
8.15696e-05
2.40565e-05
1.32279e-05
4.75816e-05
0.000103889
0.000163866
0.000220952
0.000700066
0.000695121
0.000660985
0.000570454
0.000424443
0.000276509
0.000166166
8.15696e-05
2.40565e-05
1.32279e-05
4.75816e-05
0.000103889
0.000163866
0.000220952
0.000700066
0.000695121
0.000660985
0.000570454
0.000424443
0.000276509
0.000166166
8.15696e-05
2.40565e-05
1.32279e-05
4.75816e-05
0.000103889
0.000163866
0.000220952
0.000700066
0.000695121
0.000660985
0.000570454
0.000424443
0.000276509
0.000166166
8.15696e-05
2.40565e-05
1.32279e-05
4.75816e-05
0.000103889
0.000163866
0.000220952
0.000700066
0.000695121
0.000660985
0.000570454
0.000424443
0.000276509
0.000166166
8.15696e-05
2.40565e-05
1.32279e-05
4.75816e-05
0.000103889
0.000163866
0.000220952
0.000700066
0.000695121
0.000660985
0.000570454
0.000424443
0.000276509
0.000166166
8.15696e-05
2.40565e-05
1.32279e-05
4.75816e-05
0.000103889
0.000163866
0.000220952
0.000700066
0.000695121
0.000660985
0.000570454
0.000424443
0.000276509
0.000166166
8.15696e-05
2.40565e-05
1.32279e-05
4.75816e-05
0.000103889
0.000163866
0.000220952
0.000700066
0.000695121
0.000660985
0.000570454
0.000424443
0.000276509
0.000166166
8.15696e-05
2.40565e-05
1.32279e-05
4.75816e-05
0.000103889
0.000163866
0.000220952
0.000700066
0.000695121
0.000660985
0.000570454
0.000424443
0.000276509
0.000166166
8.15696e-05
2.40565e-05
1.32279e-05
4.75816e-05
0.000103889
0.000163866
0.000220952
0.000700066
0.000695121
0.000660985
0.000570454
0.000424443
0.000276509
0.000166166
8.15696e-05
2.40565e-05
1.32279e-05
4.75816e-05
0.000103889
0.000163866
0.000220952
0.000700066
0.000695121
0.000660985
0.000570454
0.000424443
0.000276509
0.000166166
8.15696e-05
2.40565e-05
1.32279e-05
4.75816e-05
0.000103889
0.000163866
0.000220952
0.000700066
0.000695121
0.000660985
0.000570454
0.000424443
0.000276509
0.000166166
8.15696e-05
2.40565e-05
1.32279e-05
4.75816e-05
0.000103889
0.000163866
0.000220952
0.000700066
0.000695121
0.000660985
0.000570454
0.000424443
0.000276509
0.000166166
8.15696e-05
2.40565e-05
1.32279e-05
4.75816e-05
0.000103889
0.000163866
0.000220952
0.000700066
0.000695121
0.000660985
0.000570454
0.000424443
0.000276509
0.000166166
8.15696e-05
2.40565e-05
1.32279e-05
4.75816e-05
0.000103889
0.000163866
0.000220952
0.000700066
0.000695121
0.000660985
0.000570454
0.000424443
0.000276509
0.000166166
8.15696e-05
2.40565e-05
1.32279e-05
4.75816e-05
0.000103889
0.000163866
0.000220952
0.000700066
0.000695121
0.000660985
0.000570454
0.000424443
0.000276509
0.000166166
8.15696e-05
2.40565e-05
1.32279e-05
4.75816e-05
0.000103889
0.000163866
0.000220952
0.000700066
0.000695121
0.000660985
0.000570454
0.000424443
0.000276509
0.000166166
8.15696e-05
2.40565e-05
1.32279e-05
4.75816e-05
0.000103889
0.000163866
0.000220952
0.000700066
0.000695121
0.000660985
0.000570454
0.000424443
0.000276509
0.000166166
8.15696e-05
2.40565e-05
1.32279e-05
4.75816e-05
0.000103889
0.000163866
0.000220952
0.000700066
0.000695121
0.000660985
0.000570454
0.000424443
0.000276509
0.000166166
8.15696e-05
2.40565e-05
1.32279e-05
4.75816e-05
0.000103889
0.000163866
0.000220952
0.000700066
0.000695121
0.000660985
0.000570454
0.000424443
0.000276509
0.000166166
8.15696e-05
2.40565e-05
1.32279e-05
4.75816e-05
0.000103889
0.000163866
0.000220952
0.000700066
0.000695121
0.000660985
0.000570454
0.000424443
0.000276509
0.000166166
8.15696e-05
2.40565e-05
1.32279e-05
4.75816e-05
0.000103889
0.000163866
0.000220952
0.000700066
0.000695121
0.000660985
0.000570454
0.000424443
0.000276509
0.000166166
8.15696e-05
2.40565e-05
1.32279e-05
4.75816e-05
0.000103889
0.000163866
0.000220952
0.000700066
0.000695121
0.000660985
0.000570454
0.000424443
0.000276509
0.000166166
8.15696e-05
2.40565e-05
1.32279e-05
4.75816e-05
0.000103889
0.000163866
0.000220952
0.000700066
0.000695121
0.000660985
0.000570454
0.000424443
0.000276509
0.000166166
8.15696e-05
2.40565e-05
1.32279e-05
4.75816e-05
0.000103889
0.000163866
0.000220952
0.000700066
0.000695121
0.000660985
0.000570454
0.000424443
0.000276509
0.000166166
8.15696e-05
2.40565e-05
1.32279e-05
4.75816e-05
0.000103889
0.000163866
0.000220952
0.000700066
0.000695121
0.000660985
0.000570454
0.000424443
0.000276509
0.000166166
8.15696e-05
2.40565e-05
1.32279e-05
4.75816e-05
0.000103889
0.000163866
0.000220952
0.000700066
0.000695121
0.000660985
0.000570454
0.000424443
0.000276509
0.000166166
8.15696e-05
2.40565e-05
1.32279e-05
4.75816e-05
0.000103889
0.000163866
0.000220952
0.000700066
0.000695121
0.000660985
0.000570454
0.000424443
0.000276509
0.000166166
8.15696e-05
2.40565e-05
1.32279e-05
4.75816e-05
0.000103889
0.000163866
0.000220952
0.000700066
0.000695121
0.000660985
0.000570454
0.000424443
0.000276509
0.000166166
8.15696e-05
2.40565e-05
1.32279e-05
4.75816e-05
0.000103889
0.000163866
0.000220952
0.000700066
0.000695121
0.000660985
0.000570454
0.000424443
0.000276509
0.000166166
8.15696e-05
2.40565e-05
1.32279e-05
4.75816e-05
0.000103889
0.000163866
0.000220952
0.000700066
0.000695121
0.000660985
0.000570454
0.000424443
0.000276509
0.000166166
8.15696e-05
2.40565e-05
1.32279e-05
4.75816e-05
0.000103889
0.000163866
0.000220952
0.000700066
0.000695121
0.000660985
0.000570454
0.000424443
0.000276509
0.000166166
8.15696e-05
2.40565e-05
1.32279e-05
4.75816e-05
0.000103889
0.000163866
0.000220952
0.000700066
0.000695121
0.000660985
0.000570454
0.000424443
0.000276509
0.000166166
8.15696e-05
2.40565e-05
1.32279e-05
4.75816e-05
0.000103889
0.000163866
0.000220952
0.000700066
0.000695121
0.000660985
0.000570454
0.000424443
0.000276509
0.000166166
8.15696e-05
2.40565e-05
1.32279e-05
4.75816e-05
0.000103889
0.000163866
0.000220952
0.000700066
0.000695121
0.000660985
0.000570454
0.000424443
0.000276509
0.000166166
8.15696e-05
2.40565e-05
1.32279e-05
4.75816e-05
0.000103889
0.000163866
0.000220952
0.000700066
0.000695121
0.000660985
0.000570454
0.000424443
0.000276509
0.000166166
8.15696e-05
2.40565e-05
1.32279e-05
4.75816e-05
0.000103889
0.000163866
0.000220952
0.000700066
0.000695121
0.000660985
0.000570454
0.000424443
0.000276509
0.000166166
8.15696e-05
2.40565e-05
1.32279e-05
4.75816e-05
0.000103889
0.000163866
0.000220952
0.000700066
0.000695121
0.000660985
0.000570454
0.000424443
0.000276509
0.000166166
8.15696e-05
2.40565e-05
1.32279e-05
4.75816e-05
0.000103889
0.000163866
0.000220952
0.000700066
0.000695121
0.000660985
0.000570454
0.000424443
0.000276509
0.000166166
8.15696e-05
2.40565e-05
1.32279e-05
4.75816e-05
0.000103889
0.000163866
0.000220952
0.000700066
0.000695121
0.000660985
0.000570454
0.000424443
0.000276509
0.000166166
8.15696e-05
2.40565e-05
1.32279e-05
4.75816e-05
0.000103889
0.000163866
0.000220952
0.000700066
0.000695121
0.000660985
0.000570454
0.000424443
0.000276509
0.000166166
8.15696e-05
2.40565e-05
1.32279e-05
4.75816e-05
0.000103889
0.000163866
0.000220952
0.000700066
0.000695121
0.000660985
0.000570454
0.000424443
0.000276509
0.000166166
8.15696e-05
2.40565e-05
1.32279e-05
4.75816e-05
0.000103889
0.000163866
0.000220952
0.000700066
0.000695121
0.000660985
0.000570454
0.000424443
0.000276509
0.000166166
8.15696e-05
2.40565e-05
1.32279e-05
4.75816e-05
0.000103889
0.000163866
0.000220952
0.000700066
0.000695121
0.000660985
0.000570454
0.000424443
0.000276509
0.000166166
8.15696e-05
2.40565e-05
1.32279e-05
4.75816e-05
0.000103889
0.000163866
0.000220952
0.000700066
0.000695121
0.000660985
0.000570454
0.000424443
0.000276509
0.000166166
8.15696e-05
2.40565e-05
1.32279e-05
4.75816e-05
0.000103889
0.000163866
0.000220952
0.000700066
0.000695121
0.000660985
0.000570454
0.000424443
0.000276509
0.000166166
8.15696e-05
2.40565e-05
1.32279e-05
4.75816e-05
0.000103889
0.000163866
0.000220952
0.000700066
0.000695121
0.000660985
0.000570454
0.000424443
0.000276509
0.000166166
8.15696e-05
2.40565e-05
1.32279e-05
4.75816e-05
0.000103889
0.000163866
0.000220952
0.000700066
0.000695121
0.000660985
0.000570454
0.000424443
0.000276509
0.000166166
8.15696e-05
2.40565e-05
1.32279e-05
4.75816e-05
0.000103889
0.000163866
0.000220952
0.000700066
0.000695121
0.000660985
0.000570454
0.000424443
0.000276509
0.000166166
8.15696e-05
2.40565e-05
1.32279e-05
4.75816e-05
0.000103889
0.000163866
0.000220952
0.000700066
0.000695121
0.000660985
0.000570454
0.000424443
0.000276509
0.000166166
8.15696e-05
2.40565e-05
1.32279e-05
4.75816e-05
0.000103889
0.000163866
0.000220952
0.000700066
0.000695121
0.000660985
0.000570454
0.000424443
0.000276509
0.000166166
8.15696e-05
2.40565e-05
1.32279e-05
4.75816e-05
0.000103889
0.000163866
0.000220952
0.000700066
0.000695121
0.000660985
0.000570454
0.000424443
0.000276509
0.000166166
8.15696e-05
2.40565e-05
1.32279e-05
4.75816e-05
0.000103889
0.000163866
0.000220952
0.000700066
0.000695121
0.000660985
0.000570454
0.000424443
0.000276509
0.000166166
8.15696e-05
2.40565e-05
1.32279e-05
4.75816e-05
0.000103889
0.000163866
0.000220952
0.000700066
0.000695121
0.000660985
0.000570454
0.000424443
0.000276509
0.000166166
8.15696e-05
2.40565e-05
1.32279e-05
4.75816e-05
0.000103889
0.000163866
0.000220952
0.000700066
0.000695121
0.000660985
0.000570454
0.000424443
0.000276509
0.000166166
8.15696e-05
2.40565e-05
1.32279e-05
4.75816e-05
0.000103889
0.000163866
0.000220952
