6.62336e-05
4.19573e-05
5.61437e-05
0.000108179
4.5142e-05
0.00034797
0.000567806
0.000570225
0.000403255
0.000193003
3.9425e-05
2.36758e-05
1.14237e-06
0.00010576
6.62336e-05
2.00661e-05
0.000206645
0.000486625
0.000480005
7.53272e-05
0.000393411
0.000430174
5.51265e-05
4.81346e-06
0.000887535
0.00117506
0.000194488
0.00064526
6.62336e-05
2.7204e-05
0.000146407
0.000324075
0.000298987
0.000112048
2.25473e-05
2.39509e-05
5.01212e-05
9.78283e-05
3.11027e-05
8.63258e-05
5.4939e-05
0.000177458
6.62336e-05
3.43182e-05
0.000102629
0.00022052
0.000138668
9.65406e-05
0.000265802
0.000263651
0.000145987
1.72493e-05
4.66158e-05
3.98261e-05
1.57862e-05
2.58561e-05
6.62336e-05
3.81217e-05
7.95225e-05
0.00016511
4.89141e-05
0.000218939
0.000413231
0.000413072
0.000269927
9.8891e-05
1.31448e-05
4.47515e-05
1.7761e-05
3.91764e-05
6.62336e-05
4.00401e-05
6.78467e-05
0.000136794
2.33275e-06
0.000282812
0.000489918
0.000491028
0.000335699
0.000144567
1.10075e-05
3.70784e-05
1.08103e-05
7.19051e-05
6.62336e-05
4.09993e-05
6.19964e-05
0.000122519
2.1304e-05
0.000315251
0.000528742
0.000530506
0.000369284
0.000168462
2.4711e-05
3.10539e-05
5.44518e-06
8.86533e-05
6.62336e-05
4.14786e-05
5.90701e-05
0.000115356
3.31992e-05
0.000331578
0.000548247
0.000550339
0.000386225
0.000180655
3.1945e-05
2.75296e-05
2.30245e-06
9.71576e-05
6.62336e-05
4.1718e-05
5.76069e-05
0.000111769
3.91648e-05
0.000339766
0.00055802
0.000560276
0.000394729
0.00018681
3.56546e-05
2.56433e-05
6.17579e-07
0.000101446
6.62336e-05
4.18377e-05
5.68753e-05
0.000109975
4.2152e-05
0.000343867
0.000562912
0.000565249
0.00039899
0.000189902
3.75323e-05
2.46697e-05
2.53038e-07
0.0001036
6.62336e-05
4.18975e-05
5.65095e-05
0.000109077
4.36467e-05
0.000345918
0.000565359
0.000567737
0.000401122
0.000191451
3.84767e-05
2.41753e-05
6.95368e-07
0.000104679
6.62336e-05
4.19274e-05
5.63266e-05
0.000108628
4.43943e-05
0.000346944
0.000566582
0.000568981
0.000402188
0.000192227
3.89504e-05
2.39262e-05
9.18285e-07
0.00010522
6.62336e-05
4.19424e-05
5.62352e-05
0.000108403
4.47681e-05
0.000347457
0.000567194
0.000569603
0.000402722
0.000192615
3.91876e-05
2.38012e-05
1.03018e-06
0.00010549
6.62336e-05
4.19499e-05
5.61895e-05
0.000108291
4.49551e-05
0.000347714
0.0005675
0.000569914
0.000402988
0.000192809
3.93062e-05
2.37385e-05
1.08624e-06
0.000105625
6.62336e-05
4.19536e-05
5.61666e-05
0.000108235
4.50486e-05
0.000347842
0.000567653
0.00057007
0.000403122
0.000192906
3.93656e-05
2.37072e-05
1.1143e-06
0.000105693
6.62336e-05
4.19555e-05
5.61552e-05
0.000108207
4.50953e-05
0.000347906
0.00056773
0.000570147
0.000403189
0.000192954
3.93953e-05
2.36915e-05
1.12833e-06
0.000105727
6.62336e-05
4.19564e-05
5.61495e-05
0.000108193
4.51187e-05
0.000347938
0.000567768
0.000570186
0.000403222
0.000192979
3.94101e-05
2.36837e-05
1.13535e-06
0.000105743
6.62336e-05
4.19569e-05
5.61466e-05
0.000108186
4.51304e-05
0.000347954
0.000567787
0.000570206
0.000403239
0.000192991
3.94176e-05
2.36798e-05
1.13886e-06
0.000105752
6.62336e-05
4.19571e-05
5.61452e-05
0.000108182
4.51362e-05
0.000347962
0.000567797
0.000570215
0.000403247
0.000192997
3.94213e-05
2.36778e-05
1.14061e-06
0.000105756
6.62336e-05
4.19572e-05
5.61445e-05
0.000108181
4.51391e-05
0.000347966
0.000567801
0.00057022
0.000403251
0.000193
3.94231e-05
2.36768e-05
1.14149e-06
0.000105758
6.62336e-05
4.19573e-05
5.61441e-05
0.00010818
4.51406e-05
0.000347968
0.000567804
0.000570223
0.000403253
0.000193001
3.94241e-05
2.36763e-05
1.14193e-06
0.000105759
6.62336e-05
4.19573e-05
5.61439e-05
0.000108179
4.51413e-05
0.000347969
0.000567805
0.000570224
0.000403254
0.000193002
3.94245e-05
2.36761e-05
1.14215e-06
0.00010576
6.62336e-05
4.19573e-05
5.61438e-05
0.000108179
4.51417e-05
0.00034797
0.000567806
0.000570225
0.000403255
0.000193003
3.94248e-05
2.3676e-05
1.14226e-06
0.00010576
6.62336e-05
4.19573e-05
5.61438e-05
0.000108179
4.51419e-05
0.00034797
0.000567806
0.000570225
0.000403255
0.000193003
3.94249e-05
2.36759e-05
1.14231e-06
0.00010576
6.62336e-05
4.19573e-05
5.61438e-05
0.000108179
4.5142e-05
0.00034797
0.000567806
0.000570225
0.000403255
0.000193003
3.94249e-05
2.36759e-05
1.14234e-06
0.00010576
6.62336e-05
4.19573e-05
5.61438e-05
0.000108179
4.5142e-05
0.00034797
0.000567806
0.000570225
0.000403255
0.000193003
3.9425e-05
2.36759e-05
1.14236e-06
0.00010576
6.62336e-05
4.19573e-05
5.61437e-05
0.000108179
4.5142e-05
0.00034797
0.000567806
0.000570225
0.000403255
0.000193003
3.9425e-05
2.36758e-05
1.14236e-06
0.00010576
6.62336e-05
4.19573e-05
5.61437e-05
0.000108179
4.5142e-05
0.00034797
0.000567806
0.000570225
0.000403255
0.000193003
3.9425e-05
2.36758e-05
1.14237e-06
0.00010576
6.62336e-05
4.19573e-05
5.61437e-05
0.000108179
4.5142e-05
0.00034797
0.000567806
0.000570225
0.000403255
0.000193003
3.9425e-05
2.36758e-05
1.14237e-06
0.00010576
6.62336e-05
4.19573e-05
5.61437e-05
0.000108179
4.5142e-05
0.00034797
0.000567806
0.000570225
0.000403255
0.000193003
3.9425e-05
2.36758e-05
1.14237e-06
0.00010576
6.62336e-05
4.19573e-05
5.61437e-05
0.000108179
4.5142e-05
0.00034797
0.000567806
0.000570225
0.000403255
0.000193003
3.9425e-05
2.36758e-05
1.14237e-06
0.00010576
6.62336e-05
4.19573e-05
5.61437e-05
0.000108179
4.5142e-05
0.00034797
0.000567806
0.000570225
0.000403255
0.000193003
3.9425e-05
2.36758e-05
1.14237e-06
0.00010576
6.62336e-05
4.19573e-05
5.61437e-05
0.000108179
4.5142e-05
0.00034797
0.000567806
0.000570225
0.000403255
0.000193003
3.9425e-05
2.36758e-05
1.14237e-06
0.00010576
6.62336e-05
4.19573e-05
5.61437e-05
0.000108179
4.5142e-05
0.00034797
0.000567806
0.000570225
0.000403255
0.000193003
3.9425e-05
2.36758e-05
1.14237e-06
0.00010576
6.62336e-05
4.19573e-05
5.61437e-05
0.000108179
4.5142e-05
0.00034797
0.000567806
0.000570225
0.000403255
0.000193003
3.9425e-05
2.36758e-05
1.14237e-06
0.00010576
6.62336e-05
4.19573e-05
5.61437e-05
0.000108179
4.5142e-05
0.00034797
0.000567806
0.000570225
0.000403255
0.000193003
3.9425e-05
2.36758e-05
1.14237e-06
0.00010576
6.62336e-05
4.19573e-05
5.61437e-05
0.000108179
4.5142e-05
0.00034797
0.000567806
0.000570225
0.000403255
0.000193003
3.9425e-05
2.36758e-05
1.14237e-06
0.00010576
6.62336e-05
4.19573e-05
5.61437e-05
0.000108179
4.5142e-05
0.00034797
0.000567806
0.000570225
0.000403255
0.000193003
3.9425e-05
2.36758e-05
1.14237e-06
0.00010576
6.62336e-05
4.19573e-05
5.61437e-05
0.000108179
4.5142e-05
0.00034797
0.000567806
0.000570225
0.000403255
0.000193003
3.9425e-05
2.36758e-05
1.14237e-06
0.00010576
6.62336e-05
4.19573e-05
5.61437e-05
0.000108179
4.5142e-05
0.00034797
0.000567806
0.000570225
0.000403255
0.000193003
3.9425e-05
2.36758e-05
1.14237e-06
0.00010576
6.62336e-05
4.19573e-05
5.61437e-05
0.000108179
4.5142e-05
0.00034797
0.000567806
0.000570225
0.000403255
0.000193003
3.9425e-05
2.36758e-05
1.14237e-06
0.00010576
6.62336e-05
4.19573e-05
5.61437e-05
0.000108179
4.5142e-05
0.00034797
0.000567806
0.000570225
0.000403255
0.000193003
3.9425e-05
2.36758e-05
1.14237e-06
0.00010576
6.62336e-05
4.19573e-05
5.61437e-05
0.000108179
4.5142e-05
0.00034797
0.000567806
0.000570225
0.000403255
0.000193003
3.9425e-05
2.36758e-05
1.14237e-06
0.00010576
6.62336e-05
4.19573e-05
5.61437e-05
0.000108179
4.5142e-05
0.00034797
0.000567806
0.000570225
0.000403255
0.000193003
3.9425e-05
2.36758e-05
1.14237e-06
0.00010576
6.62336e-05
4.19573e-05
5.61437e-05
0.000108179
4.5142e-05
0.00034797
0.000567806
0.000570225
0.000403255
0.000193003
3.9425e-05
2.36758e-05
1.14237e-06
0.00010576
6.62336e-05
4.19573e-05
5.61437e-05
0.000108179
4.5142e-05
0.00034797
0.000567806
0.000570225
0.000403255
0.000193003
3.9425e-05
2.36758e-05
1.14237e-06
0.00010576
6.62336e-05
4.19573e-05
5.61437e-05
0.000108179
4.5142e-05
0.00034797
0.000567806
0.000570225
0.000403255
0.000193003
3.9425e-05
2.36758e-05
1.14237e-06
0.00010576
6.62336e-05
4.19573e-05
5.61437e-05
0.000108179
4.5142e-05
0.00034797
0.000567806
0.000570225
0.000403255
0.000193003
3.9425e-05
2.36758e-05
1.14237e-06
0.00010576
6.62336e-05
4.19573e-05
5.61437e-05
0.000108179
4.5142e-05
0.00034797
0.000567806
0.000570225
0.000403255
0.000193003
3.9425e-05
2.36758e-05
1.14237e-06
0.00010576
6.62336e-05
4.19573e-05
5.61437e-05
0.000108179
4.5142e-05
0.00034797
0.000567806
0.000570225
0.000403255
0.000193003
3.9425e-05
2.36758e-05
1.14237e-06
0.00010576
6.62336e-05
4.19573e-05
5.61437e-05
0.000108179
4.5142e-05
0.00034797
0.000567806
0.000570225
0.000403255
0.000193003
3.9425e-05
2.36758e-05
1.14237e-06
0.00010576
6.62336e-05
4.19573e-05
5.61437e-05
0.000108179
4.5142e-05
0.00034797
0.000567806
0.000570225
0.000403255
0.000193003
3.9425e-05
2.36758e-05
1.14237e-06
0.00010576
6.62336e-05
4.19573e-05
5.61437e-05
0.000108179
4.5142e-05
0.00034797
0.000567806
0.000570225
0.000403255
0.000193003
3.9425e-05
2.36758e-05
1.14237e-06
0.00010576
6.62336e-05
4.19573e-05
5.61437e-05
0.000108179
4.5142e-05
0.00034797
0.000567806
0.000570225
0.000403255
0.000193003
3.9425e-05
2.36758e-05
1.14237e-06
0.00010576
6.62336e-05
4.19573e-05
5.61437e-05
0.000108179
4.5142e-05
0.00034797
0.000567806
0.000570225
0.000403255
0.000193003
3.9425e-05
2.36758e-05
1.14237e-06
0.00010576
6.62336e-05
4.19573e-05
5.61437e-05
0.000108179
4.5142e-05
0.00034797
0.000567806
0.000570225
0.000403255
0.000193003
3.9425e-05
2.36758e-05
1.14237e-06
0.00010576
6.62336e-05
4.19573e-05
5.61437e-05
0.000108179
4.5142e-05
0.00034797
0.000567806
0.000570225
0.000403255
0.000193003
3.9425e-05
2.36758e-05
1.14237e-06
0.00010576
6.62336e-05
4.19573e-05
5.61437e-05
0.000108179
4.5142e-05
0.00034797
0.000567806
0.000570225
0.000403255
0.000193003
3.9425e-05
2.36758e-05
1.14237e-06
0.00010576
6.62336e-05
4.19573e-05
5.61437e-05
0.000108179
4.5142e-05
0.00034797
0.000567806
0.000570225
0.000403255
0.000193003
3.9425e-05
2.36758e-05
1.14237e-06
0.00010576
6.62336e-05
4.19573e-05
5.61437e-05
0.000108179
4.5142e-05
0.00034797
0.000567806
0.000570225
0.000403255
0.000193003
3.9425e-05
2.36758e-05
1.14237e-06
0.00010576
6.62336e-05
4.19573e-05
5.61437e-05
0.000108179
4.5142e-05
0.00034797
0.000567806
0.000570225
0.000403255
0.000193003
3.9425e-05
2.36758e-05
1.14237e-06
0.00010576
6.62336e-05
4.19573e-05
5.61437e-05
0.000108179
4.5142e-05
0.00034797
0.000567806
0.000570225
0.000403255
0.000193003
3.9425e-05
2.36758e-05
1.14237e-06
0.00010576
6.62336e-05
4.19573e-05
5.61437e-05
0.000108179
4.5142e-05
0.00034797
0.000567806
0.000570225
0.000403255
0.000193003
3.9425e-05
2.36758e-05
1.14237e-06
0.00010576
6.62336e-05
4.19573e-05
5.61437e-05
0.000108179
4.5142e-05
0.00034797
0.000567806
0.000570225
0.000403255
0.000193003
3.9425e-05
2.36758e-05
1.14237e-06
0.00010576
6.62336e-05
4.19573e-05
5.61437e-05
0.000108179
4.5142e-05
0.00034797
0.000567806
0.000570225
0.000403255
0.000193003
3.9425e-05
2.36758e-05
1.14237e-06
0.00010576
6.62336e-05
4.19573e-05
5.61437e-05
0.000108179
4.5142e-05
0.00034797
0.000567806
0.000570225
0.000403255
0.000193003
3.9425e-05
2.36758e-05
1.14237e-06
0.00010576
6.62336e-05
4.19573e-05
5.61437e-05
0.000108179
4.5142e-05
0.00034797
0.000567806
0.000570225
0.000403255
0.000193003
3.9425e-05
2.36758e-05
1.14237e-06
0.00010576
6.62336e-05
4.19573e-05
5.61437e-05
0.000108179
4.5142e-05
0.00034797
0.000567806
0.000570225
0.000403255
0.000193003
3.9425e-05
2.36758e-05
1.14237e-06
0.00010576
6.62336e-05
4.19573e-05
5.61437e-05
0.000108179
4.5142e-05
0.00034797
0.000567806
0.000570225
0.000403255
0.000193003
3.9425e-05
2.36758e-05
1.14237e-06
0.00010576
6.62336e-05
4.19573e-05
5.61437e-05
0.000108179
4.5142e-05
0.00034797
0.000567806
0.000570225
0.000403255
0.000193003
3.9425e-05
2.36758e-05
1.14237e-06
0.00010576
6.62336e-05
4.19573e-05
5.61437e-05
0.000108179
4.5142e-05
0.00034797
0.000567806
0.000570225
0.000403255
0.000193003
3.9425e-05
2.36758e-05
1.14237e-06
0.00010576
6.62336e-05
4.19573e-05
5.61437e-05
0.000108179
4.5142e-05
0.00034797
0.000567806
0.000570225
0.000403255
0.000193003
3.9425e-05
2.36758e-05
1.14237e-06
0.00010576
6.62336e-05
4.19573e-05
5.61437e-05
0.000108179
4.5142e-05
0.00034797
0.000567806
0.000570225
0.000403255
0.000193003
3.9425e-05
2.36758e-05
1.14237e-06
0.00010576
6.62336e-05
4.19573e-05
5.61437e-05
0.000108179
4.5142e-05
0.00034797
0.000567806
0.000570225
0.000403255
0.000193003
3.9425e-05
2.36758e-05
1.14237e-06
0.00010576
6.62336e-05
4.19573e-05
5.61437e-05
0.000108179
4.5142e-05
0.00034797
0.000567806
0.000570225
0.000403255
0.000193003
3.9425e-05
2.36758e-05
1.14237e-06
0.00010576
6.62336e-05
4.19573e-05
5.61437e-05
0.000108179
4.5142e-05
0.00034797
0.000567806
0.000570225
0.000403255
0.000193003
3.9425e-05
2.36758e-05
1.14237e-06
0.00010576
6.62336e-05
4.19573e-05
5.61437e-05
0.000108179
4.5142e-05
0.00034797
0.000567806
0.000570225
0.000403255
0.000193003
3.9425e-05
2.36758e-05
1.14237e-06
0.00010576
6.62336e-05
4.19573e-05
5.61437e-05
0.000108179
4.5142e-05
0.00034797
0.000567806
0.000570225
0.000403255
0.000193003
3.9425e-05
2.36758e-05
1.14237e-06
0.00010576
6.62336e-05
4.19573e-05
5.61437e-05
0.000108179
4.5142e-05
0.00034797
0.000567806
0.000570225
0.000403255
0.000193003
3.9425e-05
2.36758e-05
1.14237e-06
0.00010576
6.62336e-05
4.19573e-05
5.61437e-05
0.000108179
4.5142e-05
0.00034797
0.000567806
0.000570225
0.000403255
0.000193003
3.9425e-05
2.36758e-05
1.14237e-06
0.00010576
6.62336e-05
4.19573e-05
5.61437e-05
0.000108179
4.5142e-05
0.00034797
0.000567806
0.000570225
0.000403255
0.000193003
3.9425e-05
2.36758e-05
1.14237e-06
0.00010576
6.62336e-05
4.19573e-05
5.61437e-05
0.000108179
4.5142e-05
0.00034797
0.000567806
0.000570225
0.000403255
0.000193003
3.9425e-05
2.36758e-05
1.14237e-06
0.00010576
6.62336e-05
4.19573e-05
5.61437e-05
0.000108179
4.5142e-05
0.00034797
0.000567806
0.000570225
0.000403255
0.000193003
3.9425e-05
2.36758e-05
1.14237e-06
0.00010576
6.62336e-05
4.19573e-05
5.61437e-05
0.000108179
4.5142e-05
0.00034797
0.000567806
0.000570225
0.000403255
0.000193003
3.9425e-05
2.36758e-05
1.14237e-06
0.00010576
6.62336e-05
4.19573e-05
5.61437e-05
0.000108179
4.5142e-05
0.00034797
0.000567806
0.000570225
0.000403255
0.000193003
3.9425e-05
2.36758e-05
1.14237e-06
0.00010576
6.62336e-05
4.19573e-05
5.61437e-05
0.000108179
4.5142e-05
0.00034797
0.000567806
0.000570225
0.000403255
0.000193003
3.9425e-05
2.36758e-05
1.14237e-06
0.00010576
6.62336e-05
4.19573e-05
5.61437e-05
0.000108179
4.5142e-05
0.00034797
0.000567806
0.000570225
0.000403255
0.000193003
3.9425e-05
2.36758e-05
1.14237e-06
0.00010576
6.62336e-05
4.19573e-05
5.61437e-05
0.000108179
4.5142e-05
0.00034797
0.000567806
0.000570225
0.000403255
0.000193003
3.9425e-05
2.36758e-05
1.14237e-06
0.00010576
6.62336e-05
4.19573e-05
5.61437e-05
0.000108179
4.5142e-05
0.00034797
0.000567806
0.000570225
0.000403255
0.000193003
3.9425e-05
2.36758e-05
1.14237e-06
0.00010576
6.62336e-05
4.19573e-05
5.61437e-05
0.000108179
4.5142e-05
0.00034797
0.000567806
0.000570225
0.000403255
0.000193003
3.9425e-05
2.36758e-05
1.14237e-06
0.00010576
6.62336e-05
4.19573e-05
5.61437e-05
0.000108179
4.5142e-05
0.00034797
0.000567806
0.000570225
0.000403255
0.000193003
3.9425e-05
2.36758e-05
1.14237e-06
0.00010576
6.62336e-05
4.19573e-05
5.61437e-05
0.000108179
4.5142e-05
0.00034797
0.000567806
0.000570225
0.000403255
0.000193003
3.9425e-05
2.36758e-05
1.14237e-06
0.00010576
6.62336e-05
4.19573e-05
5.61437e-05
0.000108179
4.5142e-05
0.00034797
0.000567806
0.000570225
0.000403255
0.000193003
3.9425e-05
2.36758e-05
1.14237e-06
0.00010576
6.62336e-05
4.19573e-05
5.61437e-05
0.000108179
4.5142e-05
0.00034797
0.000567806
0.000570225
0.000403255
0.000193003
3.9425e-05
2.36758e-05
1.14237e-06
0.00010576
6.62336e-05
4.19573e-05
5.61437e-05
0.000108179
4.5142e-05
0.00034797
0.000567806
0.000570225
0.000403255
0.000193003
3.9425e-05
2.36758e-05
1.14237e-06
0.00010576
6.62336e-05
4.19573e-05
5.61437e-05
0.000108179
4.5142e-05
0.00034797
0.000567806
0.000570225
0.000403255
0.000193003
3.9425e-05
2.36758e-05
1.14237e-06
0.00010576
6.62336e-05
4.19573e-05
5.61437e-05
0.000108179
4.5142e-05
0.00034797
0.000567806
0.000570225
0.000403255
0.000193003
3.9425e-05
2.36758e-05
1.14237e-06
0.00010576
6.62336e-05
4.19573e-05
5.61437e-05
0.000108179
4.5142e-05
0.00034797
0.000567806
0.000570225
0.000403255
0.000193003
3.9425e-05
2.36758e-05
1.14237e-06
0.00010576
6.62336e-05
4.19573e-05
5.61437e-05
0.000108179
4.5142e-05
0.00034797
0.000567806
0.000570225
0.000403255
0.000193003
3.9425e-05
2.36758e-05
1.14237e-06
0.00010576
6.62336e-05
4.19573e-05
5.61437e-05
0.000108179
4.5142e-05
0.00034797
0.000567806
0.000570225
0.000403255
0.000193003
3.9425e-05
2.36758e-05
1.14237e-06
0.00010576
6.62336e-05
4.19573e-05
5.61437e-05
0.000108179
4.5142e-05
0.00034797
0.000567806
0.000570225
0.000403255
0.000193003
3.9425e-05
2.36758e-05
1.14237e-06
0.00010576
6.62336e-05
4.19573e-05
5.61437e-05
0.000108179
4.5142e-05
0.00034797
0.000567806
0.000570225
0.000403255
0.000193003
3.9425e-05
2.36758e-05
1.14237e-06
0.00010576
6.62336e-05
4.19573e-05
5.61437e-05
0.000108179
4.5142e-05
0.00034797
0.000567806
0.000570225
0.000403255
0.000193003
3.9425e-05
2.36758e-05
1.14237e-06
0.00010576
6.62336e-05
4.19573e-05
5.61437e-05
0.000108179
4.5142e-05
0.00034797
0.000567806
0.000570225
0.000403255
0.000193003
3.9425e-05
2.36758e-05
1.14237e-06
0.00010576
6.62336e-05
4.19573e-05
5.61437e-05
0.000108179
4.5142e-05
0.00034797
0.000567806
0.000570225
0.000403255
0.000193003
3.9425e-05
2.36758e-05
1.14237e-06
0.00010576
6.62336e-05
4.19573e-05
5.61437e-05
0.000108179
4.5142e-05
0.00034797
0.000567806
0.000570225
0.000403255
0.000193003
3.9425e-05
2.36758e-05
1.14237e-06
0.00010576
6.62336e-05
4.19573e-05
5.61437e-05
0.000108179
4.5142e-05
0.00034797
0.000567806
0.000570225
0.000403255
0.000193003
3.9425e-05
2.36758e-05
1.14237e-06
0.00010576
6.62336e-05
4.19573e-05
5.61437e-05
0.000108179
4.5142e-05
0.00034797
0.000567806
0.000570225
0.000403255
0.000193003
3.9425e-05
2.36758e-05
1.14237e-06
0.00010576
6.62336e-05
4.19573e-05
5.61437e-05
0.000108179
4.5142e-05
0.00034797
0.000567806
0.000570225
0.000403255
0.000193003
3.9425e-05
2.36758e-05
1.14237e-06
0.00010576
6.62336e-05
4.19573e-05
5.61437e-05
0.000108179
4.5142e-05
0.00034797
0.000567806
0.000570225
0.000403255
0.000193003
3.9425e-05
2.36758e-05
1.14237e-06
0.00010576
6.62336e-05
4.19573e-05
5.61437e-05
0.000108179
4.5142e-05
0.00034797
0.000567806
0.000570225
0.000403255
0.000193003
3.9425e-05
2.36758e-05
1.14237e-06
0.00010576
6.62336e-05
4.19573e-05
5.61437e-05
0.000108179
4.5142e-05
0.00034797
0.000567806
0.000570225
0.000403255
0.000193003
3.9425e-05
2.36758e-05
1.14237e-06
0.00010576
6.62336e-05
4.19573e-05
5.61437e-05
0.000108179
4.5142e-05
0.00034797
0.000567806
0.000570225
0.000403255
0.000193003
3.9425e-05
2.36758e-05
1.14237e-06
0.00010576
6.62336e-05
4.19573e-05
5.61437e-05
0.000108179
4.5142e-05
0.00034797
0.000567806
0.000570225
0.000403255
0.000193003
3.9425e-05
2.36758e-05
1.14237e-06
0.00010576
6.62336e-05
4.19573e-05
5.61437e-05
0.000108179
4.5142e-05
0.00034797
0.000567806
0.000570225
0.000403255
0.000193003
3.9425e-05
2.36758e-05
1.14237e-06
0.00010576
6.62336e-05
4.19573e-05
5.61437e-05
0.000108179
4.5142e-05
0.00034797
0.000567806
0.000570225
0.000403255
0.000193003
3.9425e-05
2.36758e-05
1.14237e-06
0.00010576
6.62336e-05
4.19573e-05
5.61437e-05
0.000108179
4.5142e-05
0.00034797
0.000567806
0.000570225
0.000403255
0.000193003
3.9425e-05
2.36758e-05
1.14237e-06
0.00010576
6.62336e-05
4.19573e-05
5.61437e-05
0.000108179
4.5142e-05
0.00034797
0.000567806
0.000570225
0.000403255
0.000193003
3.9425e-05
2.36758e-05
1.14237e-06
0.00010576
6.62336e-05
4.19573e-05
5.61437e-05
0.000108179
4.5142e-05
0.00034797
0.000567806
0.000570225
0.000403255
0.000193003
3.9425e-05
2.36758e-05
1.14237e-06
0.00010576
6.62336e-05
4.19573e-05
5.61437e-05
0.000108179
4.5142e-05
0.00034797
0.000567806
0.000570225
0.000403255
0.000193003
3.9425e-05
2.36758e-05
1.14237e-06
0.00010576
6.62336e-05
4.19573e-05
5.61437e-05
0.000108179
4.5142e-05
0.00034797
0.000567806
0.000570225
0.000403255
0.000193003
3.9425e-05
2.36758e-05
1.14237e-06
0.00010576
3.31168e-05
2.13193e-05
2.41917e-05
3.85663e-05
5.41497e-05
0.000213716
0.000318852
0.000307574
0.000212045
0.000100126
2.16462e-05
7.9966e-06
1.05724e-05
7.4329e-05
3.31168e-05
1.46737e-05
7.64564e-05
0.000189426
0.000194703
4.41157e-05
0.000159044
0.000206568
3.37641e-06
1.44029e-05
0.000436675
0.000643705
0.000244525
6.38267e-05
3.31168e-05
1.55782e-05
6.03024e-05
0.000128329
9.56132e-05
4.91742e-06
6.38374e-05
4.82016e-05
3.44548e-06
3.71555e-05
7.43298e-06
5.92339e-05
6.22221e-05
4.43305e-05
3.31168e-05
1.82201e-05
4.33457e-05
8.5844e-05
2.50491e-05
0.000102865
0.000182875
0.000167212
9.32005e-05
1.91497e-05
1.62515e-05
1.03555e-05
1.0858e-05
1.97168e-05
3.31168e-05
1.974e-05
3.39305e-05
6.26498e-05
1.36996e-05
0.000157274
0.000250043
0.000236529
0.000151205
5.72339e-05
1.57343e-06
1.55485e-05
5.11777e-06
4.6314e-05
3.31168e-05
2.05248e-05
2.90903e-05
5.07008e-05
3.37407e-05
0.000185294
0.000284334
0.00027196
0.000181387
7.81633e-05
9.09731e-06
1.31542e-05
6.54408e-06
5.99706e-05
3.31168e-05
2.09211e-05
2.66471e-05
4.46545e-05
4.39027e-05
0.000199461
0.000301573
0.000289756
0.000196668
8.90257e-05
1.5151e-05
1.08992e-05
8.24441e-06
6.70448e-05
3.31168e-05
2.112e-05
2.54208e-05
4.16154e-05
4.90161e-05
0.000206578
0.000310209
0.000298664
0.000204346
9.45475e-05
1.83451e-05
9.5264e-06
9.33133e-06
7.06587e-05
3.31168e-05
2.12196e-05
2.48066e-05
4.00921e-05
5.15804e-05
0.000210144
0.000314529
0.000303119
0.000208193
9.733e-05
1.99825e-05
8.78083e-06
9.93277e-06
7.24866e-05
3.31168e-05
2.12694e-05
2.44992e-05
3.93295e-05
5.28644e-05
0.00021193
0.00031669
0.000305347
0.000210118
9.87265e-05
2.08111e-05
8.39351e-06
1.02478e-05
7.3406e-05
3.31168e-05
2.12943e-05
2.43455e-05
3.8948e-05
5.35069e-05
0.000212823
0.000317771
0.000306461
0.000211081
9.94261e-05
2.12279e-05
8.19625e-06
1.04089e-05
7.38671e-05
3.31168e-05
2.13068e-05
2.42686e-05
3.87572e-05
5.38283e-05
0.000213269
0.000318312
0.000307018
0.000211563
9.97761e-05
2.14368e-05
8.09672e-06
1.04904e-05
7.40979e-05
3.31168e-05
2.1313e-05
2.42302e-05
3.86618e-05
5.3989e-05
0.000213492
0.000318582
0.000307296
0.000211804
9.99513e-05
2.15415e-05
8.04674e-06
1.05313e-05
7.42135e-05
3.31168e-05
2.13162e-05
2.4211e-05
3.8614e-05
5.40693e-05
0.000213604
0.000318717
0.000307435
0.000211924
0.000100039
2.15939e-05
8.02169e-06
1.05518e-05
7.42712e-05
3.31168e-05
2.13177e-05
2.42014e-05
3.85902e-05
5.41095e-05
0.00021366
0.000318784
0.000307505
0.000211984
0.000100083
2.162e-05
8.00915e-06
1.05621e-05
7.43001e-05
3.31168e-05
2.13185e-05
2.41966e-05
3.85783e-05
5.41296e-05
0.000213688
0.000318818
0.00030754
0.000212014
0.000100105
2.16331e-05
8.00288e-06
1.05673e-05
7.43146e-05
3.31168e-05
2.13189e-05
2.41942e-05
3.85723e-05
5.41397e-05
0.000213702
0.000318835
0.000307557
0.000212029
0.000100116
2.16397e-05
7.99974e-06
1.05698e-05
7.43218e-05
3.31168e-05
2.13191e-05
2.4193e-05
3.85693e-05
5.41447e-05
0.000213709
0.000318844
0.000307566
0.000212037
0.000100121
2.1643e-05
7.99817e-06
1.05711e-05
7.43254e-05
3.31168e-05
2.13192e-05
2.41923e-05
3.85678e-05
5.41472e-05
0.000213712
0.000318848
0.00030757
0.000212041
0.000100124
2.16446e-05
7.99738e-06
1.05718e-05
7.43272e-05
3.31168e-05
2.13192e-05
2.4192e-05
3.85671e-05
5.41485e-05
0.000213714
0.00031885
0.000307572
0.000212043
0.000100125
2.16454e-05
7.99699e-06
1.05721e-05
7.43281e-05
3.31168e-05
2.13192e-05
2.41919e-05
3.85667e-05
5.41491e-05
0.000213715
0.000318851
0.000307573
0.000212044
0.000100126
2.16458e-05
7.9968e-06
1.05723e-05
7.43286e-05
3.31168e-05
2.13193e-05
2.41918e-05
3.85665e-05
5.41494e-05
0.000213715
0.000318851
0.000307574
0.000212044
0.000100126
2.1646e-05
7.9967e-06
1.05723e-05
7.43288e-05
3.31168e-05
2.13193e-05
2.41918e-05
3.85664e-05
5.41496e-05
0.000213716
0.000318852
0.000307574
0.000212044
0.000100126
2.16461e-05
7.99665e-06
1.05724e-05
7.43289e-05
3.31168e-05
2.13193e-05
2.41918e-05
3.85664e-05
5.41496e-05
0.000213716
0.000318852
0.000307574
0.000212044
0.000100126
2.16462e-05
7.99662e-06
1.05724e-05
7.4329e-05
3.31168e-05
2.13193e-05
2.41918e-05
3.85663e-05
5.41497e-05
0.000213716
0.000318852
0.000307574
0.000212044
0.000100126
2.16462e-05
7.99661e-06
1.05724e-05
7.4329e-05
3.31168e-05
2.13193e-05
2.41918e-05
3.85663e-05
5.41497e-05
0.000213716
0.000318852
0.000307574
0.000212044
0.000100126
2.16462e-05
7.99661e-06
1.05724e-05
7.4329e-05
3.31168e-05
2.13193e-05
2.41918e-05
3.85663e-05
5.41497e-05
0.000213716
0.000318852
0.000307574
0.000212044
0.000100126
2.16462e-05
7.9966e-06
1.05724e-05
7.4329e-05
3.31168e-05
2.13193e-05
2.41917e-05
3.85663e-05
5.41497e-05
0.000213716
0.000318852
0.000307574
0.000212044
0.000100126
2.16462e-05
7.9966e-06
1.05724e-05
7.4329e-05
3.31168e-05
2.13193e-05
2.41917e-05
3.85663e-05
5.41497e-05
0.000213716
0.000318852
0.000307574
0.000212044
0.000100126
2.16462e-05
7.9966e-06
1.05724e-05
7.4329e-05
3.31168e-05
2.13193e-05
2.41917e-05
3.85663e-05
5.41497e-05
0.000213716
0.000318852
0.000307574
0.000212045
0.000100126
2.16462e-05
7.9966e-06
1.05724e-05
7.4329e-05
3.31168e-05
2.13193e-05
2.41917e-05
3.85663e-05
5.41497e-05
0.000213716
0.000318852
0.000307574
0.000212045
0.000100126
2.16462e-05
7.9966e-06
1.05724e-05
7.4329e-05
3.31168e-05
2.13193e-05
2.41917e-05
3.85663e-05
5.41497e-05
0.000213716
0.000318852
0.000307574
0.000212045
0.000100126
2.16462e-05
7.9966e-06
1.05724e-05
7.4329e-05
3.31168e-05
2.13193e-05
2.41917e-05
3.85663e-05
5.41497e-05
0.000213716
0.000318852
0.000307574
0.000212045
0.000100126
2.16462e-05
7.9966e-06
1.05724e-05
7.4329e-05
3.31168e-05
2.13193e-05
2.41917e-05
3.85663e-05
5.41497e-05
0.000213716
0.000318852
0.000307574
0.000212045
0.000100126
2.16462e-05
7.9966e-06
1.05724e-05
7.4329e-05
3.31168e-05
2.13193e-05
2.41917e-05
3.85663e-05
5.41497e-05
0.000213716
0.000318852
0.000307574
0.000212045
0.000100126
2.16462e-05
7.9966e-06
1.05724e-05
7.4329e-05
3.31168e-05
2.13193e-05
2.41917e-05
3.85663e-05
5.41497e-05
0.000213716
0.000318852
0.000307574
0.000212045
0.000100126
2.16462e-05
7.9966e-06
1.05724e-05
7.4329e-05
3.31168e-05
2.13193e-05
2.41917e-05
3.85663e-05
5.41497e-05
0.000213716
0.000318852
0.000307574
0.000212045
0.000100126
2.16462e-05
7.9966e-06
1.05724e-05
7.4329e-05
3.31168e-05
2.13193e-05
2.41917e-05
3.85663e-05
5.41497e-05
0.000213716
0.000318852
0.000307574
0.000212045
0.000100126
2.16462e-05
7.9966e-06
1.05724e-05
7.4329e-05
3.31168e-05
2.13193e-05
2.41917e-05
3.85663e-05
5.41497e-05
0.000213716
0.000318852
0.000307574
0.000212045
0.000100126
2.16462e-05
7.9966e-06
1.05724e-05
7.4329e-05
3.31168e-05
2.13193e-05
2.41917e-05
3.85663e-05
5.41497e-05
0.000213716
0.000318852
0.000307574
0.000212045
0.000100126
2.16462e-05
7.9966e-06
1.05724e-05
7.4329e-05
3.31168e-05
2.13193e-05
2.41917e-05
3.85663e-05
5.41497e-05
0.000213716
0.000318852
0.000307574
0.000212045
0.000100126
2.16462e-05
7.9966e-06
1.05724e-05
7.4329e-05
3.31168e-05
2.13193e-05
2.41917e-05
3.85663e-05
5.41497e-05
0.000213716
0.000318852
0.000307574
0.000212045
0.000100126
2.16462e-05
7.9966e-06
1.05724e-05
7.4329e-05
3.31168e-05
2.13193e-05
2.41917e-05
3.85663e-05
5.41497e-05
0.000213716
0.000318852
0.000307574
0.000212045
0.000100126
2.16462e-05
7.9966e-06
1.05724e-05
7.4329e-05
3.31168e-05
2.13193e-05
2.41917e-05
3.85663e-05
5.41497e-05
0.000213716
0.000318852
0.000307574
0.000212045
0.000100126
2.16462e-05
7.9966e-06
1.05724e-05
7.4329e-05
3.31168e-05
2.13193e-05
2.41917e-05
3.85663e-05
5.41497e-05
0.000213716
0.000318852
0.000307574
0.000212045
0.000100126
2.16462e-05
7.9966e-06
1.05724e-05
7.4329e-05
3.31168e-05
2.13193e-05
2.41917e-05
3.85663e-05
5.41497e-05
0.000213716
0.000318852
0.000307574
0.000212045
0.000100126
2.16462e-05
7.9966e-06
1.05724e-05
7.4329e-05
3.31168e-05
2.13193e-05
2.41917e-05
3.85663e-05
5.41497e-05
0.000213716
0.000318852
0.000307574
0.000212045
0.000100126
2.16462e-05
7.9966e-06
1.05724e-05
7.4329e-05
3.31168e-05
2.13193e-05
2.41917e-05
3.85663e-05
5.41497e-05
0.000213716
0.000318852
0.000307574
0.000212045
0.000100126
2.16462e-05
7.9966e-06
1.05724e-05
7.4329e-05
3.31168e-05
2.13193e-05
2.41917e-05
3.85663e-05
5.41497e-05
0.000213716
0.000318852
0.000307574
0.000212045
0.000100126
2.16462e-05
7.9966e-06
1.05724e-05
7.4329e-05
3.31168e-05
2.13193e-05
2.41917e-05
3.85663e-05
5.41497e-05
0.000213716
0.000318852
0.000307574
0.000212045
0.000100126
2.16462e-05
7.9966e-06
1.05724e-05
7.4329e-05
3.31168e-05
2.13193e-05
2.41917e-05
3.85663e-05
5.41497e-05
0.000213716
0.000318852
0.000307574
0.000212045
0.000100126
2.16462e-05
7.9966e-06
1.05724e-05
7.4329e-05
3.31168e-05
2.13193e-05
2.41917e-05
3.85663e-05
5.41497e-05
0.000213716
0.000318852
0.000307574
0.000212045
0.000100126
2.16462e-05
7.9966e-06
1.05724e-05
7.4329e-05
3.31168e-05
2.13193e-05
2.41917e-05
3.85663e-05
5.41497e-05
0.000213716
0.000318852
0.000307574
0.000212045
0.000100126
2.16462e-05
7.9966e-06
1.05724e-05
7.4329e-05
3.31168e-05
2.13193e-05
2.41917e-05
3.85663e-05
5.41497e-05
0.000213716
0.000318852
0.000307574
0.000212045
0.000100126
2.16462e-05
7.9966e-06
1.05724e-05
7.4329e-05
3.31168e-05
2.13193e-05
2.41917e-05
3.85663e-05
5.41497e-05
0.000213716
0.000318852
0.000307574
0.000212045
0.000100126
2.16462e-05
7.9966e-06
1.05724e-05
7.4329e-05
3.31168e-05
2.13193e-05
2.41917e-05
3.85663e-05
5.41497e-05
0.000213716
0.000318852
0.000307574
0.000212045
0.000100126
2.16462e-05
7.9966e-06
1.05724e-05
7.4329e-05
3.31168e-05
2.13193e-05
2.41917e-05
3.85663e-05
5.41497e-05
0.000213716
0.000318852
0.000307574
0.000212045
0.000100126
2.16462e-05
7.9966e-06
1.05724e-05
7.4329e-05
3.31168e-05
2.13193e-05
2.41917e-05
3.85663e-05
5.41497e-05
0.000213716
0.000318852
0.000307574
0.000212045
0.000100126
2.16462e-05
7.9966e-06
1.05724e-05
7.4329e-05
3.31168e-05
2.13193e-05
2.41917e-05
3.85663e-05
5.41497e-05
0.000213716
0.000318852
0.000307574
0.000212045
0.000100126
2.16462e-05
7.9966e-06
1.05724e-05
7.4329e-05
3.31168e-05
2.13193e-05
2.41917e-05
3.85663e-05
5.41497e-05
0.000213716
0.000318852
0.000307574
0.000212045
0.000100126
2.16462e-05
7.9966e-06
1.05724e-05
7.4329e-05
3.31168e-05
2.13193e-05
2.41917e-05
3.85663e-05
5.41497e-05
0.000213716
0.000318852
0.000307574
0.000212045
0.000100126
2.16462e-05
7.9966e-06
1.05724e-05
7.4329e-05
3.31168e-05
2.13193e-05
2.41917e-05
3.85663e-05
5.41497e-05
0.000213716
0.000318852
0.000307574
0.000212045
0.000100126
2.16462e-05
7.9966e-06
1.05724e-05
7.4329e-05
3.31168e-05
2.13193e-05
2.41917e-05
3.85663e-05
5.41497e-05
0.000213716
0.000318852
0.000307574
0.000212045
0.000100126
2.16462e-05
7.9966e-06
1.05724e-05
7.4329e-05
3.31168e-05
2.13193e-05
2.41917e-05
3.85663e-05
5.41497e-05
0.000213716
0.000318852
0.000307574
0.000212045
0.000100126
2.16462e-05
7.9966e-06
1.05724e-05
7.4329e-05
3.31168e-05
2.13193e-05
2.41917e-05
3.85663e-05
5.41497e-05
0.000213716
0.000318852
0.000307574
0.000212045
0.000100126
2.16462e-05
7.9966e-06
1.05724e-05
7.4329e-05
3.31168e-05
2.13193e-05
2.41917e-05
3.85663e-05
5.41497e-05
0.000213716
0.000318852
0.000307574
0.000212045
0.000100126
2.16462e-05
7.9966e-06
1.05724e-05
7.4329e-05
3.31168e-05
2.13193e-05
2.41917e-05
3.85663e-05
5.41497e-05
0.000213716
0.000318852
0.000307574
0.000212045
0.000100126
2.16462e-05
7.9966e-06
1.05724e-05
7.4329e-05
3.31168e-05
2.13193e-05
2.41917e-05
3.85663e-05
5.41497e-05
0.000213716
0.000318852
0.000307574
0.000212045
0.000100126
2.16462e-05
7.9966e-06
1.05724e-05
7.4329e-05
3.31168e-05
2.13193e-05
2.41917e-05
3.85663e-05
5.41497e-05
0.000213716
0.000318852
0.000307574
0.000212045
0.000100126
2.16462e-05
7.9966e-06
1.05724e-05
7.4329e-05
3.31168e-05
2.13193e-05
2.41917e-05
3.85663e-05
5.41497e-05
0.000213716
0.000318852
0.000307574
0.000212045
0.000100126
2.16462e-05
7.9966e-06
1.05724e-05
7.4329e-05
3.31168e-05
2.13193e-05
2.41917e-05
3.85663e-05
5.41497e-05
0.000213716
0.000318852
0.000307574
0.000212045
0.000100126
2.16462e-05
7.9966e-06
1.05724e-05
7.4329e-05
3.31168e-05
2.13193e-05
2.41917e-05
3.85663e-05
5.41497e-05
0.000213716
0.000318852
0.000307574
0.000212045
0.000100126
2.16462e-05
7.9966e-06
1.05724e-05
7.4329e-05
3.31168e-05
2.13193e-05
2.41917e-05
3.85663e-05
5.41497e-05
0.000213716
0.000318852
0.000307574
0.000212045
0.000100126
2.16462e-05
7.9966e-06
1.05724e-05
7.4329e-05
3.31168e-05
2.13193e-05
2.41917e-05
3.85663e-05
5.41497e-05
0.000213716
0.000318852
0.000307574
0.000212045
0.000100126
2.16462e-05
7.9966e-06
1.05724e-05
7.4329e-05
3.31168e-05
2.13193e-05
2.41917e-05
3.85663e-05
5.41497e-05
0.000213716
0.000318852
0.000307574
0.000212045
0.000100126
2.16462e-05
7.9966e-06
1.05724e-05
7.4329e-05
3.31168e-05
2.13193e-05
2.41917e-05
3.85663e-05
5.41497e-05
0.000213716
0.000318852
0.000307574
0.000212045
0.000100126
2.16462e-05
7.9966e-06
1.05724e-05
7.4329e-05
3.31168e-05
2.13193e-05
2.41917e-05
3.85663e-05
5.41497e-05
0.000213716
0.000318852
0.000307574
0.000212045
0.000100126
2.16462e-05
7.9966e-06
1.05724e-05
7.4329e-05
3.31168e-05
2.13193e-05
2.41917e-05
3.85663e-05
5.41497e-05
0.000213716
0.000318852
0.000307574
0.000212045
0.000100126
2.16462e-05
7.9966e-06
1.05724e-05
7.4329e-05
3.31168e-05
2.13193e-05
2.41917e-05
3.85663e-05
5.41497e-05
0.000213716
0.000318852
0.000307574
0.000212045
0.000100126
2.16462e-05
7.9966e-06
1.05724e-05
7.4329e-05
3.31168e-05
2.13193e-05
2.41917e-05
3.85663e-05
5.41497e-05
0.000213716
0.000318852
0.000307574
0.000212045
0.000100126
2.16462e-05
7.9966e-06
1.05724e-05
7.4329e-05
3.31168e-05
2.13193e-05
2.41917e-05
3.85663e-05
5.41497e-05
0.000213716
0.000318852
0.000307574
0.000212045
0.000100126
2.16462e-05
7.9966e-06
1.05724e-05
7.4329e-05
3.31168e-05
2.13193e-05
2.41917e-05
3.85663e-05
5.41497e-05
0.000213716
0.000318852
0.000307574
0.000212045
0.000100126
2.16462e-05
7.9966e-06
1.05724e-05
7.4329e-05
3.31168e-05
2.13193e-05
2.41917e-05
3.85663e-05
5.41497e-05
0.000213716
0.000318852
0.000307574
0.000212045
0.000100126
2.16462e-05
7.9966e-06
1.05724e-05
7.4329e-05
3.31168e-05
2.13193e-05
2.41917e-05
3.85663e-05
5.41497e-05
0.000213716
0.000318852
0.000307574
0.000212045
0.000100126
2.16462e-05
7.9966e-06
1.05724e-05
7.4329e-05
3.31168e-05
2.13193e-05
2.41917e-05
3.85663e-05
5.41497e-05
0.000213716
0.000318852
0.000307574
0.000212045
0.000100126
2.16462e-05
7.9966e-06
1.05724e-05
7.4329e-05
3.31168e-05
2.13193e-05
2.41917e-05
3.85663e-05
5.41497e-05
0.000213716
0.000318852
0.000307574
0.000212045
0.000100126
2.16462e-05
7.9966e-06
1.05724e-05
7.4329e-05
3.31168e-05
2.13193e-05
2.41917e-05
3.85663e-05
5.41497e-05
0.000213716
0.000318852
0.000307574
0.000212045
0.000100126
2.16462e-05
7.9966e-06
1.05724e-05
7.4329e-05
3.31168e-05
2.13193e-05
2.41917e-05
3.85663e-05
5.41497e-05
0.000213716
0.000318852
0.000307574
0.000212045
0.000100126
2.16462e-05
7.9966e-06
1.05724e-05
7.4329e-05
3.31168e-05
2.13193e-05
2.41917e-05
3.85663e-05
5.41497e-05
0.000213716
0.000318852
0.000307574
0.000212045
0.000100126
2.16462e-05
7.9966e-06
1.05724e-05
7.4329e-05
3.31168e-05
2.13193e-05
2.41917e-05
3.85663e-05
5.41497e-05
0.000213716
0.000318852
0.000307574
0.000212045
0.000100126
2.16462e-05
7.9966e-06
1.05724e-05
7.4329e-05
3.31168e-05
2.13193e-05
2.41917e-05
3.85663e-05
5.41497e-05
0.000213716
0.000318852
0.000307574
0.000212045
0.000100126
2.16462e-05
7.9966e-06
1.05724e-05
7.4329e-05
3.31168e-05
2.13193e-05
2.41917e-05
3.85663e-05
5.41497e-05
0.000213716
0.000318852
0.000307574
0.000212045
0.000100126
2.16462e-05
7.9966e-06
1.05724e-05
7.4329e-05
3.31168e-05
2.13193e-05
2.41917e-05
3.85663e-05
5.41497e-05
0.000213716
0.000318852
0.000307574
0.000212045
0.000100126
2.16462e-05
7.9966e-06
1.05724e-05
7.4329e-05
3.31168e-05
2.13193e-05
2.41917e-05
3.85663e-05
5.41497e-05
0.000213716
0.000318852
0.000307574
0.000212045
0.000100126
2.16462e-05
7.9966e-06
1.05724e-05
7.4329e-05
3.31168e-05
2.13193e-05
2.41917e-05
3.85663e-05
5.41497e-05
0.000213716
0.000318852
0.000307574
0.000212045
0.000100126
2.16462e-05
7.9966e-06
1.05724e-05
7.4329e-05
3.31168e-05
2.13193e-05
2.41917e-05
3.85663e-05
5.41497e-05
0.000213716
0.000318852
0.000307574
0.000212045
0.000100126
2.16462e-05
7.9966e-06
1.05724e-05
7.4329e-05
3.31168e-05
2.13193e-05
2.41917e-05
3.85663e-05
5.41497e-05
0.000213716
0.000318852
0.000307574
0.000212045
0.000100126
2.16462e-05
7.9966e-06
1.05724e-05
7.4329e-05
3.31168e-05
2.13193e-05
2.41917e-05
3.85663e-05
5.41497e-05
0.000213716
0.000318852
0.000307574
0.000212045
0.000100126
2.16462e-05
7.9966e-06
1.05724e-05
7.4329e-05
3.31168e-05
2.13193e-05
2.41917e-05
3.85663e-05
5.41497e-05
0.000213716
0.000318852
0.000307574
0.000212045
0.000100126
2.16462e-05
7.9966e-06
1.05724e-05
7.4329e-05
3.31168e-05
2.13193e-05
2.41917e-05
3.85663e-05
5.41497e-05
0.000213716
0.000318852
0.000307574
0.000212045
0.000100126
2.16462e-05
7.9966e-06
1.05724e-05
7.4329e-05
3.31168e-05
2.13193e-05
2.41917e-05
3.85663e-05
5.41497e-05
0.000213716
0.000318852
0.000307574
0.000212045
0.000100126
2.16462e-05
7.9966e-06
1.05724e-05
7.4329e-05
3.31168e-05
2.13193e-05
2.41917e-05
3.85663e-05
5.41497e-05
0.000213716
0.000318852
0.000307574
0.000212045
0.000100126
2.16462e-05
7.9966e-06
1.05724e-05
7.4329e-05
3.31168e-05
2.13193e-05
2.41917e-05
3.85663e-05
5.41497e-05
0.000213716
0.000318852
0.000307574
0.000212045
0.000100126
2.16462e-05
7.9966e-06
1.05724e-05
7.4329e-05
3.31168e-05
2.13193e-05
2.41917e-05
3.85663e-05
5.41497e-05
0.000213716
0.000318852
0.000307574
0.000212045
0.000100126
2.16462e-05
7.9966e-06
1.05724e-05
7.4329e-05
3.31168e-05
2.13193e-05
2.41917e-05
3.85663e-05
5.41497e-05
0.000213716
0.000318852
0.000307574
0.000212045
0.000100126
2.16462e-05
7.9966e-06
1.05724e-05
7.4329e-05
3.31168e-05
2.13193e-05
2.41917e-05
3.85663e-05
5.41497e-05
0.000213716
0.000318852
0.000307574
0.000212045
0.000100126
2.16462e-05
7.9966e-06
1.05724e-05
7.4329e-05
3.31168e-05
2.13193e-05
2.41917e-05
3.85663e-05
5.41497e-05
0.000213716
0.000318852
0.000307574
0.000212045
0.000100126
2.16462e-05
7.9966e-06
1.05724e-05
7.4329e-05
3.31168e-05
2.13193e-05
2.41917e-05
3.85663e-05
5.41497e-05
0.000213716
0.000318852
0.000307574
0.000212045
0.000100126
2.16462e-05
7.9966e-06
1.05724e-05
7.4329e-05
3.31168e-05
2.13193e-05
2.41917e-05
3.85663e-05
5.41497e-05
0.000213716
0.000318852
0.000307574
0.000212045
0.000100126
2.16462e-05
7.9966e-06
1.05724e-05
7.4329e-05
3.31168e-05
2.13193e-05
2.41917e-05
3.85663e-05
5.41497e-05
0.000213716
0.000318852
0.000307574
0.000212045
0.000100126
2.16462e-05
7.9966e-06
1.05724e-05
7.4329e-05
3.31168e-05
2.13193e-05
2.41917e-05
3.85663e-05
5.41497e-05
0.000213716
0.000318852
0.000307574
0.000212045
0.000100126
2.16462e-05
7.9966e-06
1.05724e-05
7.4329e-05
3.31168e-05
2.13193e-05
2.41917e-05
3.85663e-05
5.41497e-05
0.000213716
0.000318852
0.000307574
0.000212045
0.000100126
2.16462e-05
7.9966e-06
1.05724e-05
7.4329e-05
3.31168e-05
2.13193e-05
2.41917e-05
3.85663e-05
5.41497e-05
0.000213716
0.000318852
0.000307574
0.000212045
0.000100126
2.16462e-05
7.9966e-06
1.05724e-05
7.4329e-05
3.31168e-05
2.13193e-05
2.41917e-05
3.85663e-05
5.41497e-05
0.000213716
0.000318852
0.000307574
0.000212045
0.000100126
2.16462e-05
7.9966e-06
1.05724e-05
7.4329e-05
3.31168e-05
2.13193e-05
2.41917e-05
3.85663e-05
5.41497e-05
0.000213716
0.000318852
0.000307574
0.000212045
0.000100126
2.16462e-05
7.9966e-06
1.05724e-05
7.4329e-05
3.31168e-05
2.13193e-05
2.41917e-05
3.85663e-05
5.41497e-05
0.000213716
0.000318852
0.000307574
0.000212045
0.000100126
2.16462e-05
7.9966e-06
1.05724e-05
7.4329e-05
3.31168e-05
2.13193e-05
2.41917e-05
3.85663e-05
5.41497e-05
0.000213716
0.000318852
0.000307574
0.000212045
0.000100126
2.16462e-05
7.9966e-06
1.05724e-05
7.4329e-05
3.31168e-05
2.13193e-05
2.41917e-05
3.85663e-05
5.41497e-05
0.000213716
0.000318852
0.000307574
0.000212045
0.000100126
2.16462e-05
7.9966e-06
1.05724e-05
7.4329e-05
3.31168e-05
2.13193e-05
2.41917e-05
3.85663e-05
5.41497e-05
0.000213716
0.000318852
0.000307574
0.000212045
0.000100126
2.16462e-05
7.9966e-06
1.05724e-05
7.4329e-05
3.31168e-05
2.13193e-05
2.41917e-05
3.85663e-05
5.41497e-05
0.000213716
0.000318852
0.000307574
0.000212045
0.000100126
2.16462e-05
7.9966e-06
1.05724e-05
7.4329e-05
3.31168e-05
2.13193e-05
2.41917e-05
3.85663e-05
5.41497e-05
0.000213716
0.000318852
0.000307574
0.000212045
0.000100126
2.16462e-05
7.9966e-06
1.05724e-05
7.4329e-05
2.20779e-05
1.42128e-05
1.61284e-05
2.57125e-05
3.60999e-05
0.000142485
0.000212586
0.000205073
0.000141381
6.67582e-05
1.4425e-05
5.35345e-06
6.99953e-06
4.94691e-05
2.20779e-05
1.09576e-05
4.4424e-05
0.000113802
0.000119736
3.15357e-05
9.60245e-05
0.000134804
3.70769e-06
1.33374e-05
0.000287369
0.000441586
0.000201982
9.32581e-06
2.20779e-05
1.0843e-05
3.75957e-05
7.99258e-05
5.60165e-05
1.16696e-05
5.02562e-05
3.81276e-05
1.89143e-06
2.21774e-05
3.17963e-06
4.27878e-05
4.84131e-05
2.14026e-05
2.20779e-05
1.23505e-05
2.77068e-05
5.45083e-05
1.25849e-05
7.35944e-05
0.00012708
0.000115885
6.53229e-05
1.48593e-05
9.3547e-06
5.30054e-06
9.71223e-06
1.66631e-05
2.20779e-05
1.32563e-05
2.20503e-05
4.04304e-05
1.12222e-05
0.000107478
0.00016948
0.000160143
0.000102642
3.93998e-05
1.7106e-07
9.53177e-06
4.52768e-06
3.24652e-05
2.20779e-05
1.373e-05
1.91147e-05
3.31395e-05
2.3543e-05
0.000124869
0.000190993
0.000182596
0.000121905
5.27808e-05
6.53591e-06
8.34845e-06
4.88394e-06
4.07077e-05
2.20779e-05
1.39705e-05
1.7627e-05
2.94415e-05
2.97939e-05
0.000133652
0.000201784
0.000193838
0.000131624
5.97014e-05
1.0342e-05
7.0626e-06
5.7306e-06
4.50128e-05
2.20779e-05
1.40914e-05
1.68789e-05
2.75807e-05
3.29403e-05
0.000138062
0.000207184
0.000199457
0.000136499
6.32135e-05
1.235e-05
6.25925e-06
6.31333e-06
4.72209e-05
2.20779e-05
1.41521e-05
1.6504e-05
2.66475e-05
3.45185e-05
0.000140272
0.000209885
0.000202265
0.000138939
6.49819e-05
1.33792e-05
5.81895e-06
6.64362e-06
4.83398e-05
2.20779e-05
1.41824e-05
1.63162e-05
2.61802e-05
3.53088e-05
0.000141378
0.000211236
0.000203669
0.00014016
6.58691e-05
1.39001e-05
5.58933e-06
6.81839e-06
4.89032e-05
2.20779e-05
1.41976e-05
1.62223e-05
2.59464e-05
3.57042e-05
0.000141932
0.000211911
0.000204371
0.000140771
6.63134e-05
1.4162e-05
5.47217e-06
6.90817e-06
4.91858e-05
2.20779e-05
1.42052e-05
1.61753e-05
2.58295e-05
3.5902e-05
0.000142208
0.000212248
0.000204722
0.000141076
6.65357e-05
1.42934e-05
5.413e-06
6.95365e-06
4.93273e-05
2.20779e-05
1.4209e-05
1.61519e-05
2.5771e-05
3.6001e-05
0.000142347
0.000212417
0.000204897
0.000141229
6.6647e-05
1.43592e-05
5.38327e-06
6.97654e-06
4.93982e-05
2.20779e-05
1.42109e-05
1.61401e-05
2.57417e-05
3.60504e-05
0.000142416
0.000212502
0.000204985
0.000141305
6.67026e-05
1.43921e-05
5.36837e-06
6.98803e-06
4.94336e-05
2.20779e-05
1.42119e-05
1.61342e-05
2.57271e-05
3.60752e-05
0.00014245
0.000212544
0.000205029
0.000141343
6.67304e-05
1.44085e-05
5.36091e-06
6.99378e-06
4.94514e-05
2.20779e-05
1.42123e-05
1.61313e-05
2.57198e-05
3.60875e-05
0.000142468
0.000212565
0.000205051
0.000141362
6.67443e-05
1.44168e-05
5.35718e-06
6.99665e-06
4.94602e-05
2.20779e-05
1.42126e-05
1.61298e-05
2.57161e-05
3.60937e-05
0.000142476
0.000212576
0.000205062
0.000141372
6.67512e-05
1.44209e-05
5.35531e-06
6.99809e-06
4.94646e-05
2.20779e-05
1.42127e-05
1.61291e-05
2.57143e-05
3.60968e-05
0.000142481
0.000212581
0.000205067
0.000141377
6.67547e-05
1.44229e-05
5.35438e-06
6.99881e-06
4.94669e-05
2.20779e-05
1.42128e-05
1.61287e-05
2.57134e-05
3.60984e-05
0.000142483
0.000212583
0.00020507
0.000141379
6.67565e-05
1.4424e-05
5.35391e-06
6.99917e-06
4.9468e-05
2.20779e-05
1.42128e-05
1.61285e-05
2.57129e-05
3.60991e-05
0.000142484
0.000212585
0.000205071
0.00014138
6.67573e-05
1.44245e-05
5.35368e-06
6.99935e-06
4.94685e-05
2.20779e-05
1.42128e-05
1.61285e-05
2.57127e-05
3.60995e-05
0.000142485
0.000212585
0.000205072
0.000141381
6.67578e-05
1.44247e-05
5.35356e-06
6.99944e-06
4.94688e-05
2.20779e-05
1.42128e-05
1.61284e-05
2.57126e-05
3.60997e-05
0.000142485
0.000212586
0.000205072
0.000141381
6.6758e-05
1.44249e-05
5.35351e-06
6.99949e-06
4.94689e-05
2.20779e-05
1.42128e-05
1.61284e-05
2.57125e-05
3.60998e-05
0.000142485
0.000212586
0.000205073
0.000141381
6.67581e-05
1.44249e-05
5.35348e-06
6.99951e-06
4.9469e-05
2.20779e-05
1.42128e-05
1.61284e-05
2.57125e-05
3.60999e-05
0.000142485
0.000212586
0.000205073
0.000141381
6.67581e-05
1.4425e-05
5.35346e-06
6.99952e-06
4.9469e-05
2.20779e-05
1.42128e-05
1.61284e-05
2.57125e-05
3.60999e-05
0.000142485
0.000212586
0.000205073
0.000141381
6.67582e-05
1.4425e-05
5.35345e-06
6.99953e-06
4.94691e-05
2.20779e-05
1.42128e-05
1.61284e-05
2.57125e-05
3.60999e-05
0.000142485
0.000212586
0.000205073
0.000141381
6.67582e-05
1.4425e-05
5.35345e-06
6.99953e-06
4.94691e-05
2.20779e-05
1.42128e-05
1.61284e-05
2.57125e-05
3.60999e-05
0.000142485
0.000212586
0.000205073
0.000141381
6.67582e-05
1.4425e-05
5.35345e-06
6.99953e-06
4.94691e-05
2.20779e-05
1.42128e-05
1.61284e-05
2.57125e-05
3.60999e-05
0.000142485
0.000212586
0.000205073
0.000141381
6.67582e-05
1.4425e-05
5.35345e-06
6.99953e-06
4.94691e-05
2.20779e-05
1.42128e-05
1.61284e-05
2.57125e-05
3.60999e-05
0.000142485
0.000212586
0.000205073
0.000141381
6.67582e-05
1.4425e-05
5.35345e-06
6.99953e-06
4.94691e-05
2.20779e-05
1.42128e-05
1.61284e-05
2.57125e-05
3.60999e-05
0.000142485
0.000212586
0.000205073
0.000141381
6.67582e-05
1.4425e-05
5.35345e-06
6.99953e-06
4.94691e-05
2.20779e-05
1.42128e-05
1.61284e-05
2.57125e-05
3.60999e-05
0.000142485
0.000212586
0.000205073
0.000141381
6.67582e-05
1.4425e-05
5.35345e-06
6.99953e-06
4.94691e-05
2.20779e-05
1.42128e-05
1.61284e-05
2.57125e-05
3.60999e-05
0.000142485
0.000212586
0.000205073
0.000141381
6.67582e-05
1.4425e-05
5.35345e-06
6.99953e-06
4.94691e-05
2.20779e-05
1.42128e-05
1.61284e-05
2.57125e-05
3.60999e-05
0.000142485
0.000212586
0.000205073
0.000141381
6.67582e-05
1.4425e-05
5.35345e-06
6.99953e-06
4.94691e-05
2.20779e-05
1.42128e-05
1.61284e-05
2.57125e-05
3.60999e-05
0.000142485
0.000212586
0.000205073
0.000141381
6.67582e-05
1.4425e-05
5.35345e-06
6.99953e-06
4.94691e-05
2.20779e-05
1.42128e-05
1.61284e-05
2.57125e-05
3.60999e-05
0.000142485
0.000212586
0.000205073
0.000141381
6.67582e-05
1.4425e-05
5.35345e-06
6.99953e-06
4.94691e-05
2.20779e-05
1.42128e-05
1.61284e-05
2.57125e-05
3.60999e-05
0.000142485
0.000212586
0.000205073
0.000141381
6.67582e-05
1.4425e-05
5.35345e-06
6.99953e-06
4.94691e-05
2.20779e-05
1.42128e-05
1.61284e-05
2.57125e-05
3.60999e-05
0.000142485
0.000212586
0.000205073
0.000141381
6.67582e-05
1.4425e-05
5.35345e-06
6.99953e-06
4.94691e-05
2.20779e-05
1.42128e-05
1.61284e-05
2.57125e-05
3.60999e-05
0.000142485
0.000212586
0.000205073
0.000141381
6.67582e-05
1.4425e-05
5.35345e-06
6.99953e-06
4.94691e-05
2.20779e-05
1.42128e-05
1.61284e-05
2.57125e-05
3.60999e-05
0.000142485
0.000212586
0.000205073
0.000141381
6.67582e-05
1.4425e-05
5.35345e-06
6.99953e-06
4.94691e-05
2.20779e-05
1.42128e-05
1.61284e-05
2.57125e-05
3.60999e-05
0.000142485
0.000212586
0.000205073
0.000141381
6.67582e-05
1.4425e-05
5.35345e-06
6.99953e-06
4.94691e-05
2.20779e-05
1.42128e-05
1.61284e-05
2.57125e-05
3.60999e-05
0.000142485
0.000212586
0.000205073
0.000141381
6.67582e-05
1.4425e-05
5.35345e-06
6.99953e-06
4.94691e-05
2.20779e-05
1.42128e-05
1.61284e-05
2.57125e-05
3.60999e-05
0.000142485
0.000212586
0.000205073
0.000141381
6.67582e-05
1.4425e-05
5.35345e-06
6.99953e-06
4.94691e-05
2.20779e-05
1.42128e-05
1.61284e-05
2.57125e-05
3.60999e-05
0.000142485
0.000212586
0.000205073
0.000141381
6.67582e-05
1.4425e-05
5.35345e-06
6.99953e-06
4.94691e-05
2.20779e-05
1.42128e-05
1.61284e-05
2.57125e-05
3.60999e-05
0.000142485
0.000212586
0.000205073
0.000141381
6.67582e-05
1.4425e-05
5.35345e-06
6.99953e-06
4.94691e-05
2.20779e-05
1.42128e-05
1.61284e-05
2.57125e-05
3.60999e-05
0.000142485
0.000212586
0.000205073
0.000141381
6.67582e-05
1.4425e-05
5.35345e-06
6.99953e-06
4.94691e-05
2.20779e-05
1.42128e-05
1.61284e-05
2.57125e-05
3.60999e-05
0.000142485
0.000212586
0.000205073
0.000141381
6.67582e-05
1.4425e-05
5.35345e-06
6.99953e-06
4.94691e-05
2.20779e-05
1.42128e-05
1.61284e-05
2.57125e-05
3.60999e-05
0.000142485
0.000212586
0.000205073
0.000141381
6.67582e-05
1.4425e-05
5.35345e-06
6.99953e-06
4.94691e-05
2.20779e-05
1.42128e-05
1.61284e-05
2.57125e-05
3.60999e-05
0.000142485
0.000212586
0.000205073
0.000141381
6.67582e-05
1.4425e-05
5.35345e-06
6.99953e-06
4.94691e-05
2.20779e-05
1.42128e-05
1.61284e-05
2.57125e-05
3.60999e-05
0.000142485
0.000212586
0.000205073
0.000141381
6.67582e-05
1.4425e-05
5.35345e-06
6.99953e-06
4.94691e-05
2.20779e-05
1.42128e-05
1.61284e-05
2.57125e-05
3.60999e-05
0.000142485
0.000212586
0.000205073
0.000141381
6.67582e-05
1.4425e-05
5.35345e-06
6.99953e-06
4.94691e-05
2.20779e-05
1.42128e-05
1.61284e-05
2.57125e-05
3.60999e-05
0.000142485
0.000212586
0.000205073
0.000141381
6.67582e-05
1.4425e-05
5.35345e-06
6.99953e-06
4.94691e-05
2.20779e-05
1.42128e-05
1.61284e-05
2.57125e-05
3.60999e-05
0.000142485
0.000212586
0.000205073
0.000141381
6.67582e-05
1.4425e-05
5.35345e-06
6.99953e-06
4.94691e-05
2.20779e-05
1.42128e-05
1.61284e-05
2.57125e-05
3.60999e-05
0.000142485
0.000212586
0.000205073
0.000141381
6.67582e-05
1.4425e-05
5.35345e-06
6.99953e-06
4.94691e-05
2.20779e-05
1.42128e-05
1.61284e-05
2.57125e-05
3.60999e-05
0.000142485
0.000212586
0.000205073
0.000141381
6.67582e-05
1.4425e-05
5.35345e-06
6.99953e-06
4.94691e-05
2.20779e-05
1.42128e-05
1.61284e-05
2.57125e-05
3.60999e-05
0.000142485
0.000212586
0.000205073
0.000141381
6.67582e-05
1.4425e-05
5.35345e-06
6.99953e-06
4.94691e-05
2.20779e-05
1.42128e-05
1.61284e-05
2.57125e-05
3.60999e-05
0.000142485
0.000212586
0.000205073
0.000141381
6.67582e-05
1.4425e-05
5.35345e-06
6.99953e-06
4.94691e-05
2.20779e-05
1.42128e-05
1.61284e-05
2.57125e-05
3.60999e-05
0.000142485
0.000212586
0.000205073
0.000141381
6.67582e-05
1.4425e-05
5.35345e-06
6.99953e-06
4.94691e-05
2.20779e-05
1.42128e-05
1.61284e-05
2.57125e-05
3.60999e-05
0.000142485
0.000212586
0.000205073
0.000141381
6.67582e-05
1.4425e-05
5.35345e-06
6.99953e-06
4.94691e-05
2.20779e-05
1.42128e-05
1.61284e-05
2.57125e-05
3.60999e-05
0.000142485
0.000212586
0.000205073
0.000141381
6.67582e-05
1.4425e-05
5.35345e-06
6.99953e-06
4.94691e-05
2.20779e-05
1.42128e-05
1.61284e-05
2.57125e-05
3.60999e-05
0.000142485
0.000212586
0.000205073
0.000141381
6.67582e-05
1.4425e-05
5.35345e-06
6.99953e-06
4.94691e-05
2.20779e-05
1.42128e-05
1.61284e-05
2.57125e-05
3.60999e-05
0.000142485
0.000212586
0.000205073
0.000141381
6.67582e-05
1.4425e-05
5.35345e-06
6.99953e-06
4.94691e-05
2.20779e-05
1.42128e-05
1.61284e-05
2.57125e-05
3.60999e-05
0.000142485
0.000212586
0.000205073
0.000141381
6.67582e-05
1.4425e-05
5.35345e-06
6.99953e-06
4.94691e-05
2.20779e-05
1.42128e-05
1.61284e-05
2.57125e-05
3.60999e-05
0.000142485
0.000212586
0.000205073
0.000141381
6.67582e-05
1.4425e-05
5.35345e-06
6.99953e-06
4.94691e-05
2.20779e-05
1.42128e-05
1.61284e-05
2.57125e-05
3.60999e-05
0.000142485
0.000212586
0.000205073
0.000141381
6.67582e-05
1.4425e-05
5.35345e-06
6.99953e-06
4.94691e-05
2.20779e-05
1.42128e-05
1.61284e-05
2.57125e-05
3.60999e-05
0.000142485
0.000212586
0.000205073
0.000141381
6.67582e-05
1.4425e-05
5.35345e-06
6.99953e-06
4.94691e-05
2.20779e-05
1.42128e-05
1.61284e-05
2.57125e-05
3.60999e-05
0.000142485
0.000212586
0.000205073
0.000141381
6.67582e-05
1.4425e-05
5.35345e-06
6.99953e-06
4.94691e-05
2.20779e-05
1.42128e-05
1.61284e-05
2.57125e-05
3.60999e-05
0.000142485
0.000212586
0.000205073
0.000141381
6.67582e-05
1.4425e-05
5.35345e-06
6.99953e-06
4.94691e-05
2.20779e-05
1.42128e-05
1.61284e-05
2.57125e-05
3.60999e-05
0.000142485
0.000212586
0.000205073
0.000141381
6.67582e-05
1.4425e-05
5.35345e-06
6.99953e-06
4.94691e-05
2.20779e-05
1.42128e-05
1.61284e-05
2.57125e-05
3.60999e-05
0.000142485
0.000212586
0.000205073
0.000141381
6.67582e-05
1.4425e-05
5.35345e-06
6.99953e-06
4.94691e-05
2.20779e-05
1.42128e-05
1.61284e-05
2.57125e-05
3.60999e-05
0.000142485
0.000212586
0.000205073
0.000141381
6.67582e-05
1.4425e-05
5.35345e-06
6.99953e-06
4.94691e-05
2.20779e-05
1.42128e-05
1.61284e-05
2.57125e-05
3.60999e-05
0.000142485
0.000212586
0.000205073
0.000141381
6.67582e-05
1.4425e-05
5.35345e-06
6.99953e-06
4.94691e-05
2.20779e-05
1.42128e-05
1.61284e-05
2.57125e-05
3.60999e-05
0.000142485
0.000212586
0.000205073
0.000141381
6.67582e-05
1.4425e-05
5.35345e-06
6.99953e-06
4.94691e-05
2.20779e-05
1.42128e-05
1.61284e-05
2.57125e-05
3.60999e-05
0.000142485
0.000212586
0.000205073
0.000141381
6.67582e-05
1.4425e-05
5.35345e-06
6.99953e-06
4.94691e-05
2.20779e-05
1.42128e-05
1.61284e-05
2.57125e-05
3.60999e-05
0.000142485
0.000212586
0.000205073
0.000141381
6.67582e-05
1.4425e-05
5.35345e-06
6.99953e-06
4.94691e-05
2.20779e-05
1.42128e-05
1.61284e-05
2.57125e-05
3.60999e-05
0.000142485
0.000212586
0.000205073
0.000141381
6.67582e-05
1.4425e-05
5.35345e-06
6.99953e-06
4.94691e-05
2.20779e-05
1.42128e-05
1.61284e-05
2.57125e-05
3.60999e-05
0.000142485
0.000212586
0.000205073
0.000141381
6.67582e-05
1.4425e-05
5.35345e-06
6.99953e-06
4.94691e-05
2.20779e-05
1.42128e-05
1.61284e-05
2.57125e-05
3.60999e-05
0.000142485
0.000212586
0.000205073
0.000141381
6.67582e-05
1.4425e-05
5.35345e-06
6.99953e-06
4.94691e-05
2.20779e-05
1.42128e-05
1.61284e-05
2.57125e-05
3.60999e-05
0.000142485
0.000212586
0.000205073
0.000141381
6.67582e-05
1.4425e-05
5.35345e-06
6.99953e-06
4.94691e-05
2.20779e-05
1.42128e-05
1.61284e-05
2.57125e-05
3.60999e-05
0.000142485
0.000212586
0.000205073
0.000141381
6.67582e-05
1.4425e-05
5.35345e-06
6.99953e-06
4.94691e-05
2.20779e-05
1.42128e-05
1.61284e-05
2.57125e-05
3.60999e-05
0.000142485
0.000212586
0.000205073
0.000141381
6.67582e-05
1.4425e-05
5.35345e-06
6.99953e-06
4.94691e-05
2.20779e-05
1.42128e-05
1.61284e-05
2.57125e-05
3.60999e-05
0.000142485
0.000212586
0.000205073
0.000141381
6.67582e-05
1.4425e-05
5.35345e-06
6.99953e-06
4.94691e-05
2.20779e-05
1.42128e-05
1.61284e-05
2.57125e-05
3.60999e-05
0.000142485
0.000212586
0.000205073
0.000141381
6.67582e-05
1.4425e-05
5.35345e-06
6.99953e-06
4.94691e-05
2.20779e-05
1.42128e-05
1.61284e-05
2.57125e-05
3.60999e-05
0.000142485
0.000212586
0.000205073
0.000141381
6.67582e-05
1.4425e-05
5.35345e-06
6.99953e-06
4.94691e-05
2.20779e-05
1.42128e-05
1.61284e-05
2.57125e-05
3.60999e-05
0.000142485
0.000212586
0.000205073
0.000141381
6.67582e-05
1.4425e-05
5.35345e-06
6.99953e-06
4.94691e-05
2.20779e-05
1.42128e-05
1.61284e-05
2.57125e-05
3.60999e-05
0.000142485
0.000212586
0.000205073
0.000141381
6.67582e-05
1.4425e-05
5.35345e-06
6.99953e-06
4.94691e-05
2.20779e-05
1.42128e-05
1.61284e-05
2.57125e-05
3.60999e-05
0.000142485
0.000212586
0.000205073
0.000141381
6.67582e-05
1.4425e-05
5.35345e-06
6.99953e-06
4.94691e-05
2.20779e-05
1.42128e-05
1.61284e-05
2.57125e-05
3.60999e-05
0.000142485
0.000212586
0.000205073
0.000141381
6.67582e-05
1.4425e-05
5.35345e-06
6.99953e-06
4.94691e-05
2.20779e-05
1.42128e-05
1.61284e-05
2.57125e-05
3.60999e-05
0.000142485
0.000212586
0.000205073
0.000141381
6.67582e-05
1.4425e-05
5.35345e-06
6.99953e-06
4.94691e-05
2.20779e-05
1.42128e-05
1.61284e-05
2.57125e-05
3.60999e-05
0.000142485
0.000212586
0.000205073
0.000141381
6.67582e-05
1.4425e-05
5.35345e-06
6.99953e-06
4.94691e-05
2.20779e-05
1.42128e-05
1.61284e-05
2.57125e-05
3.60999e-05
0.000142485
0.000212586
0.000205073
0.000141381
6.67582e-05
1.4425e-05
5.35345e-06
6.99953e-06
4.94691e-05
2.20779e-05
1.42128e-05
1.61284e-05
2.57125e-05
3.60999e-05
0.000142485
0.000212586
0.000205073
0.000141381
6.67582e-05
1.4425e-05
5.35345e-06
6.99953e-06
4.94691e-05
2.20779e-05
1.42128e-05
1.61284e-05
2.57125e-05
3.60999e-05
0.000142485
0.000212586
0.000205073
0.000141381
6.67582e-05
1.4425e-05
5.35345e-06
6.99953e-06
4.94691e-05
2.20779e-05
1.42128e-05
1.61284e-05
2.57125e-05
3.60999e-05
0.000142485
0.000212586
0.000205073
0.000141381
6.67582e-05
1.4425e-05
5.35345e-06
6.99953e-06
4.94691e-05
2.20779e-05
1.42128e-05
1.61284e-05
2.57125e-05
3.60999e-05
0.000142485
0.000212586
0.000205073
0.000141381
6.67582e-05
1.4425e-05
5.35345e-06
6.99953e-06
4.94691e-05
2.20779e-05
1.42128e-05
1.61284e-05
2.57125e-05
3.60999e-05
0.000142485
0.000212586
0.000205073
0.000141381
6.67582e-05
1.4425e-05
5.35345e-06
6.99953e-06
4.94691e-05
2.20779e-05
1.42128e-05
1.61284e-05
2.57125e-05
3.60999e-05
0.000142485
0.000212586
0.000205073
0.000141381
6.67582e-05
1.4425e-05
5.35345e-06
6.99953e-06
4.94691e-05
2.20779e-05
1.42128e-05
1.61284e-05
2.57125e-05
3.60999e-05
0.000142485
0.000212586
0.000205073
0.000141381
6.67582e-05
1.4425e-05
5.35345e-06
6.99953e-06
4.94691e-05
2.20779e-05
1.42128e-05
1.61284e-05
2.57125e-05
3.60999e-05
0.000142485
0.000212586
0.000205073
0.000141381
6.67582e-05
1.4425e-05
5.35345e-06
6.99953e-06
4.94691e-05
2.20779e-05
1.42128e-05
1.61284e-05
2.57125e-05
3.60999e-05
0.000142485
0.000212586
0.000205073
0.000141381
6.67582e-05
1.4425e-05
5.35345e-06
6.99953e-06
4.94691e-05
2.20779e-05
1.42128e-05
1.61284e-05
2.57125e-05
3.60999e-05
0.000142485
0.000212586
0.000205073
0.000141381
6.67582e-05
1.4425e-05
5.35345e-06
6.99953e-06
4.94691e-05
2.20779e-05
1.42128e-05
1.61284e-05
2.57125e-05
3.60999e-05
0.000142485
0.000212586
0.000205073
0.000141381
6.67582e-05
1.4425e-05
5.35345e-06
6.99953e-06
4.94691e-05
2.20779e-05
1.42128e-05
1.61284e-05
2.57125e-05
3.60999e-05
0.000142485
0.000212586
0.000205073
0.000141381
6.67582e-05
1.4425e-05
5.35345e-06
6.99953e-06
4.94691e-05
2.20779e-05
1.42128e-05
1.61284e-05
2.57125e-05
3.60999e-05
0.000142485
0.000212586
0.000205073
0.000141381
6.67582e-05
1.4425e-05
5.35345e-06
6.99953e-06
4.94691e-05
2.20779e-05
1.42128e-05
1.61284e-05
2.57125e-05
3.60999e-05
0.000142485
0.000212586
0.000205073
0.000141381
6.67582e-05
1.4425e-05
5.35345e-06
6.99953e-06
4.94691e-05
2.20779e-05
1.42128e-05
1.61284e-05
2.57125e-05
3.60999e-05
0.000142485
0.000212586
0.000205073
0.000141381
6.67582e-05
1.4425e-05
5.35345e-06
6.99953e-06
4.94691e-05
2.20779e-05
1.42128e-05
1.61284e-05
2.57125e-05
3.60999e-05
0.000142485
0.000212586
0.000205073
0.000141381
6.67582e-05
1.4425e-05
5.35345e-06
6.99953e-06
4.94691e-05
2.20779e-05
1.42128e-05
1.61284e-05
2.57125e-05
3.60999e-05
0.000142485
0.000212586
0.000205073
0.000141381
6.67582e-05
1.4425e-05
5.35345e-06
6.99953e-06
4.94691e-05
2.20779e-05
1.42128e-05
1.61284e-05
2.57125e-05
3.60999e-05
0.000142485
0.000212586
0.000205073
0.000141381
6.67582e-05
1.4425e-05
5.35345e-06
6.99953e-06
4.94691e-05
2.20779e-05
1.42128e-05
1.61284e-05
2.57125e-05
3.60999e-05
0.000142485
0.000212586
0.000205073
0.000141381
6.67582e-05
1.4425e-05
5.35345e-06
6.99953e-06
4.94691e-05
2.20779e-05
1.42128e-05
1.61284e-05
2.57125e-05
3.60999e-05
0.000142485
0.000212586
0.000205073
0.000141381
6.67582e-05
1.4425e-05
5.35345e-06
6.99953e-06
4.94691e-05
2.20779e-05
1.42128e-05
1.61284e-05
2.57125e-05
3.60999e-05
0.000142485
0.000212586
0.000205073
0.000141381
6.67582e-05
1.4425e-05
5.35345e-06
6.99953e-06
4.94691e-05
2.20779e-05
1.42128e-05
1.61284e-05
2.57125e-05
3.60999e-05
0.000142485
0.000212586
0.000205073
0.000141381
6.67582e-05
1.4425e-05
5.35345e-06
6.99953e-06
4.94691e-05
2.20779e-05
1.42128e-05
1.61284e-05
2.57125e-05
3.60999e-05
0.000142485
0.000212586
0.000205073
0.000141381
6.67582e-05
1.4425e-05
5.35345e-06
6.99953e-06
4.94691e-05
2.20779e-05
1.42128e-05
1.61284e-05
2.57125e-05
3.60999e-05
0.000142485
0.000212586
0.000205073
0.000141381
6.67582e-05
1.4425e-05
5.35345e-06
6.99953e-06
4.94691e-05
2.20779e-05
1.42128e-05
1.61284e-05
2.57125e-05
3.60999e-05
0.000142485
0.000212586
0.000205073
0.000141381
6.67582e-05
1.4425e-05
5.35345e-06
6.99953e-06
4.94691e-05
2.20779e-05
1.42128e-05
1.61284e-05
2.57125e-05
3.60999e-05
0.000142485
0.000212586
0.000205073
0.000141381
6.67582e-05
1.4425e-05
5.35345e-06
6.99953e-06
4.94691e-05
2.20779e-05
1.42128e-05
1.61284e-05
2.57125e-05
3.60999e-05
0.000142485
0.000212586
0.000205073
0.000141381
6.67582e-05
1.4425e-05
5.35345e-06
6.99953e-06
4.94691e-05
2.20779e-05
1.42128e-05
1.61284e-05
2.57125e-05
3.60999e-05
0.000142485
0.000212586
0.000205073
0.000141381
6.67582e-05
1.4425e-05
5.35345e-06
6.99953e-06
4.94691e-05
2.20779e-05
1.42128e-05
1.61284e-05
2.57125e-05
3.60999e-05
0.000142485
0.000212586
0.000205073
0.000141381
6.67582e-05
1.4425e-05
5.35345e-06
6.99953e-06
4.94691e-05
2.20779e-05
1.42128e-05
1.61284e-05
2.57125e-05
3.60999e-05
0.000142485
0.000212586
0.000205073
0.000141381
6.67582e-05
1.4425e-05
5.35345e-06
6.99953e-06
4.94691e-05
2.20779e-05
1.42128e-05
1.61284e-05
2.57125e-05
3.60999e-05
0.000142485
0.000212586
0.000205073
0.000141381
6.67582e-05
1.4425e-05
5.35345e-06
6.99953e-06
4.94691e-05
