0.00105568
0.00103828
0.00094874
0.000795256
0.000619803
0.000460144
0.000326309
0.000196652
8.85691e-05
4.50203e-05
7.11919e-05
0.000137419
0.000222407
0.000322929
0.00105568
0.0010362
0.000942534
0.00080546
0.000662992
0.000516594
0.000398897
0.000308358
0.000184789
2.13207e-05
0.000352877
0.000768931
0.000264578
0.000647014
0.00105568
0.00103781
0.000947982
0.000795531
0.000603328
0.000403731
0.000248503
0.000137477
6.28816e-05
3.54284e-05
6.28216e-05
0.000140881
0.000221738
0.000316289
0.00105568
0.00103812
0.000948281
0.000792714
0.000602136
0.00041374
0.000261604
0.00013866
5.3431e-05
3.09106e-05
6.62426e-05
0.000134603
0.000219375
0.000312454
0.00105568
0.00103821
0.000948447
0.000793218
0.000608571
0.00043258
0.000288064
0.000161265
6.562e-05
3.48699e-05
6.78659e-05
0.000135854
0.000220643
0.000316439
0.00105568
0.00103825
0.000948574
0.000794038
0.000613584
0.000445285
0.000305763
0.000177435
7.57844e-05
3.91111e-05
6.92104e-05
0.000136568
0.000221444
0.00031934
0.00105568
0.00103827
0.000948652
0.000794597
0.000616542
0.000452446
0.000315685
0.000186671
8.18536e-05
4.18514e-05
7.01089e-05
0.000136968
0.000221899
0.000321041
0.00105568
0.00103828
0.000948694
0.000794914
0.000618135
0.000456228
0.000320909
0.000191569
8.51311e-05
4.33817e-05
7.06258e-05
0.000137186
0.000222146
0.000321961
0.00105568
0.00103828
0.000948717
0.000795082
0.000618959
0.000458169
0.000323587
0.000194088
8.68301e-05
4.41874e-05
7.09025e-05
0.0001373
0.000222274
0.000322438
0.00105568
0.00103828
0.000948728
0.000795168
0.000619378
0.000459152
0.000324942
0.000195364
8.76946e-05
4.46004e-05
7.10456e-05
0.000137359
0.00022234
0.000322682
0.00105568
0.00103828
0.000948734
0.000795212
0.00061959
0.000459647
0.000325624
0.000196007
8.81306e-05
4.48095e-05
7.11183e-05
0.000137389
0.000222373
0.000322805
0.00105568
0.00103828
0.000948737
0.000795234
0.000619696
0.000459895
0.000325966
0.000196329
8.83495e-05
4.49147e-05
7.1155e-05
0.000137404
0.00022239
0.000322867
0.00105568
0.00103828
0.000948738
0.000795245
0.000619749
0.000460019
0.000326137
0.00019649
8.84592e-05
4.49674e-05
7.11734e-05
0.000137411
0.000222398
0.000322898
0.00105568
0.00103828
0.000948739
0.000795251
0.000619776
0.000460082
0.000326223
0.000196571
8.85141e-05
4.49938e-05
7.11827e-05
0.000137415
0.000222402
0.000322913
0.00105568
0.00103828
0.000948739
0.000795253
0.000619789
0.000460113
0.000326266
0.000196612
8.85416e-05
4.5007e-05
7.11873e-05
0.000137417
0.000222404
0.000322921
0.00105568
0.00103828
0.000948739
0.000795255
0.000619796
0.000460128
0.000326287
0.000196632
8.85553e-05
4.50137e-05
7.11896e-05
0.000137418
0.000222406
0.000322925
0.00105568
0.00103828
0.000948739
0.000795255
0.000619799
0.000460136
0.000326298
0.000196642
8.85622e-05
4.5017e-05
7.11907e-05
0.000137418
0.000222406
0.000322927
0.00105568
0.00103828
0.000948739
0.000795256
0.000619801
0.00046014
0.000326303
0.000196647
8.85657e-05
4.50186e-05
7.11913e-05
0.000137418
0.000222406
0.000322928
0.00105568
0.00103828
0.000948739
0.000795256
0.000619802
0.000460142
0.000326306
0.00019665
8.85674e-05
4.50194e-05
7.11916e-05
0.000137418
0.000222406
0.000322928
0.00105568
0.00103828
0.000948739
0.000795256
0.000619802
0.000460143
0.000326307
0.000196651
8.85682e-05
4.50199e-05
7.11918e-05
0.000137418
0.000222407
0.000322928
0.00105568
0.00103828
0.000948739
0.000795256
0.000619802
0.000460143
0.000326308
0.000196651
8.85687e-05
4.50201e-05
7.11918e-05
0.000137419
0.000222407
0.000322928
0.00105568
0.00103828
0.00094874
0.000795256
0.000619802
0.000460144
0.000326308
0.000196652
8.85689e-05
4.50202e-05
7.11919e-05
0.000137419
0.000222407
0.000322928
0.00105568
0.00103828
0.00094874
0.000795256
0.000619802
0.000460144
0.000326308
0.000196652
8.8569e-05
4.50202e-05
7.11919e-05
0.000137419
0.000222407
0.000322929
0.00105568
0.00103828
0.00094874
0.000795256
0.000619803
0.000460144
0.000326308
0.000196652
8.8569e-05
4.50202e-05
7.11919e-05
0.000137419
0.000222407
0.000322929
0.00105568
0.00103828
0.00094874
0.000795256
0.000619803
0.000460144
0.000326309
0.000196652
8.85691e-05
4.50203e-05
7.11919e-05
0.000137419
0.000222407
0.000322929
0.00105568
0.00103828
0.00094874
0.000795256
0.000619803
0.000460144
0.000326309
0.000196652
8.85691e-05
4.50203e-05
7.11919e-05
0.000137419
0.000222407
0.000322929
0.00105568
0.00103828
0.00094874
0.000795256
0.000619803
0.000460144
0.000326309
0.000196652
8.85691e-05
4.50203e-05
7.11919e-05
0.000137419
0.000222407
0.000322929
0.00105568
0.00103828
0.00094874
0.000795256
0.000619803
0.000460144
0.000326309
0.000196652
8.85691e-05
4.50203e-05
7.11919e-05
0.000137419
0.000222407
0.000322929
0.00105568
0.00103828
0.00094874
0.000795256
0.000619803
0.000460144
0.000326309
0.000196652
8.85691e-05
4.50203e-05
7.11919e-05
0.000137419
0.000222407
0.000322929
0.00105568
0.00103828
0.00094874
0.000795256
0.000619803
0.000460144
0.000326309
0.000196652
8.85691e-05
4.50203e-05
7.11919e-05
0.000137419
0.000222407
0.000322929
0.00105568
0.00103828
0.00094874
0.000795256
0.000619803
0.000460144
0.000326309
0.000196652
8.85691e-05
4.50203e-05
7.11919e-05
0.000137419
0.000222407
0.000322929
0.00105568
0.00103828
0.00094874
0.000795256
0.000619803
0.000460144
0.000326309
0.000196652
8.85691e-05
4.50203e-05
7.11919e-05
0.000137419
0.000222407
0.000322929
0.00105568
0.00103828
0.00094874
0.000795256
0.000619803
0.000460144
0.000326309
0.000196652
8.85691e-05
4.50203e-05
7.11919e-05
0.000137419
0.000222407
0.000322929
0.00105568
0.00103828
0.00094874
0.000795256
0.000619803
0.000460144
0.000326309
0.000196652
8.85691e-05
4.50203e-05
7.11919e-05
0.000137419
0.000222407
0.000322929
0.00105568
0.00103828
0.00094874
0.000795256
0.000619803
0.000460144
0.000326309
0.000196652
8.85691e-05
4.50203e-05
7.11919e-05
0.000137419
0.000222407
0.000322929
0.00105568
0.00103828
0.00094874
0.000795256
0.000619803
0.000460144
0.000326309
0.000196652
8.85691e-05
4.50203e-05
7.11919e-05
0.000137419
0.000222407
0.000322929
0.00105568
0.00103828
0.00094874
0.000795256
0.000619803
0.000460144
0.000326309
0.000196652
8.85691e-05
4.50203e-05
7.11919e-05
0.000137419
0.000222407
0.000322929
0.00105568
0.00103828
0.00094874
0.000795256
0.000619803
0.000460144
0.000326309
0.000196652
8.85691e-05
4.50203e-05
7.11919e-05
0.000137419
0.000222407
0.000322929
0.00105568
0.00103828
0.00094874
0.000795256
0.000619803
0.000460144
0.000326309
0.000196652
8.85691e-05
4.50203e-05
7.11919e-05
0.000137419
0.000222407
0.000322929
0.00105568
0.00103828
0.00094874
0.000795256
0.000619803
0.000460144
0.000326309
0.000196652
8.85691e-05
4.50203e-05
7.11919e-05
0.000137419
0.000222407
0.000322929
0.00105568
0.00103828
0.00094874
0.000795256
0.000619803
0.000460144
0.000326309
0.000196652
8.85691e-05
4.50203e-05
7.11919e-05
0.000137419
0.000222407
0.000322929
0.00105568
0.00103828
0.00094874
0.000795256
0.000619803
0.000460144
0.000326309
0.000196652
8.85691e-05
4.50203e-05
7.11919e-05
0.000137419
0.000222407
0.000322929
0.00105568
0.00103828
0.00094874
0.000795256
0.000619803
0.000460144
0.000326309
0.000196652
8.85691e-05
4.50203e-05
7.11919e-05
0.000137419
0.000222407
0.000322929
0.00105568
0.00103828
0.00094874
0.000795256
0.000619803
0.000460144
0.000326309
0.000196652
8.85691e-05
4.50203e-05
7.11919e-05
0.000137419
0.000222407
0.000322929
0.00105568
0.00103828
0.00094874
0.000795256
0.000619803
0.000460144
0.000326309
0.000196652
8.85691e-05
4.50203e-05
7.11919e-05
0.000137419
0.000222407
0.000322929
0.00105568
0.00103828
0.00094874
0.000795256
0.000619803
0.000460144
0.000326309
0.000196652
8.85691e-05
4.50203e-05
7.11919e-05
0.000137419
0.000222407
0.000322929
0.00105568
0.00103828
0.00094874
0.000795256
0.000619803
0.000460144
0.000326309
0.000196652
8.85691e-05
4.50203e-05
7.11919e-05
0.000137419
0.000222407
0.000322929
0.00105568
0.00103828
0.00094874
0.000795256
0.000619803
0.000460144
0.000326309
0.000196652
8.85691e-05
4.50203e-05
7.11919e-05
0.000137419
0.000222407
0.000322929
0.00105568
0.00103828
0.00094874
0.000795256
0.000619803
0.000460144
0.000326309
0.000196652
8.85691e-05
4.50203e-05
7.11919e-05
0.000137419
0.000222407
0.000322929
0.00105568
0.00103828
0.00094874
0.000795256
0.000619803
0.000460144
0.000326309
0.000196652
8.85691e-05
4.50203e-05
7.11919e-05
0.000137419
0.000222407
0.000322929
0.00105568
0.00103828
0.00094874
0.000795256
0.000619803
0.000460144
0.000326309
0.000196652
8.85691e-05
4.50203e-05
7.11919e-05
0.000137419
0.000222407
0.000322929
0.00105568
0.00103828
0.00094874
0.000795256
0.000619803
0.000460144
0.000326309
0.000196652
8.85691e-05
4.50203e-05
7.11919e-05
0.000137419
0.000222407
0.000322929
0.00105568
0.00103828
0.00094874
0.000795256
0.000619803
0.000460144
0.000326309
0.000196652
8.85691e-05
4.50203e-05
7.11919e-05
0.000137419
0.000222407
0.000322929
0.00105568
0.00103828
0.00094874
0.000795256
0.000619803
0.000460144
0.000326309
0.000196652
8.85691e-05
4.50203e-05
7.11919e-05
0.000137419
0.000222407
0.000322929
0.00105568
0.00103828
0.00094874
0.000795256
0.000619803
0.000460144
0.000326309
0.000196652
8.85691e-05
4.50203e-05
7.11919e-05
0.000137419
0.000222407
0.000322929
0.00105568
0.00103828
0.00094874
0.000795256
0.000619803
0.000460144
0.000326309
0.000196652
8.85691e-05
4.50203e-05
7.11919e-05
0.000137419
0.000222407
0.000322929
0.00105568
0.00103828
0.00094874
0.000795256
0.000619803
0.000460144
0.000326309
0.000196652
8.85691e-05
4.50203e-05
7.11919e-05
0.000137419
0.000222407
0.000322929
0.00105568
0.00103828
0.00094874
0.000795256
0.000619803
0.000460144
0.000326309
0.000196652
8.85691e-05
4.50203e-05
7.11919e-05
0.000137419
0.000222407
0.000322929
0.00105568
0.00103828
0.00094874
0.000795256
0.000619803
0.000460144
0.000326309
0.000196652
8.85691e-05
4.50203e-05
7.11919e-05
0.000137419
0.000222407
0.000322929
0.00105568
0.00103828
0.00094874
0.000795256
0.000619803
0.000460144
0.000326309
0.000196652
8.85691e-05
4.50203e-05
7.11919e-05
0.000137419
0.000222407
0.000322929
0.00105568
0.00103828
0.00094874
0.000795256
0.000619803
0.000460144
0.000326309
0.000196652
8.85691e-05
4.50203e-05
7.11919e-05
0.000137419
0.000222407
0.000322929
0.00105568
0.00103828
0.00094874
0.000795256
0.000619803
0.000460144
0.000326309
0.000196652
8.85691e-05
4.50203e-05
7.11919e-05
0.000137419
0.000222407
0.000322929
0.00105568
0.00103828
0.00094874
0.000795256
0.000619803
0.000460144
0.000326309
0.000196652
8.85691e-05
4.50203e-05
7.11919e-05
0.000137419
0.000222407
0.000322929
0.00105568
0.00103828
0.00094874
0.000795256
0.000619803
0.000460144
0.000326309
0.000196652
8.85691e-05
4.50203e-05
7.11919e-05
0.000137419
0.000222407
0.000322929
0.00105568
0.00103828
0.00094874
0.000795256
0.000619803
0.000460144
0.000326309
0.000196652
8.85691e-05
4.50203e-05
7.11919e-05
0.000137419
0.000222407
0.000322929
0.00105568
0.00103828
0.00094874
0.000795256
0.000619803
0.000460144
0.000326309
0.000196652
8.85691e-05
4.50203e-05
7.11919e-05
0.000137419
0.000222407
0.000322929
0.00105568
0.00103828
0.00094874
0.000795256
0.000619803
0.000460144
0.000326309
0.000196652
8.85691e-05
4.50203e-05
7.11919e-05
0.000137419
0.000222407
0.000322929
0.00105568
0.00103828
0.00094874
0.000795256
0.000619803
0.000460144
0.000326309
0.000196652
8.85691e-05
4.50203e-05
7.11919e-05
0.000137419
0.000222407
0.000322929
0.00105568
0.00103828
0.00094874
0.000795256
0.000619803
0.000460144
0.000326309
0.000196652
8.85691e-05
4.50203e-05
7.11919e-05
0.000137419
0.000222407
0.000322929
0.00105568
0.00103828
0.00094874
0.000795256
0.000619803
0.000460144
0.000326309
0.000196652
8.85691e-05
4.50203e-05
7.11919e-05
0.000137419
0.000222407
0.000322929
0.00105568
0.00103828
0.00094874
0.000795256
0.000619803
0.000460144
0.000326309
0.000196652
8.85691e-05
4.50203e-05
7.11919e-05
0.000137419
0.000222407
0.000322929
0.00105568
0.00103828
0.00094874
0.000795256
0.000619803
0.000460144
0.000326309
0.000196652
8.85691e-05
4.50203e-05
7.11919e-05
0.000137419
0.000222407
0.000322929
0.00105568
0.00103828
0.00094874
0.000795256
0.000619803
0.000460144
0.000326309
0.000196652
8.85691e-05
4.50203e-05
7.11919e-05
0.000137419
0.000222407
0.000322929
0.00105568
0.00103828
0.00094874
0.000795256
0.000619803
0.000460144
0.000326309
0.000196652
8.85691e-05
4.50203e-05
7.11919e-05
0.000137419
0.000222407
0.000322929
0.00105568
0.00103828
0.00094874
0.000795256
0.000619803
0.000460144
0.000326309
0.000196652
8.85691e-05
4.50203e-05
7.11919e-05
0.000137419
0.000222407
0.000322929
0.00105568
0.00103828
0.00094874
0.000795256
0.000619803
0.000460144
0.000326309
0.000196652
8.85691e-05
4.50203e-05
7.11919e-05
0.000137419
0.000222407
0.000322929
0.00105568
0.00103828
0.00094874
0.000795256
0.000619803
0.000460144
0.000326309
0.000196652
8.85691e-05
4.50203e-05
7.11919e-05
0.000137419
0.000222407
0.000322929
0.00105568
0.00103828
0.00094874
0.000795256
0.000619803
0.000460144
0.000326309
0.000196652
8.85691e-05
4.50203e-05
7.11919e-05
0.000137419
0.000222407
0.000322929
0.00105568
0.00103828
0.00094874
0.000795256
0.000619803
0.000460144
0.000326309
0.000196652
8.85691e-05
4.50203e-05
7.11919e-05
0.000137419
0.000222407
0.000322929
0.00105568
0.00103828
0.00094874
0.000795256
0.000619803
0.000460144
0.000326309
0.000196652
8.85691e-05
4.50203e-05
7.11919e-05
0.000137419
0.000222407
0.000322929
0.00105568
0.00103828
0.00094874
0.000795256
0.000619803
0.000460144
0.000326309
0.000196652
8.85691e-05
4.50203e-05
7.11919e-05
0.000137419
0.000222407
0.000322929
0.00105568
0.00103828
0.00094874
0.000795256
0.000619803
0.000460144
0.000326309
0.000196652
8.85691e-05
4.50203e-05
7.11919e-05
0.000137419
0.000222407
0.000322929
0.00105568
0.00103828
0.00094874
0.000795256
0.000619803
0.000460144
0.000326309
0.000196652
8.85691e-05
4.50203e-05
7.11919e-05
0.000137419
0.000222407
0.000322929
0.00105568
0.00103828
0.00094874
0.000795256
0.000619803
0.000460144
0.000326309
0.000196652
8.85691e-05
4.50203e-05
7.11919e-05
0.000137419
0.000222407
0.000322929
0.00105568
0.00103828
0.00094874
0.000795256
0.000619803
0.000460144
0.000326309
0.000196652
8.85691e-05
4.50203e-05
7.11919e-05
0.000137419
0.000222407
0.000322929
0.00105568
0.00103828
0.00094874
0.000795256
0.000619803
0.000460144
0.000326309
0.000196652
8.85691e-05
4.50203e-05
7.11919e-05
0.000137419
0.000222407
0.000322929
0.00105568
0.00103828
0.00094874
0.000795256
0.000619803
0.000460144
0.000326309
0.000196652
8.85691e-05
4.50203e-05
7.11919e-05
0.000137419
0.000222407
0.000322929
0.00105568
0.00103828
0.00094874
0.000795256
0.000619803
0.000460144
0.000326309
0.000196652
8.85691e-05
4.50203e-05
7.11919e-05
0.000137419
0.000222407
0.000322929
0.00105568
0.00103828
0.00094874
0.000795256
0.000619803
0.000460144
0.000326309
0.000196652
8.85691e-05
4.50203e-05
7.11919e-05
0.000137419
0.000222407
0.000322929
0.00105568
0.00103828
0.00094874
0.000795256
0.000619803
0.000460144
0.000326309
0.000196652
8.85691e-05
4.50203e-05
7.11919e-05
0.000137419
0.000222407
0.000322929
0.00105568
0.00103828
0.00094874
0.000795256
0.000619803
0.000460144
0.000326309
0.000196652
8.85691e-05
4.50203e-05
7.11919e-05
0.000137419
0.000222407
0.000322929
0.00105568
0.00103828
0.00094874
0.000795256
0.000619803
0.000460144
0.000326309
0.000196652
8.85691e-05
4.50203e-05
7.11919e-05
0.000137419
0.000222407
0.000322929
0.00105568
0.00103828
0.00094874
0.000795256
0.000619803
0.000460144
0.000326309
0.000196652
8.85691e-05
4.50203e-05
7.11919e-05
0.000137419
0.000222407
0.000322929
0.00105568
0.00103828
0.00094874
0.000795256
0.000619803
0.000460144
0.000326309
0.000196652
8.85691e-05
4.50203e-05
7.11919e-05
0.000137419
0.000222407
0.000322929
0.00105568
0.00103828
0.00094874
0.000795256
0.000619803
0.000460144
0.000326309
0.000196652
8.85691e-05
4.50203e-05
7.11919e-05
0.000137419
0.000222407
0.000322929
0.00105568
0.00103828
0.00094874
0.000795256
0.000619803
0.000460144
0.000326309
0.000196652
8.85691e-05
4.50203e-05
7.11919e-05
0.000137419
0.000222407
0.000322929
0.00105568
0.00103828
0.00094874
0.000795256
0.000619803
0.000460144
0.000326309
0.000196652
8.85691e-05
4.50203e-05
7.11919e-05
0.000137419
0.000222407
0.000322929
0.00105568
0.00103828
0.00094874
0.000795256
0.000619803
0.000460144
0.000326309
0.000196652
8.85691e-05
4.50203e-05
7.11919e-05
0.000137419
0.000222407
0.000322929
0.00105568
0.00103828
0.00094874
0.000795256
0.000619803
0.000460144
0.000326309
0.000196652
8.85691e-05
4.50203e-05
7.11919e-05
0.000137419
0.000222407
0.000322929
0.00105568
0.00103828
0.00094874
0.000795256
0.000619803
0.000460144
0.000326309
0.000196652
8.85691e-05
4.50203e-05
7.11919e-05
0.000137419
0.000222407
0.000322929
0.00105568
0.00103828
0.00094874
0.000795256
0.000619803
0.000460144
0.000326309
0.000196652
8.85691e-05
4.50203e-05
7.11919e-05
0.000137419
0.000222407
0.000322929
0.00105568
0.00103828
0.00094874
0.000795256
0.000619803
0.000460144
0.000326309
0.000196652
8.85691e-05
4.50203e-05
7.11919e-05
0.000137419
0.000222407
0.000322929
0.00105568
0.00103828
0.00094874
0.000795256
0.000619803
0.000460144
0.000326309
0.000196652
8.85691e-05
4.50203e-05
7.11919e-05
0.000137419
0.000222407
0.000322929
0.00105568
0.00103828
0.00094874
0.000795256
0.000619803
0.000460144
0.000326309
0.000196652
8.85691e-05
4.50203e-05
7.11919e-05
0.000137419
0.000222407
0.000322929
0.00105568
0.00103828
0.00094874
0.000795256
0.000619803
0.000460144
0.000326309
0.000196652
8.85691e-05
4.50203e-05
7.11919e-05
0.000137419
0.000222407
0.000322929
0.00105568
0.00103828
0.00094874
0.000795256
0.000619803
0.000460144
0.000326309
0.000196652
8.85691e-05
4.50203e-05
7.11919e-05
0.000137419
0.000222407
0.000322929
0.00105568
0.00103828
0.00094874
0.000795256
0.000619803
0.000460144
0.000326309
0.000196652
8.85691e-05
4.50203e-05
7.11919e-05
0.000137419
0.000222407
0.000322929
0.00105568
0.00103828
0.00094874
0.000795256
0.000619803
0.000460144
0.000326309
0.000196652
8.85691e-05
4.50203e-05
7.11919e-05
0.000137419
0.000222407
0.000322929
0.00105568
0.00103828
0.00094874
0.000795256
0.000619803
0.000460144
0.000326309
0.000196652
8.85691e-05
4.50203e-05
7.11919e-05
0.000137419
0.000222407
0.000322929
0.00105568
0.00103828
0.00094874
0.000795256
0.000619803
0.000460144
0.000326309
0.000196652
8.85691e-05
4.50203e-05
7.11919e-05
0.000137419
0.000222407
0.000322929
0.00105568
0.00103828
0.00094874
0.000795256
0.000619803
0.000460144
0.000326309
0.000196652
8.85691e-05
4.50203e-05
7.11919e-05
0.000137419
0.000222407
0.000322929
0.00105568
0.00103828
0.00094874
0.000795256
0.000619803
0.000460144
0.000326309
0.000196652
8.85691e-05
4.50203e-05
7.11919e-05
0.000137419
0.000222407
0.000322929
0.00105568
0.00103828
0.00094874
0.000795256
0.000619803
0.000460144
0.000326309
0.000196652
8.85691e-05
4.50203e-05
7.11919e-05
0.000137419
0.000222407
0.000322929
0.00105568
0.00103828
0.00094874
0.000795256
0.000619803
0.000460144
0.000326309
0.000196652
8.85691e-05
4.50203e-05
7.11919e-05
0.000137419
0.000222407
0.000322929
0.00105568
0.00103828
0.00094874
0.000795256
0.000619803
0.000460144
0.000326309
0.000196652
8.85691e-05
4.50203e-05
7.11919e-05
0.000137419
0.000222407
0.000322929
0.00105568
0.00103828
0.00094874
0.000795256
0.000619803
0.000460144
0.000326309
0.000196652
8.85691e-05
4.50203e-05
7.11919e-05
0.000137419
0.000222407
0.000322929
0.00105568
0.00103828
0.00094874
0.000795256
0.000619803
0.000460144
0.000326309
0.000196652
8.85691e-05
4.50203e-05
7.11919e-05
0.000137419
0.000222407
0.000322929
0.00105568
0.00103828
0.00094874
0.000795256
0.000619803
0.000460144
0.000326309
0.000196652
8.85691e-05
4.50203e-05
7.11919e-05
0.000137419
0.000222407
0.000322929
0.00105568
0.00103828
0.00094874
0.000795256
0.000619803
0.000460144
0.000326309
0.000196652
8.85691e-05
4.50203e-05
7.11919e-05
0.000137419
0.000222407
0.000322929
0.00105568
0.00103828
0.00094874
0.000795256
0.000619803
0.000460144
0.000326309
0.000196652
8.85691e-05
4.50203e-05
7.11919e-05
0.000137419
0.000222407
0.000322929
0.00105568
0.00103828
0.00094874
0.000795256
0.000619803
0.000460144
0.000326309
0.000196652
8.85691e-05
4.50203e-05
7.11919e-05
0.000137419
0.000222407
0.000322929
0.00052784
0.000520497
0.000482757
0.000419422
0.000346639
0.00027414
0.000202322
0.000124552
5.7487e-05
2.77271e-05
3.8701e-05
7.47669e-05
0.000125027
0.000187509
0.00052784
0.000519942
0.000481285
0.000422917
0.000358138
0.000288068
0.000228634
0.000176704
0.000108741
2.01164e-05
0.000177607
0.000438172
0.000190655
0.00031155
0.00052784
0.000520445
0.000483061
0.000419689
0.000336953
0.000243444
0.000160863
9.36904e-05
4.51641e-05
2.43116e-05
3.58494e-05
7.91661e-05
0.000129249
0.000180804
0.00052784
0.000520497
0.000482876
0.000418464
0.000337857
0.00025112
0.000170491
9.64615e-05
4.1074e-05
2.16827e-05
3.68738e-05
7.39637e-05
0.000124434
0.000181937
0.00052784
0.000520501
0.000482788
0.00041862
0.000341237
0.000260803
0.000183936
0.000107769
4.69117e-05
2.33275e-05
3.74187e-05
7.42275e-05
0.000124449
0.000184211
0.00052784
0.0005205
0.000482764
0.000418936
0.000343682
0.000267021
0.000192537
0.000115518
5.16332e-05
2.51626e-05
3.79234e-05
7.44592e-05
0.000124672
0.000185706
0.00052784
0.000520499
0.000482758
0.000419157
0.000345097
0.000270468
0.000197284
0.000119879
5.44217e-05
2.63519e-05
3.82728e-05
7.46008e-05
0.000124832
0.000186565
0.00052784
0.000520498
0.000482757
0.000419284
0.000345852
0.000272276
0.000199767
0.000122177
5.59201e-05
2.70161e-05
3.84764e-05
7.46804e-05
0.000124925
0.000187026
0.00052784
0.000520497
0.000482757
0.000419352
0.000346241
0.000273201
0.000201035
0.000123355
5.6695e-05
2.73657e-05
3.8586e-05
7.47227e-05
0.000124974
0.000187265
0.00052784
0.000520497
0.000482757
0.000419386
0.000346439
0.000273669
0.000201676
0.000123951
5.70889e-05
2.7545e-05
3.86428e-05
7.47446e-05
0.000125
0.000187386
0.00052784
0.000520497
0.000482757
0.000419404
0.000346539
0.000273904
0.000201998
0.000124251
5.72874e-05
2.76357e-05
3.86717e-05
7.47557e-05
0.000125013
0.000187447
0.00052784
0.000520497
0.000482757
0.000419413
0.000346589
0.000274022
0.00020216
0.000124401
5.73871e-05
2.76813e-05
3.86863e-05
7.47613e-05
0.00012502
0.000187478
0.00052784
0.000520497
0.000482757
0.000419417
0.000346614
0.000274081
0.000202241
0.000124477
5.7437e-05
2.77042e-05
3.86936e-05
7.47641e-05
0.000125023
0.000187494
0.00052784
0.000520497
0.000482757
0.000419419
0.000346626
0.000274111
0.000202281
0.000124514
5.7462e-05
2.77157e-05
3.86973e-05
7.47655e-05
0.000125025
0.000187501
0.00052784
0.000520497
0.000482757
0.000419421
0.000346633
0.000274126
0.000202302
0.000124533
5.74745e-05
2.77214e-05
3.86991e-05
7.47662e-05
0.000125026
0.000187505
0.00052784
0.000520497
0.000482757
0.000419421
0.000346636
0.000274133
0.000202312
0.000124543
5.74808e-05
2.77243e-05
3.87e-05
7.47666e-05
0.000125026
0.000187507
0.00052784
0.000520497
0.000482757
0.000419421
0.000346637
0.000274137
0.000202317
0.000124547
5.74839e-05
2.77257e-05
3.87005e-05
7.47667e-05
0.000125026
0.000187508
0.00052784
0.000520497
0.000482757
0.000419422
0.000346638
0.000274139
0.000202319
0.00012455
5.74854e-05
2.77264e-05
3.87007e-05
7.47668e-05
0.000125026
0.000187509
0.00052784
0.000520497
0.000482757
0.000419422
0.000346638
0.000274139
0.000202321
0.000124551
5.74862e-05
2.77268e-05
3.87008e-05
7.47669e-05
0.000125026
0.000187509
0.00052784
0.000520497
0.000482757
0.000419422
0.000346639
0.00027414
0.000202321
0.000124551
5.74866e-05
2.7727e-05
3.87009e-05
7.47669e-05
0.000125027
0.000187509
0.00052784
0.000520497
0.000482757
0.000419422
0.000346639
0.00027414
0.000202321
0.000124552
5.74868e-05
2.77271e-05
3.87009e-05
7.47669e-05
0.000125027
0.000187509
0.00052784
0.000520497
0.000482757
0.000419422
0.000346639
0.00027414
0.000202322
0.000124552
5.74869e-05
2.77271e-05
3.87009e-05
7.47669e-05
0.000125027
0.000187509
0.00052784
0.000520497
0.000482757
0.000419422
0.000346639
0.00027414
0.000202322
0.000124552
5.7487e-05
2.77271e-05
3.87009e-05
7.47669e-05
0.000125027
0.000187509
0.00052784
0.000520497
0.000482757
0.000419422
0.000346639
0.00027414
0.000202322
0.000124552
5.7487e-05
2.77271e-05
3.87009e-05
7.47669e-05
0.000125027
0.000187509
0.00052784
0.000520497
0.000482757
0.000419422
0.000346639
0.00027414
0.000202322
0.000124552
5.7487e-05
2.77271e-05
3.8701e-05
7.47669e-05
0.000125027
0.000187509
0.00052784
0.000520497
0.000482757
0.000419422
0.000346639
0.00027414
0.000202322
0.000124552
5.7487e-05
2.77271e-05
3.8701e-05
7.47669e-05
0.000125027
0.000187509
0.00052784
0.000520497
0.000482757
0.000419422
0.000346639
0.00027414
0.000202322
0.000124552
5.7487e-05
2.77271e-05
3.8701e-05
7.47669e-05
0.000125027
0.000187509
0.00052784
0.000520497
0.000482757
0.000419422
0.000346639
0.00027414
0.000202322
0.000124552
5.7487e-05
2.77271e-05
3.8701e-05
7.47669e-05
0.000125027
0.000187509
0.00052784
0.000520497
0.000482757
0.000419422
0.000346639
0.00027414
0.000202322
0.000124552
5.7487e-05
2.77271e-05
3.8701e-05
7.47669e-05
0.000125027
0.000187509
0.00052784
0.000520497
0.000482757
0.000419422
0.000346639
0.00027414
0.000202322
0.000124552
5.7487e-05
2.77271e-05
3.8701e-05
7.47669e-05
0.000125027
0.000187509
0.00052784
0.000520497
0.000482757
0.000419422
0.000346639
0.00027414
0.000202322
0.000124552
5.7487e-05
2.77271e-05
3.8701e-05
7.47669e-05
0.000125027
0.000187509
0.00052784
0.000520497
0.000482757
0.000419422
0.000346639
0.00027414
0.000202322
0.000124552
5.7487e-05
2.77271e-05
3.8701e-05
7.47669e-05
0.000125027
0.000187509
0.00052784
0.000520497
0.000482757
0.000419422
0.000346639
0.00027414
0.000202322
0.000124552
5.7487e-05
2.77271e-05
3.8701e-05
7.47669e-05
0.000125027
0.000187509
0.00052784
0.000520497
0.000482757
0.000419422
0.000346639
0.00027414
0.000202322
0.000124552
5.7487e-05
2.77271e-05
3.8701e-05
7.47669e-05
0.000125027
0.000187509
0.00052784
0.000520497
0.000482757
0.000419422
0.000346639
0.00027414
0.000202322
0.000124552
5.7487e-05
2.77271e-05
3.8701e-05
7.47669e-05
0.000125027
0.000187509
0.00052784
0.000520497
0.000482757
0.000419422
0.000346639
0.00027414
0.000202322
0.000124552
5.7487e-05
2.77271e-05
3.8701e-05
7.47669e-05
0.000125027
0.000187509
0.00052784
0.000520497
0.000482757
0.000419422
0.000346639
0.00027414
0.000202322
0.000124552
5.7487e-05
2.77271e-05
3.8701e-05
7.47669e-05
0.000125027
0.000187509
0.00052784
0.000520497
0.000482757
0.000419422
0.000346639
0.00027414
0.000202322
0.000124552
5.7487e-05
2.77271e-05
3.8701e-05
7.47669e-05
0.000125027
0.000187509
0.00052784
0.000520497
0.000482757
0.000419422
0.000346639
0.00027414
0.000202322
0.000124552
5.7487e-05
2.77271e-05
3.8701e-05
7.47669e-05
0.000125027
0.000187509
0.00052784
0.000520497
0.000482757
0.000419422
0.000346639
0.00027414
0.000202322
0.000124552
5.7487e-05
2.77271e-05
3.8701e-05
7.47669e-05
0.000125027
0.000187509
0.00052784
0.000520497
0.000482757
0.000419422
0.000346639
0.00027414
0.000202322
0.000124552
5.7487e-05
2.77271e-05
3.8701e-05
7.47669e-05
0.000125027
0.000187509
0.00052784
0.000520497
0.000482757
0.000419422
0.000346639
0.00027414
0.000202322
0.000124552
5.7487e-05
2.77271e-05
3.8701e-05
7.47669e-05
0.000125027
0.000187509
0.00052784
0.000520497
0.000482757
0.000419422
0.000346639
0.00027414
0.000202322
0.000124552
5.7487e-05
2.77271e-05
3.8701e-05
7.47669e-05
0.000125027
0.000187509
0.00052784
0.000520497
0.000482757
0.000419422
0.000346639
0.00027414
0.000202322
0.000124552
5.7487e-05
2.77271e-05
3.8701e-05
7.47669e-05
0.000125027
0.000187509
0.00052784
0.000520497
0.000482757
0.000419422
0.000346639
0.00027414
0.000202322
0.000124552
5.7487e-05
2.77271e-05
3.8701e-05
7.47669e-05
0.000125027
0.000187509
0.00052784
0.000520497
0.000482757
0.000419422
0.000346639
0.00027414
0.000202322
0.000124552
5.7487e-05
2.77271e-05
3.8701e-05
7.47669e-05
0.000125027
0.000187509
0.00052784
0.000520497
0.000482757
0.000419422
0.000346639
0.00027414
0.000202322
0.000124552
5.7487e-05
2.77271e-05
3.8701e-05
7.47669e-05
0.000125027
0.000187509
0.00052784
0.000520497
0.000482757
0.000419422
0.000346639
0.00027414
0.000202322
0.000124552
5.7487e-05
2.77271e-05
3.8701e-05
7.47669e-05
0.000125027
0.000187509
0.00052784
0.000520497
0.000482757
0.000419422
0.000346639
0.00027414
0.000202322
0.000124552
5.7487e-05
2.77271e-05
3.8701e-05
7.47669e-05
0.000125027
0.000187509
0.00052784
0.000520497
0.000482757
0.000419422
0.000346639
0.00027414
0.000202322
0.000124552
5.7487e-05
2.77271e-05
3.8701e-05
7.47669e-05
0.000125027
0.000187509
0.00052784
0.000520497
0.000482757
0.000419422
0.000346639
0.00027414
0.000202322
0.000124552
5.7487e-05
2.77271e-05
3.8701e-05
7.47669e-05
0.000125027
0.000187509
0.00052784
0.000520497
0.000482757
0.000419422
0.000346639
0.00027414
0.000202322
0.000124552
5.7487e-05
2.77271e-05
3.8701e-05
7.47669e-05
0.000125027
0.000187509
0.00052784
0.000520497
0.000482757
0.000419422
0.000346639
0.00027414
0.000202322
0.000124552
5.7487e-05
2.77271e-05
3.8701e-05
7.47669e-05
0.000125027
0.000187509
0.00052784
0.000520497
0.000482757
0.000419422
0.000346639
0.00027414
0.000202322
0.000124552
5.7487e-05
2.77271e-05
3.8701e-05
7.47669e-05
0.000125027
0.000187509
0.00052784
0.000520497
0.000482757
0.000419422
0.000346639
0.00027414
0.000202322
0.000124552
5.7487e-05
2.77271e-05
3.8701e-05
7.47669e-05
0.000125027
0.000187509
0.00052784
0.000520497
0.000482757
0.000419422
0.000346639
0.00027414
0.000202322
0.000124552
5.7487e-05
2.77271e-05
3.8701e-05
7.47669e-05
0.000125027
0.000187509
0.00052784
0.000520497
0.000482757
0.000419422
0.000346639
0.00027414
0.000202322
0.000124552
5.7487e-05
2.77271e-05
3.8701e-05
7.47669e-05
0.000125027
0.000187509
0.00052784
0.000520497
0.000482757
0.000419422
0.000346639
0.00027414
0.000202322
0.000124552
5.7487e-05
2.77271e-05
3.8701e-05
7.47669e-05
0.000125027
0.000187509
0.00052784
0.000520497
0.000482757
0.000419422
0.000346639
0.00027414
0.000202322
0.000124552
5.7487e-05
2.77271e-05
3.8701e-05
7.47669e-05
0.000125027
0.000187509
0.00052784
0.000520497
0.000482757
0.000419422
0.000346639
0.00027414
0.000202322
0.000124552
5.7487e-05
2.77271e-05
3.8701e-05
7.47669e-05
0.000125027
0.000187509
0.00052784
0.000520497
0.000482757
0.000419422
0.000346639
0.00027414
0.000202322
0.000124552
5.7487e-05
2.77271e-05
3.8701e-05
7.47669e-05
0.000125027
0.000187509
0.00052784
0.000520497
0.000482757
0.000419422
0.000346639
0.00027414
0.000202322
0.000124552
5.7487e-05
2.77271e-05
3.8701e-05
7.47669e-05
0.000125027
0.000187509
0.00052784
0.000520497
0.000482757
0.000419422
0.000346639
0.00027414
0.000202322
0.000124552
5.7487e-05
2.77271e-05
3.8701e-05
7.47669e-05
0.000125027
0.000187509
0.00052784
0.000520497
0.000482757
0.000419422
0.000346639
0.00027414
0.000202322
0.000124552
5.7487e-05
2.77271e-05
3.8701e-05
7.47669e-05
0.000125027
0.000187509
0.00052784
0.000520497
0.000482757
0.000419422
0.000346639
0.00027414
0.000202322
0.000124552
5.7487e-05
2.77271e-05
3.8701e-05
7.47669e-05
0.000125027
0.000187509
0.00052784
0.000520497
0.000482757
0.000419422
0.000346639
0.00027414
0.000202322
0.000124552
5.7487e-05
2.77271e-05
3.8701e-05
7.47669e-05
0.000125027
0.000187509
0.00052784
0.000520497
0.000482757
0.000419422
0.000346639
0.00027414
0.000202322
0.000124552
5.7487e-05
2.77271e-05
3.8701e-05
7.47669e-05
0.000125027
0.000187509
0.00052784
0.000520497
0.000482757
0.000419422
0.000346639
0.00027414
0.000202322
0.000124552
5.7487e-05
2.77271e-05
3.8701e-05
7.47669e-05
0.000125027
0.000187509
0.00052784
0.000520497
0.000482757
0.000419422
0.000346639
0.00027414
0.000202322
0.000124552
5.7487e-05
2.77271e-05
3.8701e-05
7.47669e-05
0.000125027
0.000187509
0.00052784
0.000520497
0.000482757
0.000419422
0.000346639
0.00027414
0.000202322
0.000124552
5.7487e-05
2.77271e-05
3.8701e-05
7.47669e-05
0.000125027
0.000187509
0.00052784
0.000520497
0.000482757
0.000419422
0.000346639
0.00027414
0.000202322
0.000124552
5.7487e-05
2.77271e-05
3.8701e-05
7.47669e-05
0.000125027
0.000187509
0.00052784
0.000520497
0.000482757
0.000419422
0.000346639
0.00027414
0.000202322
0.000124552
5.7487e-05
2.77271e-05
3.8701e-05
7.47669e-05
0.000125027
0.000187509
0.00052784
0.000520497
0.000482757
0.000419422
0.000346639
0.00027414
0.000202322
0.000124552
5.7487e-05
2.77271e-05
3.8701e-05
7.47669e-05
0.000125027
0.000187509
0.00052784
0.000520497
0.000482757
0.000419422
0.000346639
0.00027414
0.000202322
0.000124552
5.7487e-05
2.77271e-05
3.8701e-05
7.47669e-05
0.000125027
0.000187509
0.00052784
0.000520497
0.000482757
0.000419422
0.000346639
0.00027414
0.000202322
0.000124552
5.7487e-05
2.77271e-05
3.8701e-05
7.47669e-05
0.000125027
0.000187509
0.00052784
0.000520497
0.000482757
0.000419422
0.000346639
0.00027414
0.000202322
0.000124552
5.7487e-05
2.77271e-05
3.8701e-05
7.47669e-05
0.000125027
0.000187509
0.00052784
0.000520497
0.000482757
0.000419422
0.000346639
0.00027414
0.000202322
0.000124552
5.7487e-05
2.77271e-05
3.8701e-05
7.47669e-05
0.000125027
0.000187509
0.00052784
0.000520497
0.000482757
0.000419422
0.000346639
0.00027414
0.000202322
0.000124552
5.7487e-05
2.77271e-05
3.8701e-05
7.47669e-05
0.000125027
0.000187509
0.00052784
0.000520497
0.000482757
0.000419422
0.000346639
0.00027414
0.000202322
0.000124552
5.7487e-05
2.77271e-05
3.8701e-05
7.47669e-05
0.000125027
0.000187509
0.00052784
0.000520497
0.000482757
0.000419422
0.000346639
0.00027414
0.000202322
0.000124552
5.7487e-05
2.77271e-05
3.8701e-05
7.47669e-05
0.000125027
0.000187509
0.00052784
0.000520497
0.000482757
0.000419422
0.000346639
0.00027414
0.000202322
0.000124552
5.7487e-05
2.77271e-05
3.8701e-05
7.47669e-05
0.000125027
0.000187509
0.00052784
0.000520497
0.000482757
0.000419422
0.000346639
0.00027414
0.000202322
0.000124552
5.7487e-05
2.77271e-05
3.8701e-05
7.47669e-05
0.000125027
0.000187509
0.00052784
0.000520497
0.000482757
0.000419422
0.000346639
0.00027414
0.000202322
0.000124552
5.7487e-05
2.77271e-05
3.8701e-05
7.47669e-05
0.000125027
0.000187509
0.00052784
0.000520497
0.000482757
0.000419422
0.000346639
0.00027414
0.000202322
0.000124552
5.7487e-05
2.77271e-05
3.8701e-05
7.47669e-05
0.000125027
0.000187509
0.00052784
0.000520497
0.000482757
0.000419422
0.000346639
0.00027414
0.000202322
0.000124552
5.7487e-05
2.77271e-05
3.8701e-05
7.47669e-05
0.000125027
0.000187509
0.00052784
0.000520497
0.000482757
0.000419422
0.000346639
0.00027414
0.000202322
0.000124552
5.7487e-05
2.77271e-05
3.8701e-05
7.47669e-05
0.000125027
0.000187509
0.00052784
0.000520497
0.000482757
0.000419422
0.000346639
0.00027414
0.000202322
0.000124552
5.7487e-05
2.77271e-05
3.8701e-05
7.47669e-05
0.000125027
0.000187509
0.00052784
0.000520497
0.000482757
0.000419422
0.000346639
0.00027414
0.000202322
0.000124552
5.7487e-05
2.77271e-05
3.8701e-05
7.47669e-05
0.000125027
0.000187509
0.00052784
0.000520497
0.000482757
0.000419422
0.000346639
0.00027414
0.000202322
0.000124552
5.7487e-05
2.77271e-05
3.8701e-05
7.47669e-05
0.000125027
0.000187509
0.00052784
0.000520497
0.000482757
0.000419422
0.000346639
0.00027414
0.000202322
0.000124552
5.7487e-05
2.77271e-05
3.8701e-05
7.47669e-05
0.000125027
0.000187509
0.00052784
0.000520497
0.000482757
0.000419422
0.000346639
0.00027414
0.000202322
0.000124552
5.7487e-05
2.77271e-05
3.8701e-05
7.47669e-05
0.000125027
0.000187509
0.00052784
0.000520497
0.000482757
0.000419422
0.000346639
0.00027414
0.000202322
0.000124552
5.7487e-05
2.77271e-05
3.8701e-05
7.47669e-05
0.000125027
0.000187509
0.00052784
0.000520497
0.000482757
0.000419422
0.000346639
0.00027414
0.000202322
0.000124552
5.7487e-05
2.77271e-05
3.8701e-05
7.47669e-05
0.000125027
0.000187509
0.00052784
0.000520497
0.000482757
0.000419422
0.000346639
0.00027414
0.000202322
0.000124552
5.7487e-05
2.77271e-05
3.8701e-05
7.47669e-05
0.000125027
0.000187509
0.00052784
0.000520497
0.000482757
0.000419422
0.000346639
0.00027414
0.000202322
0.000124552
5.7487e-05
2.77271e-05
3.8701e-05
7.47669e-05
0.000125027
0.000187509
0.00052784
0.000520497
0.000482757
0.000419422
0.000346639
0.00027414
0.000202322
0.000124552
5.7487e-05
2.77271e-05
3.8701e-05
7.47669e-05
0.000125027
0.000187509
0.00052784
0.000520497
0.000482757
0.000419422
0.000346639
0.00027414
0.000202322
0.000124552
5.7487e-05
2.77271e-05
3.8701e-05
7.47669e-05
0.000125027
0.000187509
0.00052784
0.000520497
0.000482757
0.000419422
0.000346639
0.00027414
0.000202322
0.000124552
5.7487e-05
2.77271e-05
3.8701e-05
7.47669e-05
0.000125027
0.000187509
0.00052784
0.000520497
0.000482757
0.000419422
0.000346639
0.00027414
0.000202322
0.000124552
5.7487e-05
2.77271e-05
3.8701e-05
7.47669e-05
0.000125027
0.000187509
0.00052784
0.000520497
0.000482757
0.000419422
0.000346639
0.00027414
0.000202322
0.000124552
5.7487e-05
2.77271e-05
3.8701e-05
7.47669e-05
0.000125027
0.000187509
0.00052784
0.000520497
0.000482757
0.000419422
0.000346639
0.00027414
0.000202322
0.000124552
5.7487e-05
2.77271e-05
3.8701e-05
7.47669e-05
0.000125027
0.000187509
0.00052784
0.000520497
0.000482757
0.000419422
0.000346639
0.00027414
0.000202322
0.000124552
5.7487e-05
2.77271e-05
3.8701e-05
7.47669e-05
0.000125027
0.000187509
0.00052784
0.000520497
0.000482757
0.000419422
0.000346639
0.00027414
0.000202322
0.000124552
5.7487e-05
2.77271e-05
3.8701e-05
7.47669e-05
0.000125027
0.000187509
0.00052784
0.000520497
0.000482757
0.000419422
0.000346639
0.00027414
0.000202322
0.000124552
5.7487e-05
2.77271e-05
3.8701e-05
7.47669e-05
0.000125027
0.000187509
0.00052784
0.000520497
0.000482757
0.000419422
0.000346639
0.00027414
0.000202322
0.000124552
5.7487e-05
2.77271e-05
3.8701e-05
7.47669e-05
0.000125027
0.000187509
0.00052784
0.000520497
0.000482757
0.000419422
0.000346639
0.00027414
0.000202322
0.000124552
5.7487e-05
2.77271e-05
3.8701e-05
7.47669e-05
0.000125027
0.000187509
0.00052784
0.000520497
0.000482757
0.000419422
0.000346639
0.00027414
0.000202322
0.000124552
5.7487e-05
2.77271e-05
3.8701e-05
7.47669e-05
0.000125027
0.000187509
0.00052784
0.000520497
0.000482757
0.000419422
0.000346639
0.00027414
0.000202322
0.000124552
5.7487e-05
2.77271e-05
3.8701e-05
7.47669e-05
0.000125027
0.000187509
0.00052784
0.000520497
0.000482757
0.000419422
0.000346639
0.00027414
0.000202322
0.000124552
5.7487e-05
2.77271e-05
3.8701e-05
7.47669e-05
0.000125027
0.000187509
0.00052784
0.000520497
0.000482757
0.000419422
0.000346639
0.00027414
0.000202322
0.000124552
5.7487e-05
2.77271e-05
3.8701e-05
7.47669e-05
0.000125027
0.000187509
0.00052784
0.000520497
0.000482757
0.000419422
0.000346639
0.00027414
0.000202322
0.000124552
5.7487e-05
2.77271e-05
3.8701e-05
7.47669e-05
0.000125027
0.000187509
0.00052784
0.000520497
0.000482757
0.000419422
0.000346639
0.00027414
0.000202322
0.000124552
5.7487e-05
2.77271e-05
3.8701e-05
7.47669e-05
0.000125027
0.000187509
0.00052784
0.000520497
0.000482757
0.000419422
0.000346639
0.00027414
0.000202322
0.000124552
5.7487e-05
2.77271e-05
3.8701e-05
7.47669e-05
0.000125027
0.000187509
0.00052784
0.000520497
0.000482757
0.000419422
0.000346639
0.00027414
0.000202322
0.000124552
5.7487e-05
2.77271e-05
3.8701e-05
7.47669e-05
0.000125027
0.000187509
0.00052784
0.000520497
0.000482757
0.000419422
0.000346639
0.00027414
0.000202322
0.000124552
5.7487e-05
2.77271e-05
3.8701e-05
7.47669e-05
0.000125027
0.000187509
0.00052784
0.000520497
0.000482757
0.000419422
0.000346639
0.00027414
0.000202322
0.000124552
5.7487e-05
2.77271e-05
3.8701e-05
7.47669e-05
0.000125027
0.000187509
0.00052784
0.000520497
0.000482757
0.000419422
0.000346639
0.00027414
0.000202322
0.000124552
5.7487e-05
2.77271e-05
3.8701e-05
7.47669e-05
0.000125027
0.000187509
0.00052784
0.000520497
0.000482757
0.000419422
0.000346639
0.00027414
0.000202322
0.000124552
5.7487e-05
2.77271e-05
3.8701e-05
7.47669e-05
0.000125027
0.000187509
0.00052784
0.000520497
0.000482757
0.000419422
0.000346639
0.00027414
0.000202322
0.000124552
5.7487e-05
2.77271e-05
3.8701e-05
7.47669e-05
0.000125027
0.000187509
0.00052784
0.000520497
0.000482757
0.000419422
0.000346639
0.00027414
0.000202322
0.000124552
5.7487e-05
2.77271e-05
3.8701e-05
7.47669e-05
0.000125027
0.000187509
0.00052784
0.000520497
0.000482757
0.000419422
0.000346639
0.00027414
0.000202322
0.000124552
5.7487e-05
2.77271e-05
3.8701e-05
7.47669e-05
0.000125027
0.000187509
0.000351893
0.000346997
0.000321836
0.00027961
0.000231088
0.000182764
0.000134895
8.30556e-05
3.83428e-05
1.84915e-05
2.57896e-05
4.98101e-05
8.32866e-05
0.000124909
0.000351893
0.00034677
0.000321488
0.000282644
0.000239149
0.000192924
0.00015434
0.000119957
7.49188e-05
1.51139e-05
0.000116969
0.000304314
0.000142327
0.000198376
0.000351893
0.000347019
0.000322324
0.000280421
0.000225904
0.000164239
0.000109214
6.39745e-05
3.1157e-05
1.69201e-05
2.43779e-05
5.34506e-05
8.73593e-05
0.000120627
0.000351893
0.000347023
0.000322061
0.000279364
0.0002261
0.000168797
0.000115175
6.55376e-05
2.81978e-05
1.49266e-05
2.48365e-05
4.94842e-05
8.31921e-05
0.000121565
0.000351893
0.000347012
0.00032193
0.00027929
0.000227975
0.000174663
0.000123523
7.26034e-05
3.17873e-05
1.58436e-05
2.5088e-05
4.95497e-05
8.30256e-05
0.000122924
0.000351893
0.000347005
0.000321877
0.000279398
0.000229375
0.000178438
0.000128848
7.74352e-05
3.47138e-05
1.69402e-05
2.53553e-05
4.96559e-05
8.31103e-05
0.00012382
0.000351893
0.000347002
0.000321855
0.00027949
0.000230193
0.000180532
0.000131783
8.01499e-05
3.64428e-05
1.76581e-05
2.55483e-05
4.97255e-05
8.31865e-05
0.000124337
0.000351893
0.000347
0.000321845
0.000279547
0.000230631
0.000181631
0.000133317
8.15792e-05
3.73717e-05
1.80602e-05
2.56626e-05
4.97657e-05
8.32334e-05
0.000124616
0.000351893
0.000346998
0.00032184
0.000279577
0.000230857
0.000182193
0.000134101
8.23115e-05
3.7852e-05
1.82722e-05
2.57244e-05
4.97873e-05
8.32592e-05
0.00012476
0.000351893
0.000346998
0.000321838
0.000279593
0.000230972
0.000182477
0.000134497
8.26821e-05
3.80961e-05
1.83809e-05
2.57566e-05
4.97986e-05
8.32727e-05
0.000124834
0.000351893
0.000346998
0.000321837
0.000279601
0.00023103
0.00018262
0.000134696
8.28685e-05
3.82192e-05
1.8436e-05
2.5773e-05
4.98043e-05
8.32796e-05
0.000124871
0.000351893
0.000346998
0.000321836
0.000279605
0.000231059
0.000182692
0.000134795
8.29619e-05
3.82809e-05
1.84636e-05
2.57813e-05
4.98072e-05
8.32831e-05
0.00012489
0.000351893
0.000346998
0.000321836
0.000279607
0.000231074
0.000182728
0.000134845
8.30087e-05
3.83119e-05
1.84775e-05
2.57854e-05
4.98086e-05
8.32848e-05
0.000124899
0.000351893
0.000346998
0.000321836
0.000279609
0.000231081
0.000182746
0.00013487
8.30321e-05
3.83273e-05
1.84845e-05
2.57875e-05
4.98094e-05
8.32857e-05
0.000124904
0.000351893
0.000346997
0.000321836
0.000279609
0.000231085
0.000182755
0.000134883
8.30438e-05
3.83351e-05
1.8488e-05
2.57886e-05
4.98097e-05
8.32862e-05
0.000124906
0.000351893
0.000346997
0.000321836
0.000279609
0.000231087
0.000182759
0.000134889
8.30497e-05
3.8339e-05
1.84897e-05
2.57891e-05
4.98099e-05
8.32864e-05
0.000124907
0.000351893
0.000346997
0.000321836
0.000279609
0.000231088
0.000182761
0.000134892
8.30526e-05
3.83409e-05
1.84906e-05
2.57893e-05
4.981e-05
8.32865e-05
0.000124908
0.000351893
0.000346997
0.000321836
0.000279609
0.000231088
0.000182762
0.000134894
8.30541e-05
3.83419e-05
1.8491e-05
2.57895e-05
4.981e-05
8.32866e-05
0.000124908
0.000351893
0.000346997
0.000321836
0.00027961
0.000231088
0.000182763
0.000134895
8.30548e-05
3.83424e-05
1.84912e-05
2.57895e-05
4.98101e-05
8.32866e-05
0.000124908
0.000351893
0.000346997
0.000321836
0.00027961
0.000231088
0.000182763
0.000134895
8.30552e-05
3.83426e-05
1.84913e-05
2.57896e-05
4.98101e-05
8.32866e-05
0.000124908
0.000351893
0.000346997
0.000321836
0.00027961
0.000231088
0.000182763
0.000134895
8.30554e-05
3.83427e-05
1.84914e-05
2.57896e-05
4.98101e-05
8.32866e-05
0.000124908
0.000351893
0.000346997
0.000321836
0.00027961
0.000231088
0.000182763
0.000134895
8.30555e-05
3.83428e-05
1.84914e-05
2.57896e-05
4.98101e-05
8.32866e-05
0.000124908
0.000351893
0.000346997
0.000321836
0.00027961
0.000231088
0.000182763
0.000134895
8.30555e-05
3.83428e-05
1.84914e-05
2.57896e-05
4.98101e-05
8.32866e-05
0.000124908
0.000351893
0.000346997
0.000321836
0.00027961
0.000231088
0.000182764
0.000134895
8.30555e-05
3.83428e-05
1.84914e-05
2.57896e-05
4.98101e-05
8.32866e-05
0.000124909
0.000351893
0.000346997
0.000321836
0.00027961
0.000231088
0.000182764
0.000134895
8.30555e-05
3.83428e-05
1.84914e-05
2.57896e-05
4.98101e-05
8.32866e-05
0.000124909
0.000351893
0.000346997
0.000321836
0.00027961
0.000231088
0.000182764
0.000134895
8.30555e-05
3.83428e-05
1.84915e-05
2.57896e-05
4.98101e-05
8.32866e-05
0.000124909
0.000351893
0.000346997
0.000321836
0.00027961
0.000231088
0.000182764
0.000134895
8.30555e-05
3.83428e-05
1.84915e-05
2.57896e-05
4.98101e-05
8.32866e-05
0.000124909
0.000351893
0.000346997
0.000321836
0.00027961
0.000231088
0.000182764
0.000134895
8.30555e-05
3.83428e-05
1.84915e-05
2.57896e-05
4.98101e-05
8.32866e-05
0.000124909
0.000351893
0.000346997
0.000321836
0.00027961
0.000231088
0.000182764
0.000134895
8.30555e-05
3.83428e-05
1.84915e-05
2.57896e-05
4.98101e-05
8.32866e-05
0.000124909
0.000351893
0.000346997
0.000321836
0.00027961
0.000231088
0.000182764
0.000134895
8.30555e-05
3.83428e-05
1.84915e-05
2.57896e-05
4.98101e-05
8.32866e-05
0.000124909
0.000351893
0.000346997
0.000321836
0.00027961
0.000231088
0.000182764
0.000134895
8.30555e-05
3.83428e-05
1.84915e-05
2.57896e-05
4.98101e-05
8.32866e-05
0.000124909
0.000351893
0.000346997
0.000321836
0.00027961
0.000231088
0.000182764
0.000134895
8.30555e-05
3.83428e-05
1.84915e-05
2.57896e-05
4.98101e-05
8.32866e-05
0.000124909
0.000351893
0.000346997
0.000321836
0.00027961
0.000231088
0.000182764
0.000134895
8.30555e-05
3.83428e-05
1.84915e-05
2.57896e-05
4.98101e-05
8.32866e-05
0.000124909
0.000351893
0.000346997
0.000321836
0.00027961
0.000231088
0.000182764
0.000134895
8.30555e-05
3.83428e-05
1.84915e-05
2.57896e-05
4.98101e-05
8.32866e-05
0.000124909
0.000351893
0.000346997
0.000321836
0.00027961
0.000231088
0.000182764
0.000134895
8.30555e-05
3.83428e-05
1.84915e-05
2.57896e-05
4.98101e-05
8.32866e-05
0.000124909
0.000351893
0.000346997
0.000321836
0.00027961
0.000231088
0.000182764
0.000134895
8.30556e-05
3.83428e-05
1.84915e-05
2.57896e-05
4.98101e-05
8.32866e-05
0.000124909
0.000351893
0.000346997
0.000321836
0.00027961
0.000231088
0.000182764
0.000134895
8.30556e-05
3.83428e-05
1.84915e-05
2.57896e-05
4.98101e-05
8.32866e-05
0.000124909
0.000351893
0.000346997
0.000321836
0.00027961
0.000231088
0.000182764
0.000134895
8.30556e-05
3.83428e-05
1.84915e-05
2.57896e-05
4.98101e-05
8.32866e-05
0.000124909
0.000351893
0.000346997
0.000321836
0.00027961
0.000231088
0.000182764
0.000134895
8.30556e-05
3.83428e-05
1.84915e-05
2.57896e-05
4.98101e-05
8.32866e-05
0.000124909
0.000351893
0.000346997
0.000321836
0.00027961
0.000231088
0.000182764
0.000134895
8.30556e-05
3.83428e-05
1.84915e-05
2.57896e-05
4.98101e-05
8.32866e-05
0.000124909
0.000351893
0.000346997
0.000321836
0.00027961
0.000231088
0.000182764
0.000134895
8.30556e-05
3.83428e-05
1.84915e-05
2.57896e-05
4.98101e-05
8.32866e-05
0.000124909
0.000351893
0.000346997
0.000321836
0.00027961
0.000231088
0.000182764
0.000134895
8.30556e-05
3.83428e-05
1.84915e-05
2.57896e-05
4.98101e-05
8.32866e-05
0.000124909
0.000351893
0.000346997
0.000321836
0.00027961
0.000231088
0.000182764
0.000134895
8.30556e-05
3.83428e-05
1.84915e-05
2.57896e-05
4.98101e-05
8.32866e-05
0.000124909
0.000351893
0.000346997
0.000321836
0.00027961
0.000231088
0.000182764
0.000134895
8.30556e-05
3.83428e-05
1.84915e-05
2.57896e-05
4.98101e-05
8.32866e-05
0.000124909
0.000351893
0.000346997
0.000321836
0.00027961
0.000231088
0.000182764
0.000134895
8.30556e-05
3.83428e-05
1.84915e-05
2.57896e-05
4.98101e-05
8.32866e-05
0.000124909
0.000351893
0.000346997
0.000321836
0.00027961
0.000231088
0.000182764
0.000134895
8.30556e-05
3.83428e-05
1.84915e-05
2.57896e-05
4.98101e-05
8.32866e-05
0.000124909
0.000351893
0.000346997
0.000321836
0.00027961
0.000231088
0.000182764
0.000134895
8.30556e-05
3.83428e-05
1.84915e-05
2.57896e-05
4.98101e-05
8.32866e-05
0.000124909
0.000351893
0.000346997
0.000321836
0.00027961
0.000231088
0.000182764
0.000134895
8.30556e-05
3.83428e-05
1.84915e-05
2.57896e-05
4.98101e-05
8.32866e-05
0.000124909
0.000351893
0.000346997
0.000321836
0.00027961
0.000231088
0.000182764
0.000134895
8.30556e-05
3.83428e-05
1.84915e-05
2.57896e-05
4.98101e-05
8.32866e-05
0.000124909
0.000351893
0.000346997
0.000321836
0.00027961
0.000231088
0.000182764
0.000134895
8.30556e-05
3.83428e-05
1.84915e-05
2.57896e-05
4.98101e-05
8.32866e-05
0.000124909
0.000351893
0.000346997
0.000321836
0.00027961
0.000231088
0.000182764
0.000134895
8.30556e-05
3.83428e-05
1.84915e-05
2.57896e-05
4.98101e-05
8.32866e-05
0.000124909
0.000351893
0.000346997
0.000321836
0.00027961
0.000231088
0.000182764
0.000134895
8.30556e-05
3.83428e-05
1.84915e-05
2.57896e-05
4.98101e-05
8.32866e-05
0.000124909
0.000351893
0.000346997
0.000321836
0.00027961
0.000231088
0.000182764
0.000134895
8.30556e-05
3.83428e-05
1.84915e-05
2.57896e-05
4.98101e-05
8.32866e-05
0.000124909
0.000351893
0.000346997
0.000321836
0.00027961
0.000231088
0.000182764
0.000134895
8.30556e-05
3.83428e-05
1.84915e-05
2.57896e-05
4.98101e-05
8.32866e-05
0.000124909
0.000351893
0.000346997
0.000321836
0.00027961
0.000231088
0.000182764
0.000134895
8.30556e-05
3.83428e-05
1.84915e-05
2.57896e-05
4.98101e-05
8.32866e-05
0.000124909
0.000351893
0.000346997
0.000321836
0.00027961
0.000231088
0.000182764
0.000134895
8.30556e-05
3.83428e-05
1.84915e-05
2.57896e-05
4.98101e-05
8.32866e-05
0.000124909
0.000351893
0.000346997
0.000321836
0.00027961
0.000231088
0.000182764
0.000134895
8.30556e-05
3.83428e-05
1.84915e-05
2.57896e-05
4.98101e-05
8.32866e-05
0.000124909
0.000351893
0.000346997
0.000321836
0.00027961
0.000231088
0.000182764
0.000134895
8.30556e-05
3.83428e-05
1.84915e-05
2.57896e-05
4.98101e-05
8.32866e-05
0.000124909
0.000351893
0.000346997
0.000321836
0.00027961
0.000231088
0.000182764
0.000134895
8.30556e-05
3.83428e-05
1.84915e-05
2.57896e-05
4.98101e-05
8.32866e-05
0.000124909
0.000351893
0.000346997
0.000321836
0.00027961
0.000231088
0.000182764
0.000134895
8.30556e-05
3.83428e-05
1.84915e-05
2.57896e-05
4.98101e-05
8.32866e-05
0.000124909
0.000351893
0.000346997
0.000321836
0.00027961
0.000231088
0.000182764
0.000134895
8.30556e-05
3.83428e-05
1.84915e-05
2.57896e-05
4.98101e-05
8.32866e-05
0.000124909
0.000351893
0.000346997
0.000321836
0.00027961
0.000231088
0.000182764
0.000134895
8.30556e-05
3.83428e-05
1.84915e-05
2.57896e-05
4.98101e-05
8.32866e-05
0.000124909
0.000351893
0.000346997
0.000321836
0.00027961
0.000231088
0.000182764
0.000134895
8.30556e-05
3.83428e-05
1.84915e-05
2.57896e-05
4.98101e-05
8.32866e-05
0.000124909
0.000351893
0.000346997
0.000321836
0.00027961
0.000231088
0.000182764
0.000134895
8.30556e-05
3.83428e-05
1.84915e-05
2.57896e-05
4.98101e-05
8.32866e-05
0.000124909
0.000351893
0.000346997
0.000321836
0.00027961
0.000231088
0.000182764
0.000134895
8.30556e-05
3.83428e-05
1.84915e-05
2.57896e-05
4.98101e-05
8.32866e-05
0.000124909
0.000351893
0.000346997
0.000321836
0.00027961
0.000231088
0.000182764
0.000134895
8.30556e-05
3.83428e-05
1.84915e-05
2.57896e-05
4.98101e-05
8.32866e-05
0.000124909
0.000351893
0.000346997
0.000321836
0.00027961
0.000231088
0.000182764
0.000134895
8.30556e-05
3.83428e-05
1.84915e-05
2.57896e-05
4.98101e-05
8.32866e-05
0.000124909
0.000351893
0.000346997
0.000321836
0.00027961
0.000231088
0.000182764
0.000134895
8.30556e-05
3.83428e-05
1.84915e-05
2.57896e-05
4.98101e-05
8.32866e-05
0.000124909
0.000351893
0.000346997
0.000321836
0.00027961
0.000231088
0.000182764
0.000134895
8.30556e-05
3.83428e-05
1.84915e-05
2.57896e-05
4.98101e-05
8.32866e-05
0.000124909
0.000351893
0.000346997
0.000321836
0.00027961
0.000231088
0.000182764
0.000134895
8.30556e-05
3.83428e-05
1.84915e-05
2.57896e-05
4.98101e-05
8.32866e-05
0.000124909
0.000351893
0.000346997
0.000321836
0.00027961
0.000231088
0.000182764
0.000134895
8.30556e-05
3.83428e-05
1.84915e-05
2.57896e-05
4.98101e-05
8.32866e-05
0.000124909
0.000351893
0.000346997
0.000321836
0.00027961
0.000231088
0.000182764
0.000134895
8.30556e-05
3.83428e-05
1.84915e-05
2.57896e-05
4.98101e-05
8.32866e-05
0.000124909
0.000351893
0.000346997
0.000321836
0.00027961
0.000231088
0.000182764
0.000134895
8.30556e-05
3.83428e-05
1.84915e-05
2.57896e-05
4.98101e-05
8.32866e-05
0.000124909
0.000351893
0.000346997
0.000321836
0.00027961
0.000231088
0.000182764
0.000134895
8.30556e-05
3.83428e-05
1.84915e-05
2.57896e-05
4.98101e-05
8.32866e-05
0.000124909
0.000351893
0.000346997
0.000321836
0.00027961
0.000231088
0.000182764
0.000134895
8.30556e-05
3.83428e-05
1.84915e-05
2.57896e-05
4.98101e-05
8.32866e-05
0.000124909
0.000351893
0.000346997
0.000321836
0.00027961
0.000231088
0.000182764
0.000134895
8.30556e-05
3.83428e-05
1.84915e-05
2.57896e-05
4.98101e-05
8.32866e-05
0.000124909
0.000351893
0.000346997
0.000321836
0.00027961
0.000231088
0.000182764
0.000134895
8.30556e-05
3.83428e-05
1.84915e-05
2.57896e-05
4.98101e-05
8.32866e-05
0.000124909
0.000351893
0.000346997
0.000321836
0.00027961
0.000231088
0.000182764
0.000134895
8.30556e-05
3.83428e-05
1.84915e-05
2.57896e-05
4.98101e-05
8.32866e-05
0.000124909
0.000351893
0.000346997
0.000321836
0.00027961
0.000231088
0.000182764
0.000134895
8.30556e-05
3.83428e-05
1.84915e-05
2.57896e-05
4.98101e-05
8.32866e-05
0.000124909
0.000351893
0.000346997
0.000321836
0.00027961
0.000231088
0.000182764
0.000134895
8.30556e-05
3.83428e-05
1.84915e-05
2.57896e-05
4.98101e-05
8.32866e-05
0.000124909
0.000351893
0.000346997
0.000321836
0.00027961
0.000231088
0.000182764
0.000134895
8.30556e-05
3.83428e-05
1.84915e-05
2.57896e-05
4.98101e-05
8.32866e-05
0.000124909
0.000351893
0.000346997
0.000321836
0.00027961
0.000231088
0.000182764
0.000134895
8.30556e-05
3.83428e-05
1.84915e-05
2.57896e-05
4.98101e-05
8.32866e-05
0.000124909
0.000351893
0.000346997
0.000321836
0.00027961
0.000231088
0.000182764
0.000134895
8.30556e-05
3.83428e-05
1.84915e-05
2.57896e-05
4.98101e-05
8.32866e-05
0.000124909
0.000351893
0.000346997
0.000321836
0.00027961
0.000231088
0.000182764
0.000134895
8.30556e-05
3.83428e-05
1.84915e-05
2.57896e-05
4.98101e-05
8.32866e-05
0.000124909
0.000351893
0.000346997
0.000321836
0.00027961
0.000231088
0.000182764
0.000134895
8.30556e-05
3.83428e-05
1.84915e-05
2.57896e-05
4.98101e-05
8.32866e-05
0.000124909
0.000351893
0.000346997
0.000321836
0.00027961
0.000231088
0.000182764
0.000134895
8.30556e-05
3.83428e-05
1.84915e-05
2.57896e-05
4.98101e-05
8.32866e-05
0.000124909
0.000351893
0.000346997
0.000321836
0.00027961
0.000231088
0.000182764
0.000134895
8.30556e-05
3.83428e-05
1.84915e-05
2.57896e-05
4.98101e-05
8.32866e-05
0.000124909
0.000351893
0.000346997
0.000321836
0.00027961
0.000231088
0.000182764
0.000134895
8.30556e-05
3.83428e-05
1.84915e-05
2.57896e-05
4.98101e-05
8.32866e-05
0.000124909
0.000351893
0.000346997
0.000321836
0.00027961
0.000231088
0.000182764
0.000134895
8.30556e-05
3.83428e-05
1.84915e-05
2.57896e-05
4.98101e-05
8.32866e-05
0.000124909
0.000351893
0.000346997
0.000321836
0.00027961
0.000231088
0.000182764
0.000134895
8.30556e-05
3.83428e-05
1.84915e-05
2.57896e-05
4.98101e-05
8.32866e-05
0.000124909
0.000351893
0.000346997
0.000321836
0.00027961
0.000231088
0.000182764
0.000134895
8.30556e-05
3.83428e-05
1.84915e-05
2.57896e-05
4.98101e-05
8.32866e-05
0.000124909
0.000351893
0.000346997
0.000321836
0.00027961
0.000231088
0.000182764
0.000134895
8.30556e-05
3.83428e-05
1.84915e-05
2.57896e-05
4.98101e-05
8.32866e-05
0.000124909
0.000351893
0.000346997
0.000321836
0.00027961
0.000231088
0.000182764
0.000134895
8.30556e-05
3.83428e-05
1.84915e-05
2.57896e-05
4.98101e-05
8.32866e-05
0.000124909
0.000351893
0.000346997
0.000321836
0.00027961
0.000231088
0.000182764
0.000134895
8.30556e-05
3.83428e-05
1.84915e-05
2.57896e-05
4.98101e-05
8.32866e-05
0.000124909
0.000351893
0.000346997
0.000321836
0.00027961
0.000231088
0.000182764
0.000134895
8.30556e-05
3.83428e-05
1.84915e-05
2.57896e-05
4.98101e-05
8.32866e-05
0.000124909
0.000351893
0.000346997
0.000321836
0.00027961
0.000231088
0.000182764
0.000134895
8.30556e-05
3.83428e-05
1.84915e-05
2.57896e-05
4.98101e-05
8.32866e-05
0.000124909
0.000351893
0.000346997
0.000321836
0.00027961
0.000231088
0.000182764
0.000134895
8.30556e-05
3.83428e-05
1.84915e-05
2.57896e-05
4.98101e-05
8.32866e-05
0.000124909
0.000351893
0.000346997
0.000321836
0.00027961
0.000231088
0.000182764
0.000134895
8.30556e-05
3.83428e-05
1.84915e-05
2.57896e-05
4.98101e-05
8.32866e-05
0.000124909
0.000351893
0.000346997
0.000321836
0.00027961
0.000231088
0.000182764
0.000134895
8.30556e-05
3.83428e-05
1.84915e-05
2.57896e-05
4.98101e-05
8.32866e-05
0.000124909
0.000351893
0.000346997
0.000321836
0.00027961
0.000231088
0.000182764
0.000134895
8.30556e-05
3.83428e-05
1.84915e-05
2.57896e-05
4.98101e-05
8.32866e-05
0.000124909
0.000351893
0.000346997
0.000321836
0.00027961
0.000231088
0.000182764
0.000134895
8.30556e-05
3.83428e-05
1.84915e-05
2.57896e-05
4.98101e-05
8.32866e-05
0.000124909
0.000351893
0.000346997
0.000321836
0.00027961
0.000231088
0.000182764
0.000134895
8.30556e-05
3.83428e-05
1.84915e-05
2.57896e-05
4.98101e-05
8.32866e-05
0.000124909
0.000351893
0.000346997
0.000321836
0.00027961
0.000231088
0.000182764
0.000134895
8.30556e-05
3.83428e-05
1.84915e-05
2.57896e-05
4.98101e-05
8.32866e-05
0.000124909
0.000351893
0.000346997
0.000321836
0.00027961
0.000231088
0.000182764
0.000134895
8.30556e-05
3.83428e-05
1.84915e-05
2.57896e-05
4.98101e-05
8.32866e-05
0.000124909
0.000351893
0.000346997
0.000321836
0.00027961
0.000231088
0.000182764
0.000134895
8.30556e-05
3.83428e-05
1.84915e-05
2.57896e-05
4.98101e-05
8.32866e-05
0.000124909
0.000351893
0.000346997
0.000321836
0.00027961
0.000231088
0.000182764
0.000134895
8.30556e-05
3.83428e-05
1.84915e-05
2.57896e-05
4.98101e-05
8.32866e-05
0.000124909
0.000351893
0.000346997
0.000321836
0.00027961
0.000231088
0.000182764
0.000134895
8.30556e-05
3.83428e-05
1.84915e-05
2.57896e-05
4.98101e-05
8.32866e-05
0.000124909
0.000351893
0.000346997
0.000321836
0.00027961
0.000231088
0.000182764
0.000134895
8.30556e-05
3.83428e-05
1.84915e-05
2.57896e-05
4.98101e-05
8.32866e-05
0.000124909
0.000351893
0.000346997
0.000321836
0.00027961
0.000231088
0.000182764
0.000134895
8.30556e-05
3.83428e-05
1.84915e-05
2.57896e-05
4.98101e-05
8.32866e-05
0.000124909
0.000351893
0.000346997
0.000321836
0.00027961
0.000231088
0.000182764
0.000134895
8.30556e-05
3.83428e-05
1.84915e-05
2.57896e-05
4.98101e-05
8.32866e-05
0.000124909
0.000351893
0.000346997
0.000321836
0.00027961
0.000231088
0.000182764
0.000134895
8.30556e-05
3.83428e-05
1.84915e-05
2.57896e-05
4.98101e-05
8.32866e-05
0.000124909
0.000351893
0.000346997
0.000321836
0.00027961
0.000231088
0.000182764
0.000134895
8.30556e-05
3.83428e-05
1.84915e-05
2.57896e-05
4.98101e-05
8.32866e-05
0.000124909
0.000351893
0.000346997
0.000321836
0.00027961
0.000231088
0.000182764
0.000134895
8.30556e-05
3.83428e-05
1.84915e-05
2.57896e-05
4.98101e-05
8.32866e-05
0.000124909
0.000351893
0.000346997
0.000321836
0.00027961
0.000231088
0.000182764
0.000134895
8.30556e-05
3.83428e-05
1.84915e-05
2.57896e-05
4.98101e-05
8.32866e-05
0.000124909
0.000351893
0.000346997
0.000321836
0.00027961
0.000231088
0.000182764
0.000134895
8.30556e-05
3.83428e-05
1.84915e-05
2.57896e-05
4.98101e-05
8.32866e-05
0.000124909
0.000351893
0.000346997
0.000321836
0.00027961
0.000231088
0.000182764
0.000134895
8.30556e-05
3.83428e-05
1.84915e-05
2.57896e-05
4.98101e-05
8.32866e-05
0.000124909
0.000351893
0.000346997
0.000321836
0.00027961
0.000231088
0.000182764
0.000134895
8.30556e-05
3.83428e-05
1.84915e-05
2.57896e-05
4.98101e-05
8.32866e-05
0.000124909
0.000351893
0.000346997
0.000321836
0.00027961
0.000231088
0.000182764
0.000134895
8.30556e-05
3.83428e-05
1.84915e-05
2.57896e-05
4.98101e-05
8.32866e-05
0.000124909
0.000351893
0.000346997
0.000321836
0.00027961
0.000231088
0.000182764
0.000134895
8.30556e-05
3.83428e-05
1.84915e-05
2.57896e-05
4.98101e-05
8.32866e-05
0.000124909
0.000351893
0.000346997
0.000321836
0.00027961
0.000231088
0.000182764
0.000134895
8.30556e-05
3.83428e-05
1.84915e-05
2.57896e-05
4.98101e-05
8.32866e-05
0.000124909
0.000351893
0.000346997
0.000321836
0.00027961
0.000231088
0.000182764
0.000134895
8.30556e-05
3.83428e-05
1.84915e-05
2.57896e-05
4.98101e-05
8.32866e-05
0.000124909
