0.000560249
0.000582345
0.000662415
0.000641835
0.000290715
0.000327216
0.000812824
0.000910241
0.00067983
0.000325205
3.14511e-05
0.000120556
0.000127192
6.7228e-06
0.000560249
0.000593641
0.000536273
0.000318519
0.00278911
0.00686879
0.0110925
0.0130331
0.0104073
0.00319909
0.00521154
0.00981767
0.00627912
0.00703318
0.000560249
0.00054635
0.000406511
0.000121335
0.00127595
0.00287162
0.00427352
0.00488928
0.00437488
0.00269775
0.000374366
0.00147201
0.00153539
0.00107507
0.000560249
0.000559444
0.000511396
0.000225723
0.000497387
0.00151422
0.00233794
0.00262213
0.00231176
0.00153129
0.000546958
0.000243599
0.000375061
0.000511589
0.000560249
0.000570082
0.000583091
0.000428171
0.000103677
0.000905404
0.00153848
0.00171466
0.00145181
0.000923034
0.00034415
7.94742e-05
0.00015257
0.000273538
0.000560249
0.00057605
0.000621989
0.000533901
9.35418e-05
0.000613012
0.00116777
0.00130131
0.00105594
0.000622104
0.000198629
7.81704e-05
0.000117534
0.000140361
0.000560249
0.000579161
0.000642032
0.000587626
0.000192147
0.000469345
0.000988475
0.00110318
0.000865542
0.000473086
0.000117435
9.43358e-05
0.000117068
6.86913e-05
0.000560249
0.000580744
0.000652183
0.000614674
0.000241437
0.000398095
0.00090021
0.00100608
0.000772117
0.000398997
7.50058e-05
0.000106241
0.000120843
3.14652e-05
0.000560249
0.000581543
0.000657289
0.000628241
0.000266078
0.00036261
0.000856409
0.000958009
0.000725833
0.000362063
5.33647e-05
0.000113103
0.0001237
1.24928e-05
0.000560249
0.000581943
0.00065985
0.000635034
0.000278397
0.000344902
0.00083459
0.000934087
0.000702797
0.000343624
4.24415e-05
0.000116756
0.000125368
2.91557e-06
0.000560249
0.000582144
0.000661132
0.000638434
0.000284556
0.000336056
0.0008237
0.000922154
0.000691305
0.000334412
3.69546e-05
0.000118638
0.00012626
1.89595e-06
0.000560249
0.000582245
0.000661773
0.000640134
0.000287635
0.000331635
0.000818261
0.000916195
0.000685565
0.000329808
3.42049e-05
0.000119592
0.000126721
4.30746e-06
0.000560249
0.000582295
0.000662094
0.000640984
0.000289175
0.000329426
0.000815542
0.000913218
0.000682697
0.000327506
3.28285e-05
0.000120073
0.000126956
5.51465e-06
0.000560249
0.00058232
0.000662255
0.000641409
0.000289945
0.000328321
0.000814183
0.000911729
0.000681264
0.000326355
3.21399e-05
0.000120314
0.000127074
6.1186e-06
0.000560249
0.000582332
0.000662335
0.000641622
0.00029033
0.000327768
0.000813503
0.000910985
0.000680547
0.00032578
3.17955e-05
0.000120435
0.000127133
6.42067e-06
0.000560249
0.000582339
0.000662375
0.000641728
0.000290522
0.000327492
0.000813164
0.000910613
0.000680189
0.000325492
3.16233e-05
0.000120495
0.000127163
6.57173e-06
0.000560249
0.000582342
0.000662395
0.000641782
0.000290619
0.000327354
0.000812994
0.000910427
0.000680009
0.000325349
3.15372e-05
0.000120525
0.000127177
6.64726e-06
0.000560249
0.000582343
0.000662405
0.000641808
0.000290667
0.000327285
0.000812909
0.000910334
0.00067992
0.000325277
3.14941e-05
0.00012054
0.000127185
6.68503e-06
0.000560249
0.000582344
0.00066241
0.000641821
0.000290691
0.000327251
0.000812867
0.000910287
0.000679875
0.000325241
3.14726e-05
0.000120548
0.000127189
6.70391e-06
0.000560249
0.000582345
0.000662413
0.000641828
0.000290703
0.000327233
0.000812845
0.000910264
0.000679853
0.000325223
3.14618e-05
0.000120552
0.00012719
6.71336e-06
0.000560249
0.000582345
0.000662414
0.000641831
0.000290709
0.000327225
0.000812835
0.000910253
0.000679841
0.000325214
3.14565e-05
0.000120554
0.000127191
6.71808e-06
0.000560249
0.000582345
0.000662415
0.000641833
0.000290712
0.00032722
0.000812829
0.000910247
0.000679836
0.000325209
3.14538e-05
0.000120555
0.000127192
6.72044e-06
0.000560249
0.000582345
0.000662415
0.000641834
0.000290713
0.000327218
0.000812827
0.000910244
0.000679833
0.000325207
3.14524e-05
0.000120555
0.000127192
6.72162e-06
0.000560249
0.000582345
0.000662415
0.000641834
0.000290714
0.000327217
0.000812825
0.000910242
0.000679832
0.000325206
3.14517e-05
0.000120555
0.000127192
6.72221e-06
0.000560249
0.000582345
0.000662415
0.000641834
0.000290715
0.000327217
0.000812825
0.000910242
0.000679831
0.000325205
3.14514e-05
0.000120555
0.000127192
6.7225e-06
0.000560249
0.000582345
0.000662415
0.000641835
0.000290715
0.000327216
0.000812824
0.000910241
0.000679831
0.000325205
3.14512e-05
0.000120556
0.000127192
6.72265e-06
0.000560249
0.000582345
0.000662415
0.000641835
0.000290715
0.000327216
0.000812824
0.000910241
0.00067983
0.000325205
3.14512e-05
0.000120556
0.000127192
6.72272e-06
0.000560249
0.000582345
0.000662415
0.000641835
0.000290715
0.000327216
0.000812824
0.000910241
0.00067983
0.000325205
3.14511e-05
0.000120556
0.000127192
6.72276e-06
0.000560249
0.000582345
0.000662415
0.000641835
0.000290715
0.000327216
0.000812824
0.000910241
0.00067983
0.000325205
3.14511e-05
0.000120556
0.000127192
6.72278e-06
0.000560249
0.000582345
0.000662415
0.000641835
0.000290715
0.000327216
0.000812824
0.000910241
0.00067983
0.000325205
3.14511e-05
0.000120556
0.000127192
6.72279e-06
0.000560249
0.000582345
0.000662415
0.000641835
0.000290715
0.000327216
0.000812824
0.000910241
0.00067983
0.000325205
3.14511e-05
0.000120556
0.000127192
6.72279e-06
0.000560249
0.000582345
0.000662415
0.000641835
0.000290715
0.000327216
0.000812824
0.000910241
0.00067983
0.000325205
3.14511e-05
0.000120556
0.000127192
6.7228e-06
0.000560249
0.000582345
0.000662415
0.000641835
0.000290715
0.000327216
0.000812824
0.000910241
0.00067983
0.000325205
3.14511e-05
0.000120556
0.000127192
6.7228e-06
0.000560249
0.000582345
0.000662415
0.000641835
0.000290715
0.000327216
0.000812824
0.000910241
0.00067983
0.000325205
3.14511e-05
0.000120556
0.000127192
6.7228e-06
0.000560249
0.000582345
0.000662415
0.000641835
0.000290715
0.000327216
0.000812824
0.000910241
0.00067983
0.000325205
3.14511e-05
0.000120556
0.000127192
6.7228e-06
0.000560249
0.000582345
0.000662415
0.000641835
0.000290715
0.000327216
0.000812824
0.000910241
0.00067983
0.000325205
3.14511e-05
0.000120556
0.000127192
6.7228e-06
0.000560249
0.000582345
0.000662415
0.000641835
0.000290715
0.000327216
0.000812824
0.000910241
0.00067983
0.000325205
3.14511e-05
0.000120556
0.000127192
6.7228e-06
0.000560249
0.000582345
0.000662415
0.000641835
0.000290715
0.000327216
0.000812824
0.000910241
0.00067983
0.000325205
3.14511e-05
0.000120556
0.000127192
6.7228e-06
0.000560249
0.000582345
0.000662415
0.000641835
0.000290715
0.000327216
0.000812824
0.000910241
0.00067983
0.000325205
3.14511e-05
0.000120556
0.000127192
6.7228e-06
0.000560249
0.000582345
0.000662415
0.000641835
0.000290715
0.000327216
0.000812824
0.000910241
0.00067983
0.000325205
3.14511e-05
0.000120556
0.000127192
6.7228e-06
0.000560249
0.000582345
0.000662415
0.000641835
0.000290715
0.000327216
0.000812824
0.000910241
0.00067983
0.000325205
3.14511e-05
0.000120556
0.000127192
6.7228e-06
0.000560249
0.000582345
0.000662415
0.000641835
0.000290715
0.000327216
0.000812824
0.000910241
0.00067983
0.000325205
3.14511e-05
0.000120556
0.000127192
6.7228e-06
0.000560249
0.000582345
0.000662415
0.000641835
0.000290715
0.000327216
0.000812824
0.000910241
0.00067983
0.000325205
3.14511e-05
0.000120556
0.000127192
6.7228e-06
0.000560249
0.000582345
0.000662415
0.000641835
0.000290715
0.000327216
0.000812824
0.000910241
0.00067983
0.000325205
3.14511e-05
0.000120556
0.000127192
6.7228e-06
0.000560249
0.000582345
0.000662415
0.000641835
0.000290715
0.000327216
0.000812824
0.000910241
0.00067983
0.000325205
3.14511e-05
0.000120556
0.000127192
6.7228e-06
0.000560249
0.000582345
0.000662415
0.000641835
0.000290715
0.000327216
0.000812824
0.000910241
0.00067983
0.000325205
3.14511e-05
0.000120556
0.000127192
6.7228e-06
0.000560249
0.000582345
0.000662415
0.000641835
0.000290715
0.000327216
0.000812824
0.000910241
0.00067983
0.000325205
3.14511e-05
0.000120556
0.000127192
6.7228e-06
0.000560249
0.000582345
0.000662415
0.000641835
0.000290715
0.000327216
0.000812824
0.000910241
0.00067983
0.000325205
3.14511e-05
0.000120556
0.000127192
6.7228e-06
0.000560249
0.000582345
0.000662415
0.000641835
0.000290715
0.000327216
0.000812824
0.000910241
0.00067983
0.000325205
3.14511e-05
0.000120556
0.000127192
6.7228e-06
0.000560249
0.000582345
0.000662415
0.000641835
0.000290715
0.000327216
0.000812824
0.000910241
0.00067983
0.000325205
3.14511e-05
0.000120556
0.000127192
6.7228e-06
0.000560249
0.000582345
0.000662415
0.000641835
0.000290715
0.000327216
0.000812824
0.000910241
0.00067983
0.000325205
3.14511e-05
0.000120556
0.000127192
6.7228e-06
0.000560249
0.000582345
0.000662415
0.000641835
0.000290715
0.000327216
0.000812824
0.000910241
0.00067983
0.000325205
3.14511e-05
0.000120556
0.000127192
6.7228e-06
0.000560249
0.000582345
0.000662415
0.000641835
0.000290715
0.000327216
0.000812824
0.000910241
0.00067983
0.000325205
3.14511e-05
0.000120556
0.000127192
6.7228e-06
0.000560249
0.000582345
0.000662415
0.000641835
0.000290715
0.000327216
0.000812824
0.000910241
0.00067983
0.000325205
3.14511e-05
0.000120556
0.000127192
6.7228e-06
0.000560249
0.000582345
0.000662415
0.000641835
0.000290715
0.000327216
0.000812824
0.000910241
0.00067983
0.000325205
3.14511e-05
0.000120556
0.000127192
6.7228e-06
0.000560249
0.000582345
0.000662415
0.000641835
0.000290715
0.000327216
0.000812824
0.000910241
0.00067983
0.000325205
3.14511e-05
0.000120556
0.000127192
6.7228e-06
0.000560249
0.000582345
0.000662415
0.000641835
0.000290715
0.000327216
0.000812824
0.000910241
0.00067983
0.000325205
3.14511e-05
0.000120556
0.000127192
6.7228e-06
0.000560249
0.000582345
0.000662415
0.000641835
0.000290715
0.000327216
0.000812824
0.000910241
0.00067983
0.000325205
3.14511e-05
0.000120556
0.000127192
6.7228e-06
0.000560249
0.000582345
0.000662415
0.000641835
0.000290715
0.000327216
0.000812824
0.000910241
0.00067983
0.000325205
3.14511e-05
0.000120556
0.000127192
6.7228e-06
0.000560249
0.000582345
0.000662415
0.000641835
0.000290715
0.000327216
0.000812824
0.000910241
0.00067983
0.000325205
3.14511e-05
0.000120556
0.000127192
6.7228e-06
0.000560249
0.000582345
0.000662415
0.000641835
0.000290715
0.000327216
0.000812824
0.000910241
0.00067983
0.000325205
3.14511e-05
0.000120556
0.000127192
6.7228e-06
0.000560249
0.000582345
0.000662415
0.000641835
0.000290715
0.000327216
0.000812824
0.000910241
0.00067983
0.000325205
3.14511e-05
0.000120556
0.000127192
6.7228e-06
0.000560249
0.000582345
0.000662415
0.000641835
0.000290715
0.000327216
0.000812824
0.000910241
0.00067983
0.000325205
3.14511e-05
0.000120556
0.000127192
6.7228e-06
0.000560249
0.000582345
0.000662415
0.000641835
0.000290715
0.000327216
0.000812824
0.000910241
0.00067983
0.000325205
3.14511e-05
0.000120556
0.000127192
6.7228e-06
0.000560249
0.000582345
0.000662415
0.000641835
0.000290715
0.000327216
0.000812824
0.000910241
0.00067983
0.000325205
3.14511e-05
0.000120556
0.000127192
6.7228e-06
0.000560249
0.000582345
0.000662415
0.000641835
0.000290715
0.000327216
0.000812824
0.000910241
0.00067983
0.000325205
3.14511e-05
0.000120556
0.000127192
6.7228e-06
0.000560249
0.000582345
0.000662415
0.000641835
0.000290715
0.000327216
0.000812824
0.000910241
0.00067983
0.000325205
3.14511e-05
0.000120556
0.000127192
6.7228e-06
0.000560249
0.000582345
0.000662415
0.000641835
0.000290715
0.000327216
0.000812824
0.000910241
0.00067983
0.000325205
3.14511e-05
0.000120556
0.000127192
6.7228e-06
0.000560249
0.000582345
0.000662415
0.000641835
0.000290715
0.000327216
0.000812824
0.000910241
0.00067983
0.000325205
3.14511e-05
0.000120556
0.000127192
6.7228e-06
0.000560249
0.000582345
0.000662415
0.000641835
0.000290715
0.000327216
0.000812824
0.000910241
0.00067983
0.000325205
3.14511e-05
0.000120556
0.000127192
6.7228e-06
0.000560249
0.000582345
0.000662415
0.000641835
0.000290715
0.000327216
0.000812824
0.000910241
0.00067983
0.000325205
3.14511e-05
0.000120556
0.000127192
6.7228e-06
0.000560249
0.000582345
0.000662415
0.000641835
0.000290715
0.000327216
0.000812824
0.000910241
0.00067983
0.000325205
3.14511e-05
0.000120556
0.000127192
6.7228e-06
0.000560249
0.000582345
0.000662415
0.000641835
0.000290715
0.000327216
0.000812824
0.000910241
0.00067983
0.000325205
3.14511e-05
0.000120556
0.000127192
6.7228e-06
0.000560249
0.000582345
0.000662415
0.000641835
0.000290715
0.000327216
0.000812824
0.000910241
0.00067983
0.000325205
3.14511e-05
0.000120556
0.000127192
6.7228e-06
0.000560249
0.000582345
0.000662415
0.000641835
0.000290715
0.000327216
0.000812824
0.000910241
0.00067983
0.000325205
3.14511e-05
0.000120556
0.000127192
6.7228e-06
0.000560249
0.000582345
0.000662415
0.000641835
0.000290715
0.000327216
0.000812824
0.000910241
0.00067983
0.000325205
3.14511e-05
0.000120556
0.000127192
6.7228e-06
0.000560249
0.000582345
0.000662415
0.000641835
0.000290715
0.000327216
0.000812824
0.000910241
0.00067983
0.000325205
3.14511e-05
0.000120556
0.000127192
6.7228e-06
0.000560249
0.000582345
0.000662415
0.000641835
0.000290715
0.000327216
0.000812824
0.000910241
0.00067983
0.000325205
3.14511e-05
0.000120556
0.000127192
6.7228e-06
0.000560249
0.000582345
0.000662415
0.000641835
0.000290715
0.000327216
0.000812824
0.000910241
0.00067983
0.000325205
3.14511e-05
0.000120556
0.000127192
6.7228e-06
0.000560249
0.000582345
0.000662415
0.000641835
0.000290715
0.000327216
0.000812824
0.000910241
0.00067983
0.000325205
3.14511e-05
0.000120556
0.000127192
6.7228e-06
0.000560249
0.000582345
0.000662415
0.000641835
0.000290715
0.000327216
0.000812824
0.000910241
0.00067983
0.000325205
3.14511e-05
0.000120556
0.000127192
6.7228e-06
0.000560249
0.000582345
0.000662415
0.000641835
0.000290715
0.000327216
0.000812824
0.000910241
0.00067983
0.000325205
3.14511e-05
0.000120556
0.000127192
6.7228e-06
0.000560249
0.000582345
0.000662415
0.000641835
0.000290715
0.000327216
0.000812824
0.000910241
0.00067983
0.000325205
3.14511e-05
0.000120556
0.000127192
6.7228e-06
0.000560249
0.000582345
0.000662415
0.000641835
0.000290715
0.000327216
0.000812824
0.000910241
0.00067983
0.000325205
3.14511e-05
0.000120556
0.000127192
6.7228e-06
0.000560249
0.000582345
0.000662415
0.000641835
0.000290715
0.000327216
0.000812824
0.000910241
0.00067983
0.000325205
3.14511e-05
0.000120556
0.000127192
6.7228e-06
0.000560249
0.000582345
0.000662415
0.000641835
0.000290715
0.000327216
0.000812824
0.000910241
0.00067983
0.000325205
3.14511e-05
0.000120556
0.000127192
6.7228e-06
0.000560249
0.000582345
0.000662415
0.000641835
0.000290715
0.000327216
0.000812824
0.000910241
0.00067983
0.000325205
3.14511e-05
0.000120556
0.000127192
6.7228e-06
0.000560249
0.000582345
0.000662415
0.000641835
0.000290715
0.000327216
0.000812824
0.000910241
0.00067983
0.000325205
3.14511e-05
0.000120556
0.000127192
6.7228e-06
0.000560249
0.000582345
0.000662415
0.000641835
0.000290715
0.000327216
0.000812824
0.000910241
0.00067983
0.000325205
3.14511e-05
0.000120556
0.000127192
6.7228e-06
0.000560249
0.000582345
0.000662415
0.000641835
0.000290715
0.000327216
0.000812824
0.000910241
0.00067983
0.000325205
3.14511e-05
0.000120556
0.000127192
6.7228e-06
0.000560249
0.000582345
0.000662415
0.000641835
0.000290715
0.000327216
0.000812824
0.000910241
0.00067983
0.000325205
3.14511e-05
0.000120556
0.000127192
6.7228e-06
0.000560249
0.000582345
0.000662415
0.000641835
0.000290715
0.000327216
0.000812824
0.000910241
0.00067983
0.000325205
3.14511e-05
0.000120556
0.000127192
6.7228e-06
0.000560249
0.000582345
0.000662415
0.000641835
0.000290715
0.000327216
0.000812824
0.000910241
0.00067983
0.000325205
3.14511e-05
0.000120556
0.000127192
6.7228e-06
0.000560249
0.000582345
0.000662415
0.000641835
0.000290715
0.000327216
0.000812824
0.000910241
0.00067983
0.000325205
3.14511e-05
0.000120556
0.000127192
6.7228e-06
0.000560249
0.000582345
0.000662415
0.000641835
0.000290715
0.000327216
0.000812824
0.000910241
0.00067983
0.000325205
3.14511e-05
0.000120556
0.000127192
6.7228e-06
0.000560249
0.000582345
0.000662415
0.000641835
0.000290715
0.000327216
0.000812824
0.000910241
0.00067983
0.000325205
3.14511e-05
0.000120556
0.000127192
6.7228e-06
0.000560249
0.000582345
0.000662415
0.000641835
0.000290715
0.000327216
0.000812824
0.000910241
0.00067983
0.000325205
3.14511e-05
0.000120556
0.000127192
6.7228e-06
0.000560249
0.000582345
0.000662415
0.000641835
0.000290715
0.000327216
0.000812824
0.000910241
0.00067983
0.000325205
3.14511e-05
0.000120556
0.000127192
6.7228e-06
0.000560249
0.000582345
0.000662415
0.000641835
0.000290715
0.000327216
0.000812824
0.000910241
0.00067983
0.000325205
3.14511e-05
0.000120556
0.000127192
6.7228e-06
0.000560249
0.000582345
0.000662415
0.000641835
0.000290715
0.000327216
0.000812824
0.000910241
0.00067983
0.000325205
3.14511e-05
0.000120556
0.000127192
6.7228e-06
0.000560249
0.000582345
0.000662415
0.000641835
0.000290715
0.000327216
0.000812824
0.000910241
0.00067983
0.000325205
3.14511e-05
0.000120556
0.000127192
6.7228e-06
0.000560249
0.000582345
0.000662415
0.000641835
0.000290715
0.000327216
0.000812824
0.000910241
0.00067983
0.000325205
3.14511e-05
0.000120556
0.000127192
6.7228e-06
0.000560249
0.000582345
0.000662415
0.000641835
0.000290715
0.000327216
0.000812824
0.000910241
0.00067983
0.000325205
3.14511e-05
0.000120556
0.000127192
6.7228e-06
0.000560249
0.000582345
0.000662415
0.000641835
0.000290715
0.000327216
0.000812824
0.000910241
0.00067983
0.000325205
3.14511e-05
0.000120556
0.000127192
6.7228e-06
0.000560249
0.000582345
0.000662415
0.000641835
0.000290715
0.000327216
0.000812824
0.000910241
0.00067983
0.000325205
3.14511e-05
0.000120556
0.000127192
6.7228e-06
0.000560249
0.000582345
0.000662415
0.000641835
0.000290715
0.000327216
0.000812824
0.000910241
0.00067983
0.000325205
3.14511e-05
0.000120556
0.000127192
6.7228e-06
0.000560249
0.000582345
0.000662415
0.000641835
0.000290715
0.000327216
0.000812824
0.000910241
0.00067983
0.000325205
3.14511e-05
0.000120556
0.000127192
6.7228e-06
0.000560249
0.000582345
0.000662415
0.000641835
0.000290715
0.000327216
0.000812824
0.000910241
0.00067983
0.000325205
3.14511e-05
0.000120556
0.000127192
6.7228e-06
0.000560249
0.000582345
0.000662415
0.000641835
0.000290715
0.000327216
0.000812824
0.000910241
0.00067983
0.000325205
3.14511e-05
0.000120556
0.000127192
6.7228e-06
0.000560249
0.000582345
0.000662415
0.000641835
0.000290715
0.000327216
0.000812824
0.000910241
0.00067983
0.000325205
3.14511e-05
0.000120556
0.000127192
6.7228e-06
0.000560249
0.000582345
0.000662415
0.000641835
0.000290715
0.000327216
0.000812824
0.000910241
0.00067983
0.000325205
3.14511e-05
0.000120556
0.000127192
6.7228e-06
0.000560249
0.000582345
0.000662415
0.000641835
0.000290715
0.000327216
0.000812824
0.000910241
0.00067983
0.000325205
3.14511e-05
0.000120556
0.000127192
6.7228e-06
0.000560249
0.000582345
0.000662415
0.000641835
0.000290715
0.000327216
0.000812824
0.000910241
0.00067983
0.000325205
3.14511e-05
0.000120556
0.000127192
6.7228e-06
0.000560249
0.000582345
0.000662415
0.000641835
0.000290715
0.000327216
0.000812824
0.000910241
0.00067983
0.000325205
3.14511e-05
0.000120556
0.000127192
6.7228e-06
0.000560249
0.000582345
0.000662415
0.000641835
0.000290715
0.000327216
0.000812824
0.000910241
0.00067983
0.000325205
3.14511e-05
0.000120556
0.000127192
6.7228e-06
0.000560249
0.000582345
0.000662415
0.000641835
0.000290715
0.000327216
0.000812824
0.000910241
0.00067983
0.000325205
3.14511e-05
0.000120556
0.000127192
6.7228e-06
0.000560249
0.000582345
0.000662415
0.000641835
0.000290715
0.000327216
0.000812824
0.000910241
0.00067983
0.000325205
3.14511e-05
0.000120556
0.000127192
6.7228e-06
0.000560249
0.000582345
0.000662415
0.000641835
0.000290715
0.000327216
0.000812824
0.000910241
0.00067983
0.000325205
3.14511e-05
0.000120556
0.000127192
6.7228e-06
0.000560249
0.000582345
0.000662415
0.000641835
0.000290715
0.000327216
0.000812824
0.000910241
0.00067983
0.000325205
3.14511e-05
0.000120556
0.000127192
6.7228e-06
0.000560249
0.000582345
0.000662415
0.000641835
0.000290715
0.000327216
0.000812824
0.000910241
0.00067983
0.000325205
3.14511e-05
0.000120556
0.000127192
6.7228e-06
0.000560249
0.000582345
0.000662415
0.000641835
0.000290715
0.000327216
0.000812824
0.000910241
0.00067983
0.000325205
3.14511e-05
0.000120556
0.000127192
6.7228e-06
0.000280124
0.000290992
0.000328131
0.000306723
0.000114343
0.000203947
0.000441846
0.000477437
0.000349901
0.000165876
1.73695e-05
5.69859e-05
5.44617e-05
1.74059e-05
0.000280124
0.000290481
0.000227749
0.000264341
0.0015693
0.00363993
0.00572301
0.00661994
0.00521482
0.00154226
0.00266683
0.00489625
0.00300542
0.00375287
0.000280124
0.000270473
0.000185245
0.00011028
0.00072396
0.00154036
0.0022335
0.00251769
0.00223264
0.00136953
0.000194288
0.000724182
0.000732888
0.000601635
0.000280124
0.000278393
0.000245842
8.26545e-05
0.000304634
0.000827135
0.00123397
0.00135969
0.00118679
0.000783072
0.0002836
0.000111338
0.00016765
0.000291737
0.000280124
0.000284312
0.000285232
0.000192249
9.47881e-05
0.000507407
0.000819255
0.000892967
0.000746912
0.000472796
0.000179008
3.21992e-05
6.19479e-05
0.000164142
0.000280124
0.000287576
0.000306335
0.000249021
9.91021e-06
0.00035392
0.000626565
0.000679664
0.000543582
0.000318522
0.000103827
3.35189e-05
4.70486e-05
9.40607e-05
0.000280124
0.000289267
0.000317157
0.000277772
6.21652e-05
0.000278523
0.000533282
0.000577261
0.000445598
0.00024196
6.18472e-05
4.27028e-05
4.81097e-05
5.6628e-05
0.000280124
0.000290125
0.000322626
0.000292224
8.82645e-05
0.000241136
0.000487342
0.000527038
0.000397471
0.000203854
3.99021e-05
4.9233e-05
5.06423e-05
3.72477e-05
0.000280124
0.000290558
0.000325374
0.000299468
0.000101306
0.000222517
0.00046454
0.000502161
0.000373617
0.000184849
2.8707e-05
5.29598e-05
5.23934e-05
2.73852e-05
0.000280124
0.000290774
0.000326752
0.000303094
0.000107825
0.000213226
0.000453179
0.00048978
0.000361742
0.000175358
2.30558e-05
5.49358e-05
5.33882e-05
2.24103e-05
0.000280124
0.000290883
0.000327441
0.000304909
0.000111084
0.000208585
0.000447509
0.000483604
0.000355817
0.000170616
2.0217e-05
5.59516e-05
5.39152e-05
1.99118e-05
0.000280124
0.000290937
0.000327786
0.000305816
0.000112714
0.000206265
0.000444677
0.000480519
0.000352858
0.000168246
1.87943e-05
5.64664e-05
5.4186e-05
1.86597e-05
0.000280124
0.000290964
0.000327958
0.00030627
0.000113528
0.000205106
0.000443261
0.000478978
0.000351379
0.000167061
1.80822e-05
5.67256e-05
5.43233e-05
1.8033e-05
0.000280124
0.000290978
0.000328045
0.000306497
0.000113936
0.000204526
0.000442554
0.000478207
0.00035064
0.000166468
1.77259e-05
5.68556e-05
5.43923e-05
1.77195e-05
0.000280124
0.000290985
0.000328088
0.00030661
0.000114139
0.000204236
0.0004422
0.000477822
0.000350271
0.000166172
1.75477e-05
5.69207e-05
5.4427e-05
1.75627e-05
0.000280124
0.000290988
0.000328109
0.000306667
0.000114241
0.000204091
0.000442023
0.00047763
0.000350086
0.000166024
1.74586e-05
5.69533e-05
5.44444e-05
1.74843e-05
0.000280124
0.00029099
0.00032812
0.000306695
0.000114292
0.000204019
0.000441935
0.000477533
0.000349993
0.00016595
1.74141e-05
5.69695e-05
5.4453e-05
1.74451e-05
0.000280124
0.000290991
0.000328126
0.000306709
0.000114318
0.000203983
0.00044189
0.000477485
0.000349947
0.000165913
1.73918e-05
5.69777e-05
5.44574e-05
1.74255e-05
0.000280124
0.000290991
0.000328128
0.000306716
0.00011433
0.000203965
0.000441868
0.000477461
0.000349924
0.000165895
1.73807e-05
5.69818e-05
5.44596e-05
1.74157e-05
0.000280124
0.000290991
0.00032813
0.00030672
0.000114337
0.000203956
0.000441857
0.000477449
0.000349913
0.000165885
1.73751e-05
5.69838e-05
5.44606e-05
1.74108e-05
0.000280124
0.000290992
0.00032813
0.000306722
0.00011434
0.000203951
0.000441852
0.000477443
0.000349907
0.000165881
1.73723e-05
5.69848e-05
5.44612e-05
1.74083e-05
0.000280124
0.000290992
0.000328131
0.000306723
0.000114341
0.000203949
0.000441849
0.00047744
0.000349904
0.000165878
1.73709e-05
5.69853e-05
5.44615e-05
1.74071e-05
0.000280124
0.000290992
0.000328131
0.000306723
0.000114342
0.000203948
0.000441848
0.000477438
0.000349902
0.000165877
1.73702e-05
5.69856e-05
5.44616e-05
1.74065e-05
0.000280124
0.000290992
0.000328131
0.000306723
0.000114343
0.000203947
0.000441847
0.000477438
0.000349902
0.000165877
1.73699e-05
5.69857e-05
5.44617e-05
1.74062e-05
0.000280124
0.000290992
0.000328131
0.000306723
0.000114343
0.000203947
0.000441847
0.000477437
0.000349901
0.000165876
1.73697e-05
5.69858e-05
5.44617e-05
1.7406e-05
0.000280124
0.000290992
0.000328131
0.000306723
0.000114343
0.000203947
0.000441846
0.000477437
0.000349901
0.000165876
1.73696e-05
5.69858e-05
5.44617e-05
1.7406e-05
0.000280124
0.000290992
0.000328131
0.000306723
0.000114343
0.000203947
0.000441846
0.000477437
0.000349901
0.000165876
1.73696e-05
5.69858e-05
5.44617e-05
1.74059e-05
0.000280124
0.000290992
0.000328131
0.000306723
0.000114343
0.000203947
0.000441846
0.000477437
0.000349901
0.000165876
1.73695e-05
5.69858e-05
5.44617e-05
1.74059e-05
0.000280124
0.000290992
0.000328131
0.000306723
0.000114343
0.000203947
0.000441846
0.000477437
0.000349901
0.000165876
1.73695e-05
5.69858e-05
5.44617e-05
1.74059e-05
0.000280124
0.000290992
0.000328131
0.000306723
0.000114343
0.000203947
0.000441846
0.000477437
0.000349901
0.000165876
1.73695e-05
5.69858e-05
5.44617e-05
1.74059e-05
0.000280124
0.000290992
0.000328131
0.000306723
0.000114343
0.000203947
0.000441846
0.000477437
0.000349901
0.000165876
1.73695e-05
5.69858e-05
5.44617e-05
1.74059e-05
0.000280124
0.000290992
0.000328131
0.000306723
0.000114343
0.000203947
0.000441846
0.000477437
0.000349901
0.000165876
1.73695e-05
5.69858e-05
5.44617e-05
1.74059e-05
0.000280124
0.000290992
0.000328131
0.000306723
0.000114343
0.000203947
0.000441846
0.000477437
0.000349901
0.000165876
1.73695e-05
5.69858e-05
5.44617e-05
1.74059e-05
0.000280124
0.000290992
0.000328131
0.000306723
0.000114343
0.000203947
0.000441846
0.000477437
0.000349901
0.000165876
1.73695e-05
5.69859e-05
5.44617e-05
1.74059e-05
0.000280124
0.000290992
0.000328131
0.000306723
0.000114343
0.000203947
0.000441846
0.000477437
0.000349901
0.000165876
1.73695e-05
5.69859e-05
5.44617e-05
1.74059e-05
0.000280124
0.000290992
0.000328131
0.000306723
0.000114343
0.000203947
0.000441846
0.000477437
0.000349901
0.000165876
1.73695e-05
5.69859e-05
5.44617e-05
1.74059e-05
0.000280124
0.000290992
0.000328131
0.000306723
0.000114343
0.000203947
0.000441846
0.000477437
0.000349901
0.000165876
1.73695e-05
5.69859e-05
5.44617e-05
1.74059e-05
0.000280124
0.000290992
0.000328131
0.000306723
0.000114343
0.000203947
0.000441846
0.000477437
0.000349901
0.000165876
1.73695e-05
5.69859e-05
5.44617e-05
1.74059e-05
0.000280124
0.000290992
0.000328131
0.000306723
0.000114343
0.000203947
0.000441846
0.000477437
0.000349901
0.000165876
1.73695e-05
5.69859e-05
5.44617e-05
1.74059e-05
0.000280124
0.000290992
0.000328131
0.000306723
0.000114343
0.000203947
0.000441846
0.000477437
0.000349901
0.000165876
1.73695e-05
5.69859e-05
5.44617e-05
1.74059e-05
0.000280124
0.000290992
0.000328131
0.000306723
0.000114343
0.000203947
0.000441846
0.000477437
0.000349901
0.000165876
1.73695e-05
5.69859e-05
5.44617e-05
1.74059e-05
0.000280124
0.000290992
0.000328131
0.000306723
0.000114343
0.000203947
0.000441846
0.000477437
0.000349901
0.000165876
1.73695e-05
5.69859e-05
5.44617e-05
1.74059e-05
0.000280124
0.000290992
0.000328131
0.000306723
0.000114343
0.000203947
0.000441846
0.000477437
0.000349901
0.000165876
1.73695e-05
5.69859e-05
5.44617e-05
1.74059e-05
0.000280124
0.000290992
0.000328131
0.000306723
0.000114343
0.000203947
0.000441846
0.000477437
0.000349901
0.000165876
1.73695e-05
5.69859e-05
5.44617e-05
1.74059e-05
0.000280124
0.000290992
0.000328131
0.000306723
0.000114343
0.000203947
0.000441846
0.000477437
0.000349901
0.000165876
1.73695e-05
5.69859e-05
5.44617e-05
1.74059e-05
0.000280124
0.000290992
0.000328131
0.000306723
0.000114343
0.000203947
0.000441846
0.000477437
0.000349901
0.000165876
1.73695e-05
5.69859e-05
5.44617e-05
1.74059e-05
0.000280124
0.000290992
0.000328131
0.000306723
0.000114343
0.000203947
0.000441846
0.000477437
0.000349901
0.000165876
1.73695e-05
5.69859e-05
5.44617e-05
1.74059e-05
0.000280124
0.000290992
0.000328131
0.000306723
0.000114343
0.000203947
0.000441846
0.000477437
0.000349901
0.000165876
1.73695e-05
5.69859e-05
5.44617e-05
1.74059e-05
0.000280124
0.000290992
0.000328131
0.000306723
0.000114343
0.000203947
0.000441846
0.000477437
0.000349901
0.000165876
1.73695e-05
5.69859e-05
5.44617e-05
1.74059e-05
0.000280124
0.000290992
0.000328131
0.000306723
0.000114343
0.000203947
0.000441846
0.000477437
0.000349901
0.000165876
1.73695e-05
5.69859e-05
5.44617e-05
1.74059e-05
0.000280124
0.000290992
0.000328131
0.000306723
0.000114343
0.000203947
0.000441846
0.000477437
0.000349901
0.000165876
1.73695e-05
5.69859e-05
5.44617e-05
1.74059e-05
0.000280124
0.000290992
0.000328131
0.000306723
0.000114343
0.000203947
0.000441846
0.000477437
0.000349901
0.000165876
1.73695e-05
5.69859e-05
5.44617e-05
1.74059e-05
0.000280124
0.000290992
0.000328131
0.000306723
0.000114343
0.000203947
0.000441846
0.000477437
0.000349901
0.000165876
1.73695e-05
5.69859e-05
5.44617e-05
1.74059e-05
0.000280124
0.000290992
0.000328131
0.000306723
0.000114343
0.000203947
0.000441846
0.000477437
0.000349901
0.000165876
1.73695e-05
5.69859e-05
5.44617e-05
1.74059e-05
0.000280124
0.000290992
0.000328131
0.000306723
0.000114343
0.000203947
0.000441846
0.000477437
0.000349901
0.000165876
1.73695e-05
5.69859e-05
5.44617e-05
1.74059e-05
0.000280124
0.000290992
0.000328131
0.000306723
0.000114343
0.000203947
0.000441846
0.000477437
0.000349901
0.000165876
1.73695e-05
5.69859e-05
5.44617e-05
1.74059e-05
0.000280124
0.000290992
0.000328131
0.000306723
0.000114343
0.000203947
0.000441846
0.000477437
0.000349901
0.000165876
1.73695e-05
5.69859e-05
5.44617e-05
1.74059e-05
0.000280124
0.000290992
0.000328131
0.000306723
0.000114343
0.000203947
0.000441846
0.000477437
0.000349901
0.000165876
1.73695e-05
5.69859e-05
5.44617e-05
1.74059e-05
0.000280124
0.000290992
0.000328131
0.000306723
0.000114343
0.000203947
0.000441846
0.000477437
0.000349901
0.000165876
1.73695e-05
5.69859e-05
5.44617e-05
1.74059e-05
0.000280124
0.000290992
0.000328131
0.000306723
0.000114343
0.000203947
0.000441846
0.000477437
0.000349901
0.000165876
1.73695e-05
5.69859e-05
5.44617e-05
1.74059e-05
0.000280124
0.000290992
0.000328131
0.000306723
0.000114343
0.000203947
0.000441846
0.000477437
0.000349901
0.000165876
1.73695e-05
5.69859e-05
5.44617e-05
1.74059e-05
0.000280124
0.000290992
0.000328131
0.000306723
0.000114343
0.000203947
0.000441846
0.000477437
0.000349901
0.000165876
1.73695e-05
5.69859e-05
5.44617e-05
1.74059e-05
0.000280124
0.000290992
0.000328131
0.000306723
0.000114343
0.000203947
0.000441846
0.000477437
0.000349901
0.000165876
1.73695e-05
5.69859e-05
5.44617e-05
1.74059e-05
0.000280124
0.000290992
0.000328131
0.000306723
0.000114343
0.000203947
0.000441846
0.000477437
0.000349901
0.000165876
1.73695e-05
5.69859e-05
5.44617e-05
1.74059e-05
0.000280124
0.000290992
0.000328131
0.000306723
0.000114343
0.000203947
0.000441846
0.000477437
0.000349901
0.000165876
1.73695e-05
5.69859e-05
5.44617e-05
1.74059e-05
0.000280124
0.000290992
0.000328131
0.000306723
0.000114343
0.000203947
0.000441846
0.000477437
0.000349901
0.000165876
1.73695e-05
5.69859e-05
5.44617e-05
1.74059e-05
0.000280124
0.000290992
0.000328131
0.000306723
0.000114343
0.000203947
0.000441846
0.000477437
0.000349901
0.000165876
1.73695e-05
5.69859e-05
5.44617e-05
1.74059e-05
0.000280124
0.000290992
0.000328131
0.000306723
0.000114343
0.000203947
0.000441846
0.000477437
0.000349901
0.000165876
1.73695e-05
5.69859e-05
5.44617e-05
1.74059e-05
0.000280124
0.000290992
0.000328131
0.000306723
0.000114343
0.000203947
0.000441846
0.000477437
0.000349901
0.000165876
1.73695e-05
5.69859e-05
5.44617e-05
1.74059e-05
0.000280124
0.000290992
0.000328131
0.000306723
0.000114343
0.000203947
0.000441846
0.000477437
0.000349901
0.000165876
1.73695e-05
5.69859e-05
5.44617e-05
1.74059e-05
0.000280124
0.000290992
0.000328131
0.000306723
0.000114343
0.000203947
0.000441846
0.000477437
0.000349901
0.000165876
1.73695e-05
5.69859e-05
5.44617e-05
1.74059e-05
0.000280124
0.000290992
0.000328131
0.000306723
0.000114343
0.000203947
0.000441846
0.000477437
0.000349901
0.000165876
1.73695e-05
5.69859e-05
5.44617e-05
1.74059e-05
0.000280124
0.000290992
0.000328131
0.000306723
0.000114343
0.000203947
0.000441846
0.000477437
0.000349901
0.000165876
1.73695e-05
5.69859e-05
5.44617e-05
1.74059e-05
0.000280124
0.000290992
0.000328131
0.000306723
0.000114343
0.000203947
0.000441846
0.000477437
0.000349901
0.000165876
1.73695e-05
5.69859e-05
5.44617e-05
1.74059e-05
0.000280124
0.000290992
0.000328131
0.000306723
0.000114343
0.000203947
0.000441846
0.000477437
0.000349901
0.000165876
1.73695e-05
5.69859e-05
5.44617e-05
1.74059e-05
0.000280124
0.000290992
0.000328131
0.000306723
0.000114343
0.000203947
0.000441846
0.000477437
0.000349901
0.000165876
1.73695e-05
5.69859e-05
5.44617e-05
1.74059e-05
0.000280124
0.000290992
0.000328131
0.000306723
0.000114343
0.000203947
0.000441846
0.000477437
0.000349901
0.000165876
1.73695e-05
5.69859e-05
5.44617e-05
1.74059e-05
0.000280124
0.000290992
0.000328131
0.000306723
0.000114343
0.000203947
0.000441846
0.000477437
0.000349901
0.000165876
1.73695e-05
5.69859e-05
5.44617e-05
1.74059e-05
0.000280124
0.000290992
0.000328131
0.000306723
0.000114343
0.000203947
0.000441846
0.000477437
0.000349901
0.000165876
1.73695e-05
5.69859e-05
5.44617e-05
1.74059e-05
0.000280124
0.000290992
0.000328131
0.000306723
0.000114343
0.000203947
0.000441846
0.000477437
0.000349901
0.000165876
1.73695e-05
5.69859e-05
5.44617e-05
1.74059e-05
0.000280124
0.000290992
0.000328131
0.000306723
0.000114343
0.000203947
0.000441846
0.000477437
0.000349901
0.000165876
1.73695e-05
5.69859e-05
5.44617e-05
1.74059e-05
0.000280124
0.000290992
0.000328131
0.000306723
0.000114343
0.000203947
0.000441846
0.000477437
0.000349901
0.000165876
1.73695e-05
5.69859e-05
5.44617e-05
1.74059e-05
0.000280124
0.000290992
0.000328131
0.000306723
0.000114343
0.000203947
0.000441846
0.000477437
0.000349901
0.000165876
1.73695e-05
5.69859e-05
5.44617e-05
1.74059e-05
0.000280124
0.000290992
0.000328131
0.000306723
0.000114343
0.000203947
0.000441846
0.000477437
0.000349901
0.000165876
1.73695e-05
5.69859e-05
5.44617e-05
1.74059e-05
0.000280124
0.000290992
0.000328131
0.000306723
0.000114343
0.000203947
0.000441846
0.000477437
0.000349901
0.000165876
1.73695e-05
5.69859e-05
5.44617e-05
1.74059e-05
0.000280124
0.000290992
0.000328131
0.000306723
0.000114343
0.000203947
0.000441846
0.000477437
0.000349901
0.000165876
1.73695e-05
5.69859e-05
5.44617e-05
1.74059e-05
0.000280124
0.000290992
0.000328131
0.000306723
0.000114343
0.000203947
0.000441846
0.000477437
0.000349901
0.000165876
1.73695e-05
5.69859e-05
5.44617e-05
1.74059e-05
0.000280124
0.000290992
0.000328131
0.000306723
0.000114343
0.000203947
0.000441846
0.000477437
0.000349901
0.000165876
1.73695e-05
5.69859e-05
5.44617e-05
1.74059e-05
0.000280124
0.000290992
0.000328131
0.000306723
0.000114343
0.000203947
0.000441846
0.000477437
0.000349901
0.000165876
1.73695e-05
5.69859e-05
5.44617e-05
1.74059e-05
0.000280124
0.000290992
0.000328131
0.000306723
0.000114343
0.000203947
0.000441846
0.000477437
0.000349901
0.000165876
1.73695e-05
5.69859e-05
5.44617e-05
1.74059e-05
0.000280124
0.000290992
0.000328131
0.000306723
0.000114343
0.000203947
0.000441846
0.000477437
0.000349901
0.000165876
1.73695e-05
5.69859e-05
5.44617e-05
1.74059e-05
0.000280124
0.000290992
0.000328131
0.000306723
0.000114343
0.000203947
0.000441846
0.000477437
0.000349901
0.000165876
1.73695e-05
5.69859e-05
5.44617e-05
1.74059e-05
0.000280124
0.000290992
0.000328131
0.000306723
0.000114343
0.000203947
0.000441846
0.000477437
0.000349901
0.000165876
1.73695e-05
5.69859e-05
5.44617e-05
1.74059e-05
0.000280124
0.000290992
0.000328131
0.000306723
0.000114343
0.000203947
0.000441846
0.000477437
0.000349901
0.000165876
1.73695e-05
5.69859e-05
5.44617e-05
1.74059e-05
0.000280124
0.000290992
0.000328131
0.000306723
0.000114343
0.000203947
0.000441846
0.000477437
0.000349901
0.000165876
1.73695e-05
5.69859e-05
5.44617e-05
1.74059e-05
0.000280124
0.000290992
0.000328131
0.000306723
0.000114343
0.000203947
0.000441846
0.000477437
0.000349901
0.000165876
1.73695e-05
5.69859e-05
5.44617e-05
1.74059e-05
0.000280124
0.000290992
0.000328131
0.000306723
0.000114343
0.000203947
0.000441846
0.000477437
0.000349901
0.000165876
1.73695e-05
5.69859e-05
5.44617e-05
1.74059e-05
0.000280124
0.000290992
0.000328131
0.000306723
0.000114343
0.000203947
0.000441846
0.000477437
0.000349901
0.000165876
1.73695e-05
5.69859e-05
5.44617e-05
1.74059e-05
0.000280124
0.000290992
0.000328131
0.000306723
0.000114343
0.000203947
0.000441846
0.000477437
0.000349901
0.000165876
1.73695e-05
5.69859e-05
5.44617e-05
1.74059e-05
0.000280124
0.000290992
0.000328131
0.000306723
0.000114343
0.000203947
0.000441846
0.000477437
0.000349901
0.000165876
1.73695e-05
5.69859e-05
5.44617e-05
1.74059e-05
0.000280124
0.000290992
0.000328131
0.000306723
0.000114343
0.000203947
0.000441846
0.000477437
0.000349901
0.000165876
1.73695e-05
5.69859e-05
5.44617e-05
1.74059e-05
0.000280124
0.000290992
0.000328131
0.000306723
0.000114343
0.000203947
0.000441846
0.000477437
0.000349901
0.000165876
1.73695e-05
5.69859e-05
5.44617e-05
1.74059e-05
0.000280124
0.000290992
0.000328131
0.000306723
0.000114343
0.000203947
0.000441846
0.000477437
0.000349901
0.000165876
1.73695e-05
5.69859e-05
5.44617e-05
1.74059e-05
0.000280124
0.000290992
0.000328131
0.000306723
0.000114343
0.000203947
0.000441846
0.000477437
0.000349901
0.000165876
1.73695e-05
5.69859e-05
5.44617e-05
1.74059e-05
0.000280124
0.000290992
0.000328131
0.000306723
0.000114343
0.000203947
0.000441846
0.000477437
0.000349901
0.000165876
1.73695e-05
5.69859e-05
5.44617e-05
1.74059e-05
0.000280124
0.000290992
0.000328131
0.000306723
0.000114343
0.000203947
0.000441846
0.000477437
0.000349901
0.000165876
1.73695e-05
5.69859e-05
5.44617e-05
1.74059e-05
0.000280124
0.000290992
0.000328131
0.000306723
0.000114343
0.000203947
0.000441846
0.000477437
0.000349901
0.000165876
1.73695e-05
5.69859e-05
5.44617e-05
1.74059e-05
0.000280124
0.000290992
0.000328131
0.000306723
0.000114343
0.000203947
0.000441846
0.000477437
0.000349901
0.000165876
1.73695e-05
5.69859e-05
5.44617e-05
1.74059e-05
0.000280124
0.000290992
0.000328131
0.000306723
0.000114343
0.000203947
0.000441846
0.000477437
0.000349901
0.000165876
1.73695e-05
5.69859e-05
5.44617e-05
1.74059e-05
0.000280124
0.000290992
0.000328131
0.000306723
0.000114343
0.000203947
0.000441846
0.000477437
0.000349901
0.000165876
1.73695e-05
5.69859e-05
5.44617e-05
1.74059e-05
0.000280124
0.000290992
0.000328131
0.000306723
0.000114343
0.000203947
0.000441846
0.000477437
0.000349901
0.000165876
1.73695e-05
5.69859e-05
5.44617e-05
1.74059e-05
0.000280124
0.000290992
0.000328131
0.000306723
0.000114343
0.000203947
0.000441846
0.000477437
0.000349901
0.000165876
1.73695e-05
5.69859e-05
5.44617e-05
1.74059e-05
0.000280124
0.000290992
0.000328131
0.000306723
0.000114343
0.000203947
0.000441846
0.000477437
0.000349901
0.000165876
1.73695e-05
5.69859e-05
5.44617e-05
1.74059e-05
0.000280124
0.000290992
0.000328131
0.000306723
0.000114343
0.000203947
0.000441846
0.000477437
0.000349901
0.000165876
1.73695e-05
5.69859e-05
5.44617e-05
1.74059e-05
0.000280124
0.000290992
0.000328131
0.000306723
0.000114343
0.000203947
0.000441846
0.000477437
0.000349901
0.000165876
1.73695e-05
5.69859e-05
5.44617e-05
1.74059e-05
0.000280124
0.000290992
0.000328131
0.000306723
0.000114343
0.000203947
0.000441846
0.000477437
0.000349901
0.000165876
1.73695e-05
5.69859e-05
5.44617e-05
1.74059e-05
0.000280124
0.000290992
0.000328131
0.000306723
0.000114343
0.000203947
0.000441846
0.000477437
0.000349901
0.000165876
1.73695e-05
5.69859e-05
5.44617e-05
1.74059e-05
0.000280124
0.000290992
0.000328131
0.000306723
0.000114343
0.000203947
0.000441846
0.000477437
0.000349901
0.000165876
1.73695e-05
5.69859e-05
5.44617e-05
1.74059e-05
0.000280124
0.000290992
0.000328131
0.000306723
0.000114343
0.000203947
0.000441846
0.000477437
0.000349901
0.000165876
1.73695e-05
5.69859e-05
5.44617e-05
1.74059e-05
0.000280124
0.000290992
0.000328131
0.000306723
0.000114343
0.000203947
0.000441846
0.000477437
0.000349901
0.000165876
1.73695e-05
5.69859e-05
5.44617e-05
1.74059e-05
0.000280124
0.000290992
0.000328131
0.000306723
0.000114343
0.000203947
0.000441846
0.000477437
0.000349901
0.000165876
1.73695e-05
5.69859e-05
5.44617e-05
1.74059e-05
0.00018675
0.000193995
0.000218755
0.000204485
7.62314e-05
0.000135969
0.000294578
0.000318311
0.000233282
0.000110589
1.15739e-05
3.80098e-05
3.63518e-05
1.15237e-05
0.00018675
0.00019165
0.000139691
0.000206363
0.00109627
0.00248914
0.00387414
0.00444923
0.00347917
0.00100779
0.00179702
0.00325737
0.00195587
0.00259469
0.00018675
0.000179501
0.000118602
8.55142e-05
0.000502156
0.00105093
0.00151277
0.00169781
0.0015008
0.000918499
0.000131405
0.000479272
0.00047878
0.000419646
0.00018675
0.000185226
0.000161669
4.96419e-05
0.000212001
0.000562495
0.000833882
0.000916186
0.00079839
0.000526581
0.00019183
7.16026e-05
0.000107656
0.000201113
0.00018675
0.000189365
0.000189092
0.000125553
6.74706e-05
0.000343625
0.000551672
0.000600186
0.000501713
0.000317769
0.000121051
1.99599e-05
3.93265e-05
0.000112313
0.00018675
0.000191631
0.000203704
0.000164736
4.50963e-06
0.000238584
0.000420441
0.000455557
0.000364315
0.000213699
7.01422e-05
2.15555e-05
3.04079e-05
6.40359e-05
0.00018675
0.000192802
0.000211182
0.00018455
4.04061e-05
0.000186993
0.000356888
0.000386075
0.000298044
0.000161999
4.17072e-05
2.80717e-05
3.1617e-05
3.83603e-05
0.00018675
0.000193396
0.000214957
0.000194504
5.8328e-05
0.000161412
0.000325584
0.000351985
0.00026548
0.000136255
2.68403e-05
3.26305e-05
3.35556e-05
2.50921e-05
0.00018675
0.000193695
0.000216853
0.000199491
6.72821e-05
0.000148674
0.000310044
0.000335097
0.000249336
0.000123412
1.92555e-05
3.52197e-05
3.4848e-05
1.8346e-05
0.00018675
0.000193844
0.000217803
0.000201987
7.17574e-05
0.000142317
0.000302302
0.000326691
0.000241298
0.000116998
1.54267e-05
3.65899e-05
3.55737e-05
1.49444e-05
0.00018675
0.000193919
0.000218279
0.000203236
7.39945e-05
0.000139142
0.000298438
0.000322498
0.000237287
0.000113793
1.35033e-05
3.72936e-05
3.59562e-05
1.32365e-05
0.00018675
0.000193957
0.000218517
0.000203861
7.5113e-05
0.000137555
0.000296508
0.000320403
0.000235284
0.000112191
1.25393e-05
3.76502e-05
3.61524e-05
1.23807e-05
0.00018675
0.000193976
0.000218636
0.000204173
7.56722e-05
0.000136762
0.000295543
0.000319357
0.000234283
0.00011139
1.20568e-05
3.78296e-05
3.62517e-05
1.19524e-05
0.00018675
0.000193985
0.000218695
0.000204329
7.59518e-05
0.000136365
0.000295061
0.000318834
0.000233783
0.000110989
1.18154e-05
3.79196e-05
3.63017e-05
1.17381e-05
0.00018675
0.00019399
0.000218725
0.000204407
7.60916e-05
0.000136167
0.00029482
0.000318572
0.000233532
0.000110789
1.16947e-05
3.79646e-05
3.63267e-05
1.16309e-05
0.00018675
0.000193992
0.00021874
0.000204446
7.61615e-05
0.000136068
0.000294699
0.000318441
0.000233407
0.000110689
1.16343e-05
3.79872e-05
3.63393e-05
1.15773e-05
0.00018675
0.000193993
0.000218747
0.000204466
7.61965e-05
0.000136018
0.000294639
0.000318376
0.000233345
0.000110639
1.16041e-05
3.79985e-05
3.63456e-05
1.15505e-05
0.00018675
0.000193994
0.000218751
0.000204475
7.62139e-05
0.000135993
0.000294609
0.000318343
0.000233313
0.000110614
1.1589e-05
3.80041e-05
3.63487e-05
1.15371e-05
0.00018675
0.000193994
0.000218753
0.00020448
7.62227e-05
0.000135981
0.000294594
0.000318327
0.000233298
0.000110601
1.15815e-05
3.80069e-05
3.63503e-05
1.15304e-05
0.00018675
0.000193994
0.000218754
0.000204483
7.6227e-05
0.000135975
0.000294586
0.000318319
0.00023329
0.000110595
1.15777e-05
3.80083e-05
3.63511e-05
1.15271e-05
0.00018675
0.000193994
0.000218754
0.000204484
7.62292e-05
0.000135972
0.000294582
0.000318315
0.000233286
0.000110592
1.15758e-05
3.8009e-05
3.63514e-05
1.15254e-05
0.00018675
0.000193994
0.000218755
0.000204485
7.62303e-05
0.00013597
0.00029458
0.000318313
0.000233284
0.00011059
1.15749e-05
3.80094e-05
3.63516e-05
1.15246e-05
0.00018675
0.000193995
0.000218755
0.000204485
7.62309e-05
0.000135969
0.000294579
0.000318312
0.000233283
0.00011059
1.15744e-05
3.80096e-05
3.63517e-05
1.15242e-05
0.00018675
0.000193995
0.000218755
0.000204485
7.62311e-05
0.000135969
0.000294579
0.000318311
0.000233283
0.000110589
1.15742e-05
3.80097e-05
3.63518e-05
1.15239e-05
0.00018675
0.000193995
0.000218755
0.000204485
7.62313e-05
0.000135969
0.000294579
0.000318311
0.000233282
0.000110589
1.15741e-05
3.80097e-05
3.63518e-05
1.15238e-05
0.00018675
0.000193995
0.000218755
0.000204485
7.62313e-05
0.000135969
0.000294579
0.000318311
0.000233282
0.000110589
1.1574e-05
3.80097e-05
3.63518e-05
1.15238e-05
0.00018675
0.000193995
0.000218755
0.000204485
7.62314e-05
0.000135969
0.000294579
0.000318311
0.000233282
0.000110589
1.1574e-05
3.80097e-05
3.63518e-05
1.15238e-05
0.00018675
0.000193995
0.000218755
0.000204485
7.62314e-05
0.000135969
0.000294578
0.000318311
0.000233282
0.000110589
1.1574e-05
3.80097e-05
3.63518e-05
1.15237e-05
0.00018675
0.000193995
0.000218755
0.000204485
7.62314e-05
0.000135969
0.000294578
0.000318311
0.000233282
0.000110589
1.15739e-05
3.80097e-05
3.63518e-05
1.15237e-05
0.00018675
0.000193995
0.000218755
0.000204485
7.62314e-05
0.000135969
0.000294578
0.000318311
0.000233282
0.000110589
1.15739e-05
3.80098e-05
3.63518e-05
1.15237e-05
0.00018675
0.000193995
0.000218755
0.000204485
7.62314e-05
0.000135969
0.000294578
0.000318311
0.000233282
0.000110589
1.15739e-05
3.80098e-05
3.63518e-05
1.15237e-05
0.00018675
0.000193995
0.000218755
0.000204485
7.62314e-05
0.000135969
0.000294578
0.000318311
0.000233282
0.000110589
1.15739e-05
3.80098e-05
3.63518e-05
1.15237e-05
0.00018675
0.000193995
0.000218755
0.000204485
7.62314e-05
0.000135969
0.000294578
0.000318311
0.000233282
0.000110589
1.15739e-05
3.80098e-05
3.63518e-05
1.15237e-05
0.00018675
0.000193995
0.000218755
0.000204485
7.62314e-05
0.000135969
0.000294578
0.000318311
0.000233282
0.000110589
1.15739e-05
3.80098e-05
3.63518e-05
1.15237e-05
0.00018675
0.000193995
0.000218755
0.000204485
7.62314e-05
0.000135969
0.000294578
0.000318311
0.000233282
0.000110589
1.15739e-05
3.80098e-05
3.63518e-05
1.15237e-05
0.00018675
0.000193995
0.000218755
0.000204485
7.62314e-05
0.000135969
0.000294578
0.000318311
0.000233282
0.000110589
1.15739e-05
3.80098e-05
3.63518e-05
1.15237e-05
0.00018675
0.000193995
0.000218755
0.000204485
7.62314e-05
0.000135969
0.000294578
0.000318311
0.000233282
0.000110589
1.15739e-05
3.80098e-05
3.63518e-05
1.15237e-05
0.00018675
0.000193995
0.000218755
0.000204485
7.62314e-05
0.000135969
0.000294578
0.000318311
0.000233282
0.000110589
1.15739e-05
3.80098e-05
3.63518e-05
1.15237e-05
0.00018675
0.000193995
0.000218755
0.000204485
7.62314e-05
0.000135969
0.000294578
0.000318311
0.000233282
0.000110589
1.15739e-05
3.80098e-05
3.63518e-05
1.15237e-05
0.00018675
0.000193995
0.000218755
0.000204485
7.62314e-05
0.000135969
0.000294578
0.000318311
0.000233282
0.000110589
1.15739e-05
3.80098e-05
3.63518e-05
1.15237e-05
0.00018675
0.000193995
0.000218755
0.000204485
7.62314e-05
0.000135969
0.000294578
0.000318311
0.000233282
0.000110589
1.15739e-05
3.80098e-05
3.63518e-05
1.15237e-05
0.00018675
0.000193995
0.000218755
0.000204485
7.62314e-05
0.000135969
0.000294578
0.000318311
0.000233282
0.000110589
1.15739e-05
3.80098e-05
3.63518e-05
1.15237e-05
0.00018675
0.000193995
0.000218755
0.000204485
7.62314e-05
0.000135969
0.000294578
0.000318311
0.000233282
0.000110589
1.15739e-05
3.80098e-05
3.63518e-05
1.15237e-05
0.00018675
0.000193995
0.000218755
0.000204485
7.62314e-05
0.000135969
0.000294578
0.000318311
0.000233282
0.000110589
1.15739e-05
3.80098e-05
3.63518e-05
1.15237e-05
0.00018675
0.000193995
0.000218755
0.000204485
7.62314e-05
0.000135969
0.000294578
0.000318311
0.000233282
0.000110589
1.15739e-05
3.80098e-05
3.63518e-05
1.15237e-05
0.00018675
0.000193995
0.000218755
0.000204485
7.62314e-05
0.000135969
0.000294578
0.000318311
0.000233282
0.000110589
1.15739e-05
3.80098e-05
3.63518e-05
1.15237e-05
0.00018675
0.000193995
0.000218755
0.000204485
7.62314e-05
0.000135969
0.000294578
0.000318311
0.000233282
0.000110589
1.15739e-05
3.80098e-05
3.63518e-05
1.15237e-05
0.00018675
0.000193995
0.000218755
0.000204485
7.62314e-05
0.000135969
0.000294578
0.000318311
0.000233282
0.000110589
1.15739e-05
3.80098e-05
3.63518e-05
1.15237e-05
0.00018675
0.000193995
0.000218755
0.000204485
7.62314e-05
0.000135969
0.000294578
0.000318311
0.000233282
0.000110589
1.15739e-05
3.80098e-05
3.63518e-05
1.15237e-05
0.00018675
0.000193995
0.000218755
0.000204485
7.62314e-05
0.000135969
0.000294578
0.000318311
0.000233282
0.000110589
1.15739e-05
3.80098e-05
3.63518e-05
1.15237e-05
0.00018675
0.000193995
0.000218755
0.000204485
7.62314e-05
0.000135969
0.000294578
0.000318311
0.000233282
0.000110589
1.15739e-05
3.80098e-05
3.63518e-05
1.15237e-05
0.00018675
0.000193995
0.000218755
0.000204485
7.62314e-05
0.000135969
0.000294578
0.000318311
0.000233282
0.000110589
1.15739e-05
3.80098e-05
3.63518e-05
1.15237e-05
0.00018675
0.000193995
0.000218755
0.000204485
7.62314e-05
0.000135969
0.000294578
0.000318311
0.000233282
0.000110589
1.15739e-05
3.80098e-05
3.63518e-05
1.15237e-05
0.00018675
0.000193995
0.000218755
0.000204485
7.62314e-05
0.000135969
0.000294578
0.000318311
0.000233282
0.000110589
1.15739e-05
3.80098e-05
3.63518e-05
1.15237e-05
0.00018675
0.000193995
0.000218755
0.000204485
7.62314e-05
0.000135969
0.000294578
0.000318311
0.000233282
0.000110589
1.15739e-05
3.80098e-05
3.63518e-05
1.15237e-05
0.00018675
0.000193995
0.000218755
0.000204485
7.62314e-05
0.000135969
0.000294578
0.000318311
0.000233282
0.000110589
1.15739e-05
3.80098e-05
3.63518e-05
1.15237e-05
0.00018675
0.000193995
0.000218755
0.000204485
7.62314e-05
0.000135969
0.000294578
0.000318311
0.000233282
0.000110589
1.15739e-05
3.80098e-05
3.63518e-05
1.15237e-05
0.00018675
0.000193995
0.000218755
0.000204485
7.62314e-05
0.000135969
0.000294578
0.000318311
0.000233282
0.000110589
1.15739e-05
3.80098e-05
3.63518e-05
1.15237e-05
0.00018675
0.000193995
0.000218755
0.000204485
7.62314e-05
0.000135969
0.000294578
0.000318311
0.000233282
0.000110589
1.15739e-05
3.80098e-05
3.63518e-05
1.15237e-05
0.00018675
0.000193995
0.000218755
0.000204485
7.62314e-05
0.000135969
0.000294578
0.000318311
0.000233282
0.000110589
1.15739e-05
3.80098e-05
3.63518e-05
1.15237e-05
0.00018675
0.000193995
0.000218755
0.000204485
7.62314e-05
0.000135969
0.000294578
0.000318311
0.000233282
0.000110589
1.15739e-05
3.80098e-05
3.63518e-05
1.15237e-05
0.00018675
0.000193995
0.000218755
0.000204485
7.62314e-05
0.000135969
0.000294578
0.000318311
0.000233282
0.000110589
1.15739e-05
3.80098e-05
3.63518e-05
1.15237e-05
0.00018675
0.000193995
0.000218755
0.000204485
7.62314e-05
0.000135969
0.000294578
0.000318311
0.000233282
0.000110589
1.15739e-05
3.80098e-05
3.63518e-05
1.15237e-05
0.00018675
0.000193995
0.000218755
0.000204485
7.62314e-05
0.000135969
0.000294578
0.000318311
0.000233282
0.000110589
1.15739e-05
3.80098e-05
3.63518e-05
1.15237e-05
0.00018675
0.000193995
0.000218755
0.000204485
7.62314e-05
0.000135969
0.000294578
0.000318311
0.000233282
0.000110589
1.15739e-05
3.80098e-05
3.63518e-05
1.15237e-05
0.00018675
0.000193995
0.000218755
0.000204485
7.62314e-05
0.000135969
0.000294578
0.000318311
0.000233282
0.000110589
1.15739e-05
3.80098e-05
3.63518e-05
1.15237e-05
0.00018675
0.000193995
0.000218755
0.000204485
7.62314e-05
0.000135969
0.000294578
0.000318311
0.000233282
0.000110589
1.15739e-05
3.80098e-05
3.63518e-05
1.15237e-05
0.00018675
0.000193995
0.000218755
0.000204485
7.62314e-05
0.000135969
0.000294578
0.000318311
0.000233282
0.000110589
1.15739e-05
3.80098e-05
3.63518e-05
1.15237e-05
0.00018675
0.000193995
0.000218755
0.000204485
7.62314e-05
0.000135969
0.000294578
0.000318311
0.000233282
0.000110589
1.15739e-05
3.80098e-05
3.63518e-05
1.15237e-05
0.00018675
0.000193995
0.000218755
0.000204485
7.62314e-05
0.000135969
0.000294578
0.000318311
0.000233282
0.000110589
1.15739e-05
3.80098e-05
3.63518e-05
1.15237e-05
0.00018675
0.000193995
0.000218755
0.000204485
7.62314e-05
0.000135969
0.000294578
0.000318311
0.000233282
0.000110589
1.15739e-05
3.80098e-05
3.63518e-05
1.15237e-05
0.00018675
0.000193995
0.000218755
0.000204485
7.62314e-05
0.000135969
0.000294578
0.000318311
0.000233282
0.000110589
1.15739e-05
3.80098e-05
3.63518e-05
1.15237e-05
0.00018675
0.000193995
0.000218755
0.000204485
7.62314e-05
0.000135969
0.000294578
0.000318311
0.000233282
0.000110589
1.15739e-05
3.80098e-05
3.63518e-05
1.15237e-05
0.00018675
0.000193995
0.000218755
0.000204485
7.62314e-05
0.000135969
0.000294578
0.000318311
0.000233282
0.000110589
1.15739e-05
3.80098e-05
3.63518e-05
1.15237e-05
0.00018675
0.000193995
0.000218755
0.000204485
7.62314e-05
0.000135969
0.000294578
0.000318311
0.000233282
0.000110589
1.15739e-05
3.80098e-05
3.63518e-05
1.15237e-05
0.00018675
0.000193995
0.000218755
0.000204485
7.62314e-05
0.000135969
0.000294578
0.000318311
0.000233282
0.000110589
1.15739e-05
3.80098e-05
3.63518e-05
1.15237e-05
0.00018675
0.000193995
0.000218755
0.000204485
7.62314e-05
0.000135969
0.000294578
0.000318311
0.000233282
0.000110589
1.15739e-05
3.80098e-05
3.63518e-05
1.15237e-05
0.00018675
0.000193995
0.000218755
0.000204485
7.62314e-05
0.000135969
0.000294578
0.000318311
0.000233282
0.000110589
1.15739e-05
3.80098e-05
3.63518e-05
1.15237e-05
0.00018675
0.000193995
0.000218755
0.000204485
7.62314e-05
0.000135969
0.000294578
0.000318311
0.000233282
0.000110589
1.15739e-05
3.80098e-05
3.63518e-05
1.15237e-05
0.00018675
0.000193995
0.000218755
0.000204485
7.62314e-05
0.000135969
0.000294578
0.000318311
0.000233282
0.000110589
1.15739e-05
3.80098e-05
3.63518e-05
1.15237e-05
0.00018675
0.000193995
0.000218755
0.000204485
7.62314e-05
0.000135969
0.000294578
0.000318311
0.000233282
0.000110589
1.15739e-05
3.80098e-05
3.63518e-05
1.15237e-05
0.00018675
0.000193995
0.000218755
0.000204485
7.62314e-05
0.000135969
0.000294578
0.000318311
0.000233282
0.000110589
1.15739e-05
3.80098e-05
3.63518e-05
1.15237e-05
0.00018675
0.000193995
0.000218755
0.000204485
7.62314e-05
0.000135969
0.000294578
0.000318311
0.000233282
0.000110589
1.15739e-05
3.80098e-05
3.63518e-05
1.15237e-05
0.00018675
0.000193995
0.000218755
0.000204485
7.62314e-05
0.000135969
0.000294578
0.000318311
0.000233282
0.000110589
1.15739e-05
3.80098e-05
3.63518e-05
1.15237e-05
0.00018675
0.000193995
0.000218755
0.000204485
7.62314e-05
0.000135969
0.000294578
0.000318311
0.000233282
0.000110589
1.15739e-05
3.80098e-05
3.63518e-05
1.15237e-05
0.00018675
0.000193995
0.000218755
0.000204485
7.62314e-05
0.000135969
0.000294578
0.000318311
0.000233282
0.000110589
1.15739e-05
3.80098e-05
3.63518e-05
1.15237e-05
0.00018675
0.000193995
0.000218755
0.000204485
7.62314e-05
0.000135969
0.000294578
0.000318311
0.000233282
0.000110589
1.15739e-05
3.80098e-05
3.63518e-05
1.15237e-05
0.00018675
0.000193995
0.000218755
0.000204485
7.62314e-05
0.000135969
0.000294578
0.000318311
0.000233282
0.000110589
1.15739e-05
3.80098e-05
3.63518e-05
1.15237e-05
0.00018675
0.000193995
0.000218755
0.000204485
7.62314e-05
0.000135969
0.000294578
0.000318311
0.000233282
0.000110589
1.15739e-05
3.80098e-05
3.63518e-05
1.15237e-05
0.00018675
0.000193995
0.000218755
0.000204485
7.62314e-05
0.000135969
0.000294578
0.000318311
0.000233282
0.000110589
1.15739e-05
3.80098e-05
3.63518e-05
1.15237e-05
0.00018675
0.000193995
0.000218755
0.000204485
7.62314e-05
0.000135969
0.000294578
0.000318311
0.000233282
0.000110589
1.15739e-05
3.80098e-05
3.63518e-05
1.15237e-05
0.00018675
0.000193995
0.000218755
0.000204485
7.62314e-05
0.000135969
0.000294578
0.000318311
0.000233282
0.000110589
1.15739e-05
3.80098e-05
3.63518e-05
1.15237e-05
0.00018675
0.000193995
0.000218755
0.000204485
7.62314e-05
0.000135969
0.000294578
0.000318311
0.000233282
0.000110589
1.15739e-05
3.80098e-05
3.63518e-05
1.15237e-05
0.00018675
0.000193995
0.000218755
0.000204485
7.62314e-05
0.000135969
0.000294578
0.000318311
0.000233282
0.000110589
1.15739e-05
3.80098e-05
3.63518e-05
1.15237e-05
0.00018675
0.000193995
0.000218755
0.000204485
7.62314e-05
0.000135969
0.000294578
0.000318311
0.000233282
0.000110589
1.15739e-05
3.80098e-05
3.63518e-05
1.15237e-05
0.00018675
0.000193995
0.000218755
0.000204485
7.62314e-05
0.000135969
0.000294578
0.000318311
0.000233282
0.000110589
1.15739e-05
3.80098e-05
3.63518e-05
1.15237e-05
0.00018675
0.000193995
0.000218755
0.000204485
7.62314e-05
0.000135969
0.000294578
0.000318311
0.000233282
0.000110589
1.15739e-05
3.80098e-05
3.63518e-05
1.15237e-05
0.00018675
0.000193995
0.000218755
0.000204485
7.62314e-05
0.000135969
0.000294578
0.000318311
0.000233282
0.000110589
1.15739e-05
3.80098e-05
3.63518e-05
1.15237e-05
0.00018675
0.000193995
0.000218755
0.000204485
7.62314e-05
0.000135969
0.000294578
0.000318311
0.000233282
0.000110589
1.15739e-05
3.80098e-05
3.63518e-05
1.15237e-05
0.00018675
0.000193995
0.000218755
0.000204485
7.62314e-05
0.000135969
0.000294578
0.000318311
0.000233282
0.000110589
1.15739e-05
3.80098e-05
3.63518e-05
1.15237e-05
0.00018675
0.000193995
0.000218755
0.000204485
7.62314e-05
0.000135969
0.000294578
0.000318311
0.000233282
0.000110589
1.15739e-05
3.80098e-05
3.63518e-05
1.15237e-05
0.00018675
0.000193995
0.000218755
0.000204485
7.62314e-05
0.000135969
0.000294578
0.000318311
0.000233282
0.000110589
1.15739e-05
3.80098e-05
3.63518e-05
1.15237e-05
0.00018675
0.000193995
0.000218755
0.000204485
7.62314e-05
0.000135969
0.000294578
0.000318311
0.000233282
0.000110589
1.15739e-05
3.80098e-05
3.63518e-05
1.15237e-05
0.00018675
0.000193995
0.000218755
0.000204485
7.62314e-05
0.000135969
0.000294578
0.000318311
0.000233282
0.000110589
1.15739e-05
3.80098e-05
3.63518e-05
1.15237e-05
0.00018675
0.000193995
0.000218755
0.000204485
7.62314e-05
0.000135969
0.000294578
0.000318311
0.000233282
0.000110589
1.15739e-05
3.80098e-05
3.63518e-05
1.15237e-05
0.00018675
0.000193995
0.000218755
0.000204485
7.62314e-05
0.000135969
0.000294578
0.000318311
0.000233282
0.000110589
1.15739e-05
3.80098e-05
3.63518e-05
1.15237e-05
0.00018675
0.000193995
0.000218755
0.000204485
7.62314e-05
0.000135969
0.000294578
0.000318311
0.000233282
0.000110589
1.15739e-05
3.80098e-05
3.63518e-05
1.15237e-05
0.00018675
0.000193995
0.000218755
0.000204485
7.62314e-05
0.000135969
0.000294578
0.000318311
0.000233282
0.000110589
1.15739e-05
3.80098e-05
3.63518e-05
1.15237e-05
0.00018675
0.000193995
0.000218755
0.000204485
7.62314e-05
0.000135969
0.000294578
0.000318311
0.000233282
0.000110589
1.15739e-05
3.80098e-05
3.63518e-05
1.15237e-05
0.00018675
0.000193995
0.000218755
0.000204485
7.62314e-05
0.000135969
0.000294578
0.000318311
0.000233282
0.000110589
1.15739e-05
3.80098e-05
3.63518e-05
1.15237e-05
0.00018675
0.000193995
0.000218755
0.000204485
7.62314e-05
0.000135969
0.000294578
0.000318311
0.000233282
0.000110589
1.15739e-05
3.80098e-05
3.63518e-05
1.15237e-05
0.00018675
0.000193995
0.000218755
0.000204485
7.62314e-05
0.000135969
0.000294578
0.000318311
0.000233282
0.000110589
1.15739e-05
3.80098e-05
3.63518e-05
1.15237e-05
0.00018675
0.000193995
0.000218755
0.000204485
7.62314e-05
0.000135969
0.000294578
0.000318311
0.000233282
0.000110589
1.15739e-05
3.80098e-05
3.63518e-05
1.15237e-05
0.00018675
0.000193995
0.000218755
0.000204485
7.62314e-05
0.000135969
0.000294578
0.000318311
0.000233282
0.000110589
1.15739e-05
3.80098e-05
3.63518e-05
1.15237e-05
0.00018675
0.000193995
0.000218755
0.000204485
7.62314e-05
0.000135969
0.000294578
0.000318311
0.000233282
0.000110589
1.15739e-05
3.80098e-05
3.63518e-05
1.15237e-05
0.00018675
0.000193995
0.000218755
0.000204485
7.62314e-05
0.000135969
0.000294578
0.000318311
0.000233282
0.000110589
1.15739e-05
3.80098e-05
3.63518e-05
1.15237e-05
0.00018675
0.000193995
0.000218755
0.000204485
7.62314e-05
0.000135969
0.000294578
0.000318311
0.000233282
0.000110589
1.15739e-05
3.80098e-05
3.63518e-05
1.15237e-05
0.00018675
0.000193995
0.000218755
0.000204485
7.62314e-05
0.000135969
0.000294578
0.000318311
0.000233282
0.000110589
1.15739e-05
3.80098e-05
3.63518e-05
1.15237e-05
0.00018675
0.000193995
0.000218755
0.000204485
7.62314e-05
0.000135969
0.000294578
0.000318311
0.000233282
0.000110589
1.15739e-05
3.80098e-05
3.63518e-05
1.15237e-05
0.00018675
0.000193995
0.000218755
0.000204485
7.62314e-05
0.000135969
0.000294578
0.000318311
0.000233282
0.000110589
1.15739e-05
3.80098e-05
3.63518e-05
1.15237e-05
0.00018675
0.000193995
0.000218755
0.000204485
7.62314e-05
0.000135969
0.000294578
0.000318311
0.000233282
0.000110589
1.15739e-05
3.80098e-05
3.63518e-05
1.15237e-05
