0.00162425
0.00161736
0.0015528
0.00131629
0.000840444
0.000281681
0.000121559
0.000299084
0.000284129
0.000134743
6.24779e-05
0.000226776
0.000322849
0.00035183
0.00162425
0.00161873
0.0015669
0.00134348
0.000819301
0.000138604
0.000379387
0.000585748
0.000456441
0.000143423
6.85662e-05
0.00010498
0.000221851
7.80521e-05
0.00162425
0.00161996
0.00156741
0.00134052
0.000850782
0.000264006
0.000158083
0.000342644
0.000321061
0.00014924
6.26158e-05
0.000213369
0.000303776
0.000341522
0.00162425
0.00161887
0.00156117
0.00133086
0.000850381
0.000280924
0.000128488
0.000308129
0.000292808
0.000139064
6.28794e-05
0.000226013
0.000319254
0.000351175
0.00162425
0.00161815
0.00155718
0.00132415
0.000846565
0.000283052
0.000122845
0.000301259
0.000286482
0.000135897
6.29648e-05
0.00022708
0.000322111
0.000352559
0.00162425
0.00161776
0.00155503
0.00132036
0.000843787
0.000282781
0.000121711
0.000299658
0.000284859
0.000135055
6.28297e-05
0.000227081
0.000322727
0.000352481
0.00162425
0.00161756
0.00155392
0.00131836
0.000842185
0.000282332
0.000121518
0.00029925
0.000284388
0.000134832
6.26851e-05
0.000226967
0.000322849
0.000352231
0.00162425
0.00161746
0.00155336
0.00131733
0.000841332
0.000282032
0.00012151
0.000299138
0.000284233
0.000134771
6.25899e-05
0.000226881
0.000322864
0.000352049
0.00162425
0.00161741
0.00155308
0.00131682
0.000840892
0.000281863
0.000121528
0.000299104
0.000284175
0.000134753
6.2536e-05
0.000226831
0.000322861
0.000351944
0.00162425
0.00161738
0.00155294
0.00131656
0.000840669
0.000281774
0.000121542
0.000299092
0.00028415
0.000134747
6.25075e-05
0.000226804
0.000322856
0.000351888
0.00162425
0.00161737
0.00155287
0.00131642
0.000840557
0.000281728
0.00012155
0.000299088
0.00028414
0.000134744
6.24929e-05
0.00022679
0.000322853
0.000351859
0.00162425
0.00161736
0.00155283
0.00131636
0.000840501
0.000281705
0.000121554
0.000299086
0.000284134
0.000134744
6.24854e-05
0.000226783
0.000322851
0.000351844
0.00162425
0.00161736
0.00155281
0.00131633
0.000840472
0.000281693
0.000121557
0.000299085
0.000284132
0.000134743
6.24817e-05
0.00022678
0.00032285
0.000351837
0.00162425
0.00161736
0.0015528
0.00131631
0.000840458
0.000281687
0.000121558
0.000299084
0.000284131
0.000134743
6.24798e-05
0.000226778
0.000322849
0.000351833
0.00162425
0.00161736
0.0015528
0.0013163
0.000840451
0.000281684
0.000121559
0.000299084
0.00028413
0.000134743
6.24789e-05
0.000226777
0.000322849
0.000351831
0.00162425
0.00161736
0.0015528
0.0013163
0.000840448
0.000281683
0.000121559
0.000299084
0.00028413
0.000134743
6.24784e-05
0.000226777
0.000322849
0.00035183
0.00162425
0.00161736
0.0015528
0.0013163
0.000840446
0.000281682
0.000121559
0.000299084
0.00028413
0.000134743
6.24782e-05
0.000226776
0.000322849
0.00035183
0.00162425
0.00161736
0.0015528
0.00131629
0.000840445
0.000281682
0.000121559
0.000299084
0.000284129
0.000134743
6.2478e-05
0.000226776
0.000322849
0.00035183
0.00162425
0.00161736
0.0015528
0.00131629
0.000840445
0.000281681
0.000121559
0.000299084
0.000284129
0.000134743
6.2478e-05
0.000226776
0.000322849
0.00035183
0.00162425
0.00161736
0.0015528
0.00131629
0.000840444
0.000281681
0.000121559
0.000299084
0.000284129
0.000134743
6.2478e-05
0.000226776
0.000322849
0.00035183
0.00162425
0.00161736
0.0015528
0.00131629
0.000840444
0.000281681
0.000121559
0.000299084
0.000284129
0.000134743
6.24779e-05
0.000226776
0.000322849
0.00035183
0.00162425
0.00161736
0.0015528
0.00131629
0.000840444
0.000281681
0.000121559
0.000299084
0.000284129
0.000134743
6.24779e-05
0.000226776
0.000322849
0.00035183
0.00162425
0.00161736
0.0015528
0.00131629
0.000840444
0.000281681
0.000121559
0.000299084
0.000284129
0.000134743
6.24779e-05
0.000226776
0.000322849
0.00035183
0.00162425
0.00161736
0.0015528
0.00131629
0.000840444
0.000281681
0.000121559
0.000299084
0.000284129
0.000134743
6.24779e-05
0.000226776
0.000322849
0.00035183
0.00162425
0.00161736
0.0015528
0.00131629
0.000840444
0.000281681
0.000121559
0.000299084
0.000284129
0.000134743
6.24779e-05
0.000226776
0.000322849
0.00035183
0.00162425
0.00161736
0.0015528
0.00131629
0.000840444
0.000281681
0.000121559
0.000299084
0.000284129
0.000134743
6.24779e-05
0.000226776
0.000322849
0.00035183
0.00162425
0.00161736
0.0015528
0.00131629
0.000840444
0.000281681
0.000121559
0.000299084
0.000284129
0.000134743
6.24779e-05
0.000226776
0.000322849
0.00035183
0.00162425
0.00161736
0.0015528
0.00131629
0.000840444
0.000281681
0.000121559
0.000299084
0.000284129
0.000134743
6.24779e-05
0.000226776
0.000322849
0.00035183
0.00162425
0.00161736
0.0015528
0.00131629
0.000840444
0.000281681
0.000121559
0.000299084
0.000284129
0.000134743
6.24779e-05
0.000226776
0.000322849
0.00035183
0.00162425
0.00161736
0.0015528
0.00131629
0.000840444
0.000281681
0.000121559
0.000299084
0.000284129
0.000134743
6.24779e-05
0.000226776
0.000322849
0.00035183
0.00162425
0.00161736
0.0015528
0.00131629
0.000840444
0.000281681
0.000121559
0.000299084
0.000284129
0.000134743
6.24779e-05
0.000226776
0.000322849
0.00035183
0.00162425
0.00161736
0.0015528
0.00131629
0.000840444
0.000281681
0.000121559
0.000299084
0.000284129
0.000134743
6.24779e-05
0.000226776
0.000322849
0.00035183
0.00162425
0.00161736
0.0015528
0.00131629
0.000840444
0.000281681
0.000121559
0.000299084
0.000284129
0.000134743
6.24779e-05
0.000226776
0.000322849
0.00035183
0.00162425
0.00161736
0.0015528
0.00131629
0.000840444
0.000281681
0.000121559
0.000299084
0.000284129
0.000134743
6.24779e-05
0.000226776
0.000322849
0.00035183
0.00162425
0.00161736
0.0015528
0.00131629
0.000840444
0.000281681
0.000121559
0.000299084
0.000284129
0.000134743
6.24779e-05
0.000226776
0.000322849
0.00035183
0.00162425
0.00161736
0.0015528
0.00131629
0.000840444
0.000281681
0.000121559
0.000299084
0.000284129
0.000134743
6.24779e-05
0.000226776
0.000322849
0.00035183
0.00162425
0.00161736
0.0015528
0.00131629
0.000840444
0.000281681
0.000121559
0.000299084
0.000284129
0.000134743
6.24779e-05
0.000226776
0.000322849
0.00035183
0.00162425
0.00161736
0.0015528
0.00131629
0.000840444
0.000281681
0.000121559
0.000299084
0.000284129
0.000134743
6.24779e-05
0.000226776
0.000322849
0.00035183
0.00162425
0.00161736
0.0015528
0.00131629
0.000840444
0.000281681
0.000121559
0.000299084
0.000284129
0.000134743
6.24779e-05
0.000226776
0.000322849
0.00035183
0.00162425
0.00161736
0.0015528
0.00131629
0.000840444
0.000281681
0.000121559
0.000299084
0.000284129
0.000134743
6.24779e-05
0.000226776
0.000322849
0.00035183
0.00162425
0.00161736
0.0015528
0.00131629
0.000840444
0.000281681
0.000121559
0.000299084
0.000284129
0.000134743
6.24779e-05
0.000226776
0.000322849
0.00035183
0.00162425
0.00161736
0.0015528
0.00131629
0.000840444
0.000281681
0.000121559
0.000299084
0.000284129
0.000134743
6.24779e-05
0.000226776
0.000322849
0.00035183
0.00162425
0.00161736
0.0015528
0.00131629
0.000840444
0.000281681
0.000121559
0.000299084
0.000284129
0.000134743
6.24779e-05
0.000226776
0.000322849
0.00035183
0.00162425
0.00161736
0.0015528
0.00131629
0.000840444
0.000281681
0.000121559
0.000299084
0.000284129
0.000134743
6.24779e-05
0.000226776
0.000322849
0.00035183
0.00162425
0.00161736
0.0015528
0.00131629
0.000840444
0.000281681
0.000121559
0.000299084
0.000284129
0.000134743
6.24779e-05
0.000226776
0.000322849
0.00035183
0.00162425
0.00161736
0.0015528
0.00131629
0.000840444
0.000281681
0.000121559
0.000299084
0.000284129
0.000134743
6.24779e-05
0.000226776
0.000322849
0.00035183
0.00162425
0.00161736
0.0015528
0.00131629
0.000840444
0.000281681
0.000121559
0.000299084
0.000284129
0.000134743
6.24779e-05
0.000226776
0.000322849
0.00035183
0.00162425
0.00161736
0.0015528
0.00131629
0.000840444
0.000281681
0.000121559
0.000299084
0.000284129
0.000134743
6.24779e-05
0.000226776
0.000322849
0.00035183
0.00162425
0.00161736
0.0015528
0.00131629
0.000840444
0.000281681
0.000121559
0.000299084
0.000284129
0.000134743
6.24779e-05
0.000226776
0.000322849
0.00035183
0.00162425
0.00161736
0.0015528
0.00131629
0.000840444
0.000281681
0.000121559
0.000299084
0.000284129
0.000134743
6.24779e-05
0.000226776
0.000322849
0.00035183
0.00162425
0.00161736
0.0015528
0.00131629
0.000840444
0.000281681
0.000121559
0.000299084
0.000284129
0.000134743
6.24779e-05
0.000226776
0.000322849
0.00035183
0.00162425
0.00161736
0.0015528
0.00131629
0.000840444
0.000281681
0.000121559
0.000299084
0.000284129
0.000134743
6.24779e-05
0.000226776
0.000322849
0.00035183
0.00162425
0.00161736
0.0015528
0.00131629
0.000840444
0.000281681
0.000121559
0.000299084
0.000284129
0.000134743
6.24779e-05
0.000226776
0.000322849
0.00035183
0.00162425
0.00161736
0.0015528
0.00131629
0.000840444
0.000281681
0.000121559
0.000299084
0.000284129
0.000134743
6.24779e-05
0.000226776
0.000322849
0.00035183
0.00162425
0.00161736
0.0015528
0.00131629
0.000840444
0.000281681
0.000121559
0.000299084
0.000284129
0.000134743
6.24779e-05
0.000226776
0.000322849
0.00035183
0.00162425
0.00161736
0.0015528
0.00131629
0.000840444
0.000281681
0.000121559
0.000299084
0.000284129
0.000134743
6.24779e-05
0.000226776
0.000322849
0.00035183
0.00162425
0.00161736
0.0015528
0.00131629
0.000840444
0.000281681
0.000121559
0.000299084
0.000284129
0.000134743
6.24779e-05
0.000226776
0.000322849
0.00035183
0.00162425
0.00161736
0.0015528
0.00131629
0.000840444
0.000281681
0.000121559
0.000299084
0.000284129
0.000134743
6.24779e-05
0.000226776
0.000322849
0.00035183
0.00162425
0.00161736
0.0015528
0.00131629
0.000840444
0.000281681
0.000121559
0.000299084
0.000284129
0.000134743
6.24779e-05
0.000226776
0.000322849
0.00035183
0.00162425
0.00161736
0.0015528
0.00131629
0.000840444
0.000281681
0.000121559
0.000299084
0.000284129
0.000134743
6.24779e-05
0.000226776
0.000322849
0.00035183
0.00162425
0.00161736
0.0015528
0.00131629
0.000840444
0.000281681
0.000121559
0.000299084
0.000284129
0.000134743
6.24779e-05
0.000226776
0.000322849
0.00035183
0.00162425
0.00161736
0.0015528
0.00131629
0.000840444
0.000281681
0.000121559
0.000299084
0.000284129
0.000134743
6.24779e-05
0.000226776
0.000322849
0.00035183
0.00162425
0.00161736
0.0015528
0.00131629
0.000840444
0.000281681
0.000121559
0.000299084
0.000284129
0.000134743
6.24779e-05
0.000226776
0.000322849
0.00035183
0.00162425
0.00161736
0.0015528
0.00131629
0.000840444
0.000281681
0.000121559
0.000299084
0.000284129
0.000134743
6.24779e-05
0.000226776
0.000322849
0.00035183
0.00162425
0.00161736
0.0015528
0.00131629
0.000840444
0.000281681
0.000121559
0.000299084
0.000284129
0.000134743
6.24779e-05
0.000226776
0.000322849
0.00035183
0.00162425
0.00161736
0.0015528
0.00131629
0.000840444
0.000281681
0.000121559
0.000299084
0.000284129
0.000134743
6.24779e-05
0.000226776
0.000322849
0.00035183
0.00162425
0.00161736
0.0015528
0.00131629
0.000840444
0.000281681
0.000121559
0.000299084
0.000284129
0.000134743
6.24779e-05
0.000226776
0.000322849
0.00035183
0.00162425
0.00161736
0.0015528
0.00131629
0.000840444
0.000281681
0.000121559
0.000299084
0.000284129
0.000134743
6.24779e-05
0.000226776
0.000322849
0.00035183
0.00162425
0.00161736
0.0015528
0.00131629
0.000840444
0.000281681
0.000121559
0.000299084
0.000284129
0.000134743
6.24779e-05
0.000226776
0.000322849
0.00035183
0.00162425
0.00161736
0.0015528
0.00131629
0.000840444
0.000281681
0.000121559
0.000299084
0.000284129
0.000134743
6.24779e-05
0.000226776
0.000322849
0.00035183
0.00162425
0.00161736
0.0015528
0.00131629
0.000840444
0.000281681
0.000121559
0.000299084
0.000284129
0.000134743
6.24779e-05
0.000226776
0.000322849
0.00035183
0.00162425
0.00161736
0.0015528
0.00131629
0.000840444
0.000281681
0.000121559
0.000299084
0.000284129
0.000134743
6.24779e-05
0.000226776
0.000322849
0.00035183
0.00162425
0.00161736
0.0015528
0.00131629
0.000840444
0.000281681
0.000121559
0.000299084
0.000284129
0.000134743
6.24779e-05
0.000226776
0.000322849
0.00035183
0.00162425
0.00161736
0.0015528
0.00131629
0.000840444
0.000281681
0.000121559
0.000299084
0.000284129
0.000134743
6.24779e-05
0.000226776
0.000322849
0.00035183
0.00162425
0.00161736
0.0015528
0.00131629
0.000840444
0.000281681
0.000121559
0.000299084
0.000284129
0.000134743
6.24779e-05
0.000226776
0.000322849
0.00035183
0.00162425
0.00161736
0.0015528
0.00131629
0.000840444
0.000281681
0.000121559
0.000299084
0.000284129
0.000134743
6.24779e-05
0.000226776
0.000322849
0.00035183
0.00162425
0.00161736
0.0015528
0.00131629
0.000840444
0.000281681
0.000121559
0.000299084
0.000284129
0.000134743
6.24779e-05
0.000226776
0.000322849
0.00035183
0.00162425
0.00161736
0.0015528
0.00131629
0.000840444
0.000281681
0.000121559
0.000299084
0.000284129
0.000134743
6.24779e-05
0.000226776
0.000322849
0.00035183
0.00162425
0.00161736
0.0015528
0.00131629
0.000840444
0.000281681
0.000121559
0.000299084
0.000284129
0.000134743
6.24779e-05
0.000226776
0.000322849
0.00035183
0.00162425
0.00161736
0.0015528
0.00131629
0.000840444
0.000281681
0.000121559
0.000299084
0.000284129
0.000134743
6.24779e-05
0.000226776
0.000322849
0.00035183
0.00162425
0.00161736
0.0015528
0.00131629
0.000840444
0.000281681
0.000121559
0.000299084
0.000284129
0.000134743
6.24779e-05
0.000226776
0.000322849
0.00035183
0.00162425
0.00161736
0.0015528
0.00131629
0.000840444
0.000281681
0.000121559
0.000299084
0.000284129
0.000134743
6.24779e-05
0.000226776
0.000322849
0.00035183
0.00162425
0.00161736
0.0015528
0.00131629
0.000840444
0.000281681
0.000121559
0.000299084
0.000284129
0.000134743
6.24779e-05
0.000226776
0.000322849
0.00035183
0.00162425
0.00161736
0.0015528
0.00131629
0.000840444
0.000281681
0.000121559
0.000299084
0.000284129
0.000134743
6.24779e-05
0.000226776
0.000322849
0.00035183
0.00162425
0.00161736
0.0015528
0.00131629
0.000840444
0.000281681
0.000121559
0.000299084
0.000284129
0.000134743
6.24779e-05
0.000226776
0.000322849
0.00035183
0.00162425
0.00161736
0.0015528
0.00131629
0.000840444
0.000281681
0.000121559
0.000299084
0.000284129
0.000134743
6.24779e-05
0.000226776
0.000322849
0.00035183
0.00162425
0.00161736
0.0015528
0.00131629
0.000840444
0.000281681
0.000121559
0.000299084
0.000284129
0.000134743
6.24779e-05
0.000226776
0.000322849
0.00035183
0.00162425
0.00161736
0.0015528
0.00131629
0.000840444
0.000281681
0.000121559
0.000299084
0.000284129
0.000134743
6.24779e-05
0.000226776
0.000322849
0.00035183
0.00162425
0.00161736
0.0015528
0.00131629
0.000840444
0.000281681
0.000121559
0.000299084
0.000284129
0.000134743
6.24779e-05
0.000226776
0.000322849
0.00035183
0.00162425
0.00161736
0.0015528
0.00131629
0.000840444
0.000281681
0.000121559
0.000299084
0.000284129
0.000134743
6.24779e-05
0.000226776
0.000322849
0.00035183
0.00162425
0.00161736
0.0015528
0.00131629
0.000840444
0.000281681
0.000121559
0.000299084
0.000284129
0.000134743
6.24779e-05
0.000226776
0.000322849
0.00035183
0.00162425
0.00161736
0.0015528
0.00131629
0.000840444
0.000281681
0.000121559
0.000299084
0.000284129
0.000134743
6.24779e-05
0.000226776
0.000322849
0.00035183
0.00162425
0.00161736
0.0015528
0.00131629
0.000840444
0.000281681
0.000121559
0.000299084
0.000284129
0.000134743
6.24779e-05
0.000226776
0.000322849
0.00035183
0.00162425
0.00161736
0.0015528
0.00131629
0.000840444
0.000281681
0.000121559
0.000299084
0.000284129
0.000134743
6.24779e-05
0.000226776
0.000322849
0.00035183
0.00162425
0.00161736
0.0015528
0.00131629
0.000840444
0.000281681
0.000121559
0.000299084
0.000284129
0.000134743
6.24779e-05
0.000226776
0.000322849
0.00035183
0.00162425
0.00161736
0.0015528
0.00131629
0.000840444
0.000281681
0.000121559
0.000299084
0.000284129
0.000134743
6.24779e-05
0.000226776
0.000322849
0.00035183
0.00162425
0.00161736
0.0015528
0.00131629
0.000840444
0.000281681
0.000121559
0.000299084
0.000284129
0.000134743
6.24779e-05
0.000226776
0.000322849
0.00035183
0.00162425
0.00161736
0.0015528
0.00131629
0.000840444
0.000281681
0.000121559
0.000299084
0.000284129
0.000134743
6.24779e-05
0.000226776
0.000322849
0.00035183
0.00162425
0.00161736
0.0015528
0.00131629
0.000840444
0.000281681
0.000121559
0.000299084
0.000284129
0.000134743
6.24779e-05
0.000226776
0.000322849
0.00035183
0.00162425
0.00161736
0.0015528
0.00131629
0.000840444
0.000281681
0.000121559
0.000299084
0.000284129
0.000134743
6.24779e-05
0.000226776
0.000322849
0.00035183
0.00162425
0.00161736
0.0015528
0.00131629
0.000840444
0.000281681
0.000121559
0.000299084
0.000284129
0.000134743
6.24779e-05
0.000226776
0.000322849
0.00035183
0.00162425
0.00161736
0.0015528
0.00131629
0.000840444
0.000281681
0.000121559
0.000299084
0.000284129
0.000134743
6.24779e-05
0.000226776
0.000322849
0.00035183
0.00162425
0.00161736
0.0015528
0.00131629
0.000840444
0.000281681
0.000121559
0.000299084
0.000284129
0.000134743
6.24779e-05
0.000226776
0.000322849
0.00035183
0.00162425
0.00161736
0.0015528
0.00131629
0.000840444
0.000281681
0.000121559
0.000299084
0.000284129
0.000134743
6.24779e-05
0.000226776
0.000322849
0.00035183
0.00162425
0.00161736
0.0015528
0.00131629
0.000840444
0.000281681
0.000121559
0.000299084
0.000284129
0.000134743
6.24779e-05
0.000226776
0.000322849
0.00035183
0.00162425
0.00161736
0.0015528
0.00131629
0.000840444
0.000281681
0.000121559
0.000299084
0.000284129
0.000134743
6.24779e-05
0.000226776
0.000322849
0.00035183
0.00162425
0.00161736
0.0015528
0.00131629
0.000840444
0.000281681
0.000121559
0.000299084
0.000284129
0.000134743
6.24779e-05
0.000226776
0.000322849
0.00035183
0.00162425
0.00161736
0.0015528
0.00131629
0.000840444
0.000281681
0.000121559
0.000299084
0.000284129
0.000134743
6.24779e-05
0.000226776
0.000322849
0.00035183
0.00162425
0.00161736
0.0015528
0.00131629
0.000840444
0.000281681
0.000121559
0.000299084
0.000284129
0.000134743
6.24779e-05
0.000226776
0.000322849
0.00035183
0.00162425
0.00161736
0.0015528
0.00131629
0.000840444
0.000281681
0.000121559
0.000299084
0.000284129
0.000134743
6.24779e-05
0.000226776
0.000322849
0.00035183
0.00162425
0.00161736
0.0015528
0.00131629
0.000840444
0.000281681
0.000121559
0.000299084
0.000284129
0.000134743
6.24779e-05
0.000226776
0.000322849
0.00035183
0.00162425
0.00161736
0.0015528
0.00131629
0.000840444
0.000281681
0.000121559
0.000299084
0.000284129
0.000134743
6.24779e-05
0.000226776
0.000322849
0.00035183
0.00162425
0.00161736
0.0015528
0.00131629
0.000840444
0.000281681
0.000121559
0.000299084
0.000284129
0.000134743
6.24779e-05
0.000226776
0.000322849
0.00035183
0.00162425
0.00161736
0.0015528
0.00131629
0.000840444
0.000281681
0.000121559
0.000299084
0.000284129
0.000134743
6.24779e-05
0.000226776
0.000322849
0.00035183
0.00162425
0.00161736
0.0015528
0.00131629
0.000840444
0.000281681
0.000121559
0.000299084
0.000284129
0.000134743
6.24779e-05
0.000226776
0.000322849
0.00035183
0.00162425
0.00161736
0.0015528
0.00131629
0.000840444
0.000281681
0.000121559
0.000299084
0.000284129
0.000134743
6.24779e-05
0.000226776
0.000322849
0.00035183
0.00162425
0.00161736
0.0015528
0.00131629
0.000840444
0.000281681
0.000121559
0.000299084
0.000284129
0.000134743
6.24779e-05
0.000226776
0.000322849
0.00035183
0.00162425
0.00161736
0.0015528
0.00131629
0.000840444
0.000281681
0.000121559
0.000299084
0.000284129
0.000134743
6.24779e-05
0.000226776
0.000322849
0.00035183
0.00162425
0.00161736
0.0015528
0.00131629
0.000840444
0.000281681
0.000121559
0.000299084
0.000284129
0.000134743
6.24779e-05
0.000226776
0.000322849
0.00035183
0.00162425
0.00161736
0.0015528
0.00131629
0.000840444
0.000281681
0.000121559
0.000299084
0.000284129
0.000134743
6.24779e-05
0.000226776
0.000322849
0.00035183
0.00162425
0.00161736
0.0015528
0.00131629
0.000840444
0.000281681
0.000121559
0.000299084
0.000284129
0.000134743
6.24779e-05
0.000226776
0.000322849
0.00035183
0.000812124
0.000809873
0.000782261
0.00066881
0.000434343
0.000157897
4.35264e-05
0.000135919
0.000133844
6.35394e-05
3.37225e-05
0.000118014
0.000170313
0.000189108
0.000812124
0.000810513
0.000789597
0.000686534
0.000436947
0.000106716
0.000153685
0.000269893
0.000221122
6.95046e-05
2.67842e-05
5.14332e-05
0.000112637
9.55007e-05
0.000812124
0.000811152
0.000789723
0.000682516
0.000444016
0.000155848
5.49358e-05
0.000152784
0.000150327
7.09014e-05
3.35991e-05
0.000111748
0.000161895
0.000189062
0.000812124
0.00081062
0.000786511
0.000676745
0.000441152
0.000160327
4.40787e-05
0.000138211
0.000137093
6.56029e-05
3.37124e-05
0.000117657
0.000169026
0.000190407
0.000812124
0.000810264
0.000784481
0.000673026
0.000438229
0.000159856
4.28275e-05
0.000135952
0.000134475
6.40468e-05
3.38429e-05
0.000118123
0.000170135
0.000190122
0.000812124
0.000810072
0.000783392
0.000670977
0.000436404
0.000159052
4.2959e-05
0.000135694
0.000133938
6.36572e-05
3.38329e-05
0.000118131
0.000170328
0.00018972
0.000812124
0.000809973
0.000782831
0.000669908
0.000435403
0.000158517
4.31909e-05
0.00013575
0.000133838
6.35641e-05
3.37924e-05
0.000118088
0.000170346
0.000189442
0.000812124
0.000809923
0.000782547
0.000669363
0.00043488
0.000158218
4.3346e-05
0.000135821
0.000133829
6.35432e-05
3.37614e-05
0.000118055
0.000170336
0.000189282
0.000812124
0.000809898
0.000782405
0.000669088
0.000434613
0.00015806
4.34331e-05
0.000135866
0.000133833
6.35392e-05
3.3743e-05
0.000118036
0.000170326
0.000189197
0.000812124
0.000809885
0.000782333
0.000668949
0.000434479
0.000157979
4.3479e-05
0.000135892
0.000133838
6.35387e-05
3.3733e-05
0.000118025
0.00017032
0.000189153
0.000812124
0.000809879
0.000782297
0.00066888
0.000434411
0.000157938
4.35025e-05
0.000135905
0.000133841
6.35389e-05
3.37278e-05
0.00011802
0.000170317
0.00018913
0.000812124
0.000809876
0.000782279
0.000668845
0.000434377
0.000157917
4.35144e-05
0.000135912
0.000133843
6.35391e-05
3.37252e-05
0.000118017
0.000170315
0.000189119
0.000812124
0.000809874
0.00078227
0.000668828
0.00043436
0.000157907
4.35204e-05
0.000135916
0.000133843
6.35392e-05
3.37238e-05
0.000118016
0.000170314
0.000189113
0.000812124
0.000809874
0.000782266
0.000668819
0.000434352
0.000157902
4.35234e-05
0.000135917
0.000133844
6.35393e-05
3.37232e-05
0.000118015
0.000170314
0.000189111
0.000812124
0.000809873
0.000782264
0.000668815
0.000434347
0.000157899
4.35249e-05
0.000135918
0.000133844
6.35394e-05
3.37228e-05
0.000118015
0.000170314
0.000189109
0.000812124
0.000809873
0.000782263
0.000668813
0.000434345
0.000157898
4.35257e-05
0.000135919
0.000133844
6.35394e-05
3.37227e-05
0.000118014
0.000170313
0.000189108
0.000812124
0.000809873
0.000782262
0.000668812
0.000434344
0.000157897
4.35261e-05
0.000135919
0.000133844
6.35394e-05
3.37226e-05
0.000118014
0.000170313
0.000189108
0.000812124
0.000809873
0.000782262
0.000668811
0.000434344
0.000157897
4.35263e-05
0.000135919
0.000133844
6.35394e-05
3.37226e-05
0.000118014
0.000170313
0.000189108
0.000812124
0.000809873
0.000782262
0.000668811
0.000434343
0.000157897
4.35263e-05
0.000135919
0.000133844
6.35394e-05
3.37225e-05
0.000118014
0.000170313
0.000189108
0.000812124
0.000809873
0.000782261
0.000668811
0.000434343
0.000157897
4.35264e-05
0.000135919
0.000133844
6.35394e-05
3.37225e-05
0.000118014
0.000170313
0.000189108
0.000812124
0.000809873
0.000782261
0.000668811
0.000434343
0.000157897
4.35264e-05
0.000135919
0.000133844
6.35394e-05
3.37225e-05
0.000118014
0.000170313
0.000189108
0.000812124
0.000809873
0.000782261
0.00066881
0.000434343
0.000157897
4.35264e-05
0.000135919
0.000133844
6.35394e-05
3.37225e-05
0.000118014
0.000170313
0.000189108
0.000812124
0.000809873
0.000782261
0.00066881
0.000434343
0.000157897
4.35264e-05
0.000135919
0.000133844
6.35394e-05
3.37225e-05
0.000118014
0.000170313
0.000189108
0.000812124
0.000809873
0.000782261
0.00066881
0.000434343
0.000157897
4.35264e-05
0.000135919
0.000133844
6.35394e-05
3.37225e-05
0.000118014
0.000170313
0.000189108
0.000812124
0.000809873
0.000782261
0.00066881
0.000434343
0.000157897
4.35264e-05
0.000135919
0.000133844
6.35394e-05
3.37225e-05
0.000118014
0.000170313
0.000189108
0.000812124
0.000809873
0.000782261
0.00066881
0.000434343
0.000157897
4.35264e-05
0.000135919
0.000133844
6.35394e-05
3.37225e-05
0.000118014
0.000170313
0.000189108
0.000812124
0.000809873
0.000782261
0.00066881
0.000434343
0.000157897
4.35264e-05
0.000135919
0.000133844
6.35394e-05
3.37225e-05
0.000118014
0.000170313
0.000189108
0.000812124
0.000809873
0.000782261
0.00066881
0.000434343
0.000157897
4.35264e-05
0.000135919
0.000133844
6.35394e-05
3.37225e-05
0.000118014
0.000170313
0.000189108
0.000812124
0.000809873
0.000782261
0.00066881
0.000434343
0.000157897
4.35264e-05
0.000135919
0.000133844
6.35394e-05
3.37225e-05
0.000118014
0.000170313
0.000189108
0.000812124
0.000809873
0.000782261
0.00066881
0.000434343
0.000157897
4.35264e-05
0.000135919
0.000133844
6.35394e-05
3.37225e-05
0.000118014
0.000170313
0.000189108
0.000812124
0.000809873
0.000782261
0.00066881
0.000434343
0.000157897
4.35264e-05
0.000135919
0.000133844
6.35394e-05
3.37225e-05
0.000118014
0.000170313
0.000189108
0.000812124
0.000809873
0.000782261
0.00066881
0.000434343
0.000157897
4.35264e-05
0.000135919
0.000133844
6.35394e-05
3.37225e-05
0.000118014
0.000170313
0.000189108
0.000812124
0.000809873
0.000782261
0.00066881
0.000434343
0.000157897
4.35264e-05
0.000135919
0.000133844
6.35394e-05
3.37225e-05
0.000118014
0.000170313
0.000189108
0.000812124
0.000809873
0.000782261
0.00066881
0.000434343
0.000157897
4.35264e-05
0.000135919
0.000133844
6.35394e-05
3.37225e-05
0.000118014
0.000170313
0.000189108
0.000812124
0.000809873
0.000782261
0.00066881
0.000434343
0.000157897
4.35264e-05
0.000135919
0.000133844
6.35394e-05
3.37225e-05
0.000118014
0.000170313
0.000189108
0.000812124
0.000809873
0.000782261
0.00066881
0.000434343
0.000157897
4.35264e-05
0.000135919
0.000133844
6.35394e-05
3.37225e-05
0.000118014
0.000170313
0.000189108
0.000812124
0.000809873
0.000782261
0.00066881
0.000434343
0.000157897
4.35264e-05
0.000135919
0.000133844
6.35394e-05
3.37225e-05
0.000118014
0.000170313
0.000189108
0.000812124
0.000809873
0.000782261
0.00066881
0.000434343
0.000157897
4.35264e-05
0.000135919
0.000133844
6.35394e-05
3.37225e-05
0.000118014
0.000170313
0.000189108
0.000812124
0.000809873
0.000782261
0.00066881
0.000434343
0.000157897
4.35264e-05
0.000135919
0.000133844
6.35394e-05
3.37225e-05
0.000118014
0.000170313
0.000189108
0.000812124
0.000809873
0.000782261
0.00066881
0.000434343
0.000157897
4.35264e-05
0.000135919
0.000133844
6.35394e-05
3.37225e-05
0.000118014
0.000170313
0.000189108
0.000812124
0.000809873
0.000782261
0.00066881
0.000434343
0.000157897
4.35264e-05
0.000135919
0.000133844
6.35394e-05
3.37225e-05
0.000118014
0.000170313
0.000189108
0.000812124
0.000809873
0.000782261
0.00066881
0.000434343
0.000157897
4.35264e-05
0.000135919
0.000133844
6.35394e-05
3.37225e-05
0.000118014
0.000170313
0.000189108
0.000812124
0.000809873
0.000782261
0.00066881
0.000434343
0.000157897
4.35264e-05
0.000135919
0.000133844
6.35394e-05
3.37225e-05
0.000118014
0.000170313
0.000189108
0.000812124
0.000809873
0.000782261
0.00066881
0.000434343
0.000157897
4.35264e-05
0.000135919
0.000133844
6.35394e-05
3.37225e-05
0.000118014
0.000170313
0.000189108
0.000812124
0.000809873
0.000782261
0.00066881
0.000434343
0.000157897
4.35264e-05
0.000135919
0.000133844
6.35394e-05
3.37225e-05
0.000118014
0.000170313
0.000189108
0.000812124
0.000809873
0.000782261
0.00066881
0.000434343
0.000157897
4.35264e-05
0.000135919
0.000133844
6.35394e-05
3.37225e-05
0.000118014
0.000170313
0.000189108
0.000812124
0.000809873
0.000782261
0.00066881
0.000434343
0.000157897
4.35264e-05
0.000135919
0.000133844
6.35394e-05
3.37225e-05
0.000118014
0.000170313
0.000189108
0.000812124
0.000809873
0.000782261
0.00066881
0.000434343
0.000157897
4.35264e-05
0.000135919
0.000133844
6.35394e-05
3.37225e-05
0.000118014
0.000170313
0.000189108
0.000812124
0.000809873
0.000782261
0.00066881
0.000434343
0.000157897
4.35264e-05
0.000135919
0.000133844
6.35394e-05
3.37225e-05
0.000118014
0.000170313
0.000189108
0.000812124
0.000809873
0.000782261
0.00066881
0.000434343
0.000157897
4.35264e-05
0.000135919
0.000133844
6.35394e-05
3.37225e-05
0.000118014
0.000170313
0.000189108
0.000812124
0.000809873
0.000782261
0.00066881
0.000434343
0.000157897
4.35264e-05
0.000135919
0.000133844
6.35394e-05
3.37225e-05
0.000118014
0.000170313
0.000189108
0.000812124
0.000809873
0.000782261
0.00066881
0.000434343
0.000157897
4.35264e-05
0.000135919
0.000133844
6.35394e-05
3.37225e-05
0.000118014
0.000170313
0.000189108
0.000812124
0.000809873
0.000782261
0.00066881
0.000434343
0.000157897
4.35264e-05
0.000135919
0.000133844
6.35394e-05
3.37225e-05
0.000118014
0.000170313
0.000189108
0.000812124
0.000809873
0.000782261
0.00066881
0.000434343
0.000157897
4.35264e-05
0.000135919
0.000133844
6.35394e-05
3.37225e-05
0.000118014
0.000170313
0.000189108
0.000812124
0.000809873
0.000782261
0.00066881
0.000434343
0.000157897
4.35264e-05
0.000135919
0.000133844
6.35394e-05
3.37225e-05
0.000118014
0.000170313
0.000189108
0.000812124
0.000809873
0.000782261
0.00066881
0.000434343
0.000157897
4.35264e-05
0.000135919
0.000133844
6.35394e-05
3.37225e-05
0.000118014
0.000170313
0.000189108
0.000812124
0.000809873
0.000782261
0.00066881
0.000434343
0.000157897
4.35264e-05
0.000135919
0.000133844
6.35394e-05
3.37225e-05
0.000118014
0.000170313
0.000189108
0.000812124
0.000809873
0.000782261
0.00066881
0.000434343
0.000157897
4.35264e-05
0.000135919
0.000133844
6.35394e-05
3.37225e-05
0.000118014
0.000170313
0.000189108
0.000812124
0.000809873
0.000782261
0.00066881
0.000434343
0.000157897
4.35264e-05
0.000135919
0.000133844
6.35394e-05
3.37225e-05
0.000118014
0.000170313
0.000189108
0.000812124
0.000809873
0.000782261
0.00066881
0.000434343
0.000157897
4.35264e-05
0.000135919
0.000133844
6.35394e-05
3.37225e-05
0.000118014
0.000170313
0.000189108
0.000812124
0.000809873
0.000782261
0.00066881
0.000434343
0.000157897
4.35264e-05
0.000135919
0.000133844
6.35394e-05
3.37225e-05
0.000118014
0.000170313
0.000189108
0.000812124
0.000809873
0.000782261
0.00066881
0.000434343
0.000157897
4.35264e-05
0.000135919
0.000133844
6.35394e-05
3.37225e-05
0.000118014
0.000170313
0.000189108
0.000812124
0.000809873
0.000782261
0.00066881
0.000434343
0.000157897
4.35264e-05
0.000135919
0.000133844
6.35394e-05
3.37225e-05
0.000118014
0.000170313
0.000189108
0.000812124
0.000809873
0.000782261
0.00066881
0.000434343
0.000157897
4.35264e-05
0.000135919
0.000133844
6.35394e-05
3.37225e-05
0.000118014
0.000170313
0.000189108
0.000812124
0.000809873
0.000782261
0.00066881
0.000434343
0.000157897
4.35264e-05
0.000135919
0.000133844
6.35394e-05
3.37225e-05
0.000118014
0.000170313
0.000189108
0.000812124
0.000809873
0.000782261
0.00066881
0.000434343
0.000157897
4.35264e-05
0.000135919
0.000133844
6.35394e-05
3.37225e-05
0.000118014
0.000170313
0.000189108
0.000812124
0.000809873
0.000782261
0.00066881
0.000434343
0.000157897
4.35264e-05
0.000135919
0.000133844
6.35394e-05
3.37225e-05
0.000118014
0.000170313
0.000189108
0.000812124
0.000809873
0.000782261
0.00066881
0.000434343
0.000157897
4.35264e-05
0.000135919
0.000133844
6.35394e-05
3.37225e-05
0.000118014
0.000170313
0.000189108
0.000812124
0.000809873
0.000782261
0.00066881
0.000434343
0.000157897
4.35264e-05
0.000135919
0.000133844
6.35394e-05
3.37225e-05
0.000118014
0.000170313
0.000189108
0.000812124
0.000809873
0.000782261
0.00066881
0.000434343
0.000157897
4.35264e-05
0.000135919
0.000133844
6.35394e-05
3.37225e-05
0.000118014
0.000170313
0.000189108
0.000812124
0.000809873
0.000782261
0.00066881
0.000434343
0.000157897
4.35264e-05
0.000135919
0.000133844
6.35394e-05
3.37225e-05
0.000118014
0.000170313
0.000189108
0.000812124
0.000809873
0.000782261
0.00066881
0.000434343
0.000157897
4.35264e-05
0.000135919
0.000133844
6.35394e-05
3.37225e-05
0.000118014
0.000170313
0.000189108
0.000812124
0.000809873
0.000782261
0.00066881
0.000434343
0.000157897
4.35264e-05
0.000135919
0.000133844
6.35394e-05
3.37225e-05
0.000118014
0.000170313
0.000189108
0.000812124
0.000809873
0.000782261
0.00066881
0.000434343
0.000157897
4.35264e-05
0.000135919
0.000133844
6.35394e-05
3.37225e-05
0.000118014
0.000170313
0.000189108
0.000812124
0.000809873
0.000782261
0.00066881
0.000434343
0.000157897
4.35264e-05
0.000135919
0.000133844
6.35394e-05
3.37225e-05
0.000118014
0.000170313
0.000189108
0.000812124
0.000809873
0.000782261
0.00066881
0.000434343
0.000157897
4.35264e-05
0.000135919
0.000133844
6.35394e-05
3.37225e-05
0.000118014
0.000170313
0.000189108
0.000812124
0.000809873
0.000782261
0.00066881
0.000434343
0.000157897
4.35264e-05
0.000135919
0.000133844
6.35394e-05
3.37225e-05
0.000118014
0.000170313
0.000189108
0.000812124
0.000809873
0.000782261
0.00066881
0.000434343
0.000157897
4.35264e-05
0.000135919
0.000133844
6.35394e-05
3.37225e-05
0.000118014
0.000170313
0.000189108
0.000812124
0.000809873
0.000782261
0.00066881
0.000434343
0.000157897
4.35264e-05
0.000135919
0.000133844
6.35394e-05
3.37225e-05
0.000118014
0.000170313
0.000189108
0.000812124
0.000809873
0.000782261
0.00066881
0.000434343
0.000157897
4.35264e-05
0.000135919
0.000133844
6.35394e-05
3.37225e-05
0.000118014
0.000170313
0.000189108
0.000812124
0.000809873
0.000782261
0.00066881
0.000434343
0.000157897
4.35264e-05
0.000135919
0.000133844
6.35394e-05
3.37225e-05
0.000118014
0.000170313
0.000189108
0.000812124
0.000809873
0.000782261
0.00066881
0.000434343
0.000157897
4.35264e-05
0.000135919
0.000133844
6.35394e-05
3.37225e-05
0.000118014
0.000170313
0.000189108
0.000812124
0.000809873
0.000782261
0.00066881
0.000434343
0.000157897
4.35264e-05
0.000135919
0.000133844
6.35394e-05
3.37225e-05
0.000118014
0.000170313
0.000189108
0.000812124
0.000809873
0.000782261
0.00066881
0.000434343
0.000157897
4.35264e-05
0.000135919
0.000133844
6.35394e-05
3.37225e-05
0.000118014
0.000170313
0.000189108
0.000812124
0.000809873
0.000782261
0.00066881
0.000434343
0.000157897
4.35264e-05
0.000135919
0.000133844
6.35394e-05
3.37225e-05
0.000118014
0.000170313
0.000189108
0.000812124
0.000809873
0.000782261
0.00066881
0.000434343
0.000157897
4.35264e-05
0.000135919
0.000133844
6.35394e-05
3.37225e-05
0.000118014
0.000170313
0.000189108
0.000812124
0.000809873
0.000782261
0.00066881
0.000434343
0.000157897
4.35264e-05
0.000135919
0.000133844
6.35394e-05
3.37225e-05
0.000118014
0.000170313
0.000189108
0.000812124
0.000809873
0.000782261
0.00066881
0.000434343
0.000157897
4.35264e-05
0.000135919
0.000133844
6.35394e-05
3.37225e-05
0.000118014
0.000170313
0.000189108
0.000812124
0.000809873
0.000782261
0.00066881
0.000434343
0.000157897
4.35264e-05
0.000135919
0.000133844
6.35394e-05
3.37225e-05
0.000118014
0.000170313
0.000189108
0.000812124
0.000809873
0.000782261
0.00066881
0.000434343
0.000157897
4.35264e-05
0.000135919
0.000133844
6.35394e-05
3.37225e-05
0.000118014
0.000170313
0.000189108
0.000812124
0.000809873
0.000782261
0.00066881
0.000434343
0.000157897
4.35264e-05
0.000135919
0.000133844
6.35394e-05
3.37225e-05
0.000118014
0.000170313
0.000189108
0.000812124
0.000809873
0.000782261
0.00066881
0.000434343
0.000157897
4.35264e-05
0.000135919
0.000133844
6.35394e-05
3.37225e-05
0.000118014
0.000170313
0.000189108
0.000812124
0.000809873
0.000782261
0.00066881
0.000434343
0.000157897
4.35264e-05
0.000135919
0.000133844
6.35394e-05
3.37225e-05
0.000118014
0.000170313
0.000189108
0.000812124
0.000809873
0.000782261
0.00066881
0.000434343
0.000157897
4.35264e-05
0.000135919
0.000133844
6.35394e-05
3.37225e-05
0.000118014
0.000170313
0.000189108
0.000812124
0.000809873
0.000782261
0.00066881
0.000434343
0.000157897
4.35264e-05
0.000135919
0.000133844
6.35394e-05
3.37225e-05
0.000118014
0.000170313
0.000189108
0.000812124
0.000809873
0.000782261
0.00066881
0.000434343
0.000157897
4.35264e-05
0.000135919
0.000133844
6.35394e-05
3.37225e-05
0.000118014
0.000170313
0.000189108
0.000812124
0.000809873
0.000782261
0.00066881
0.000434343
0.000157897
4.35264e-05
0.000135919
0.000133844
6.35394e-05
3.37225e-05
0.000118014
0.000170313
0.000189108
0.000812124
0.000809873
0.000782261
0.00066881
0.000434343
0.000157897
4.35264e-05
0.000135919
0.000133844
6.35394e-05
3.37225e-05
0.000118014
0.000170313
0.000189108
0.000812124
0.000809873
0.000782261
0.00066881
0.000434343
0.000157897
4.35264e-05
0.000135919
0.000133844
6.35394e-05
3.37225e-05
0.000118014
0.000170313
0.000189108
0.000812124
0.000809873
0.000782261
0.00066881
0.000434343
0.000157897
4.35264e-05
0.000135919
0.000133844
6.35394e-05
3.37225e-05
0.000118014
0.000170313
0.000189108
0.000812124
0.000809873
0.000782261
0.00066881
0.000434343
0.000157897
4.35264e-05
0.000135919
0.000133844
6.35394e-05
3.37225e-05
0.000118014
0.000170313
0.000189108
0.000812124
0.000809873
0.000782261
0.00066881
0.000434343
0.000157897
4.35264e-05
0.000135919
0.000133844
6.35394e-05
3.37225e-05
0.000118014
0.000170313
0.000189108
0.000812124
0.000809873
0.000782261
0.00066881
0.000434343
0.000157897
4.35264e-05
0.000135919
0.000133844
6.35394e-05
3.37225e-05
0.000118014
0.000170313
0.000189108
0.000812124
0.000809873
0.000782261
0.00066881
0.000434343
0.000157897
4.35264e-05
0.000135919
0.000133844
6.35394e-05
3.37225e-05
0.000118014
0.000170313
0.000189108
0.000812124
0.000809873
0.000782261
0.00066881
0.000434343
0.000157897
4.35264e-05
0.000135919
0.000133844
6.35394e-05
3.37225e-05
0.000118014
0.000170313
0.000189108
0.000812124
0.000809873
0.000782261
0.00066881
0.000434343
0.000157897
4.35264e-05
0.000135919
0.000133844
6.35394e-05
3.37225e-05
0.000118014
0.000170313
0.000189108
0.000812124
0.000809873
0.000782261
0.00066881
0.000434343
0.000157897
4.35264e-05
0.000135919
0.000133844
6.35394e-05
3.37225e-05
0.000118014
0.000170313
0.000189108
0.000812124
0.000809873
0.000782261
0.00066881
0.000434343
0.000157897
4.35264e-05
0.000135919
0.000133844
6.35394e-05
3.37225e-05
0.000118014
0.000170313
0.000189108
0.000812124
0.000809873
0.000782261
0.00066881
0.000434343
0.000157897
4.35264e-05
0.000135919
0.000133844
6.35394e-05
3.37225e-05
0.000118014
0.000170313
0.000189108
0.000812124
0.000809873
0.000782261
0.00066881
0.000434343
0.000157897
4.35264e-05
0.000135919
0.000133844
6.35394e-05
3.37225e-05
0.000118014
0.000170313
0.000189108
0.000812124
0.000809873
0.000782261
0.00066881
0.000434343
0.000157897
4.35264e-05
0.000135919
0.000133844
6.35394e-05
3.37225e-05
0.000118014
0.000170313
0.000189108
0.000812124
0.000809873
0.000782261
0.00066881
0.000434343
0.000157897
4.35264e-05
0.000135919
0.000133844
6.35394e-05
3.37225e-05
0.000118014
0.000170313
0.000189108
0.000812124
0.000809873
0.000782261
0.00066881
0.000434343
0.000157897
4.35264e-05
0.000135919
0.000133844
6.35394e-05
3.37225e-05
0.000118014
0.000170313
0.000189108
0.000812124
0.000809873
0.000782261
0.00066881
0.000434343
0.000157897
4.35264e-05
0.000135919
0.000133844
6.35394e-05
3.37225e-05
0.000118014
0.000170313
0.000189108
0.000812124
0.000809873
0.000782261
0.00066881
0.000434343
0.000157897
4.35264e-05
0.000135919
0.000133844
6.35394e-05
3.37225e-05
0.000118014
0.000170313
0.000189108
0.000812124
0.000809873
0.000782261
0.00066881
0.000434343
0.000157897
4.35264e-05
0.000135919
0.000133844
6.35394e-05
3.37225e-05
0.000118014
0.000170313
0.000189108
0.000812124
0.000809873
0.000782261
0.00066881
0.000434343
0.000157897
4.35264e-05
0.000135919
0.000133844
6.35394e-05
3.37225e-05
0.000118014
0.000170313
0.000189108
0.000812124
0.000809873
0.000782261
0.00066881
0.000434343
0.000157897
4.35264e-05
0.000135919
0.000133844
6.35394e-05
3.37225e-05
0.000118014
0.000170313
0.000189108
0.000812124
0.000809873
0.000782261
0.00066881
0.000434343
0.000157897
4.35264e-05
0.000135919
0.000133844
6.35394e-05
3.37225e-05
0.000118014
0.000170313
0.000189108
0.000812124
0.000809873
0.000782261
0.00066881
0.000434343
0.000157897
4.35264e-05
0.000135919
0.000133844
6.35394e-05
3.37225e-05
0.000118014
0.000170313
0.000189108
0.000812124
0.000809873
0.000782261
0.00066881
0.000434343
0.000157897
4.35264e-05
0.000135919
0.000133844
6.35394e-05
3.37225e-05
0.000118014
0.000170313
0.000189108
0.000541416
0.000539915
0.000521507
0.000445873
0.000289563
0.000105269
2.90075e-05
9.0598e-05
8.92146e-05
4.23518e-05
2.24743e-05
7.86499e-05
0.000113501
0.000126023
0.000541416
0.000540307
0.000526305
0.000458298
0.000293955
7.54332e-05
9.86663e-05
0.000178308
0.000148018
4.66775e-05
1.61914e-05
3.51521e-05
7.22588e-05
7.33268e-05
0.000541416
0.000540753
0.000526444
0.000455195
0.000296807
0.000105223
3.5269e-05
0.00010087
9.97616e-05
4.71993e-05
2.2444e-05
7.46596e-05
0.000108156
0.000126882
0.000541416
0.000540406
0.000524318
0.000451217
0.000294396
0.00010741
2.88171e-05
9.16867e-05
9.1134e-05
4.36575e-05
2.24673e-05
7.8451e-05
0.000112766
0.000127144
0.000541416
0.000540172
0.000522975
0.000448702
0.000292277
0.000106805
2.82877e-05
9.04135e-05
8.95121e-05
4.26509e-05
2.25501e-05
7.87265e-05
0.000113425
0.00012679
0.000541416
0.000540046
0.000522254
0.000447325
0.000290993
0.000106147
2.85084e-05
9.03479e-05
8.9216e-05
4.24102e-05
2.25446e-05
7.8726e-05
0.000113527
0.000126468
0.000541416
0.000539981
0.000521884
0.000446608
0.000290296
0.000105735
2.87249e-05
9.0436e-05
8.91804e-05
4.23581e-05
2.2519e-05
7.86975e-05
0.000113529
0.000126262
0.000541416
0.000539948
0.000521696
0.000446243
0.000289934
0.000105509
2.88581e-05
9.0508e-05
8.9189e-05
4.23492e-05
2.24992e-05
7.86761e-05
0.000113519
0.000126147
0.000541416
0.000539932
0.000521602
0.000446059
0.00028975
0.000105391
2.89308e-05
9.05508e-05
8.91997e-05
4.23491e-05
2.24874e-05
7.86636e-05
0.000113511
0.000126086
0.000541416
0.000539923
0.000521554
0.000445966
0.000289657
0.00010533
2.89687e-05
9.05738e-05
8.92066e-05
4.23501e-05
2.24811e-05
7.86569e-05
0.000113506
0.000126055
0.000541416
0.000539919
0.000521531
0.00044592
0.00028961
0.0001053
2.8988e-05
9.05858e-05
8.92105e-05
4.23508e-05
2.24777e-05
7.86535e-05
0.000113503
0.000126039
0.000541416
0.000539917
0.000521519
0.000445897
0.000289587
0.000105285
2.89977e-05
9.05918e-05
8.92125e-05
4.23513e-05
2.24761e-05
7.86517e-05
0.000113502
0.000126031
0.000541416
0.000539916
0.000521513
0.000445885
0.000289575
0.000105277
2.90026e-05
9.05949e-05
8.92135e-05
4.23515e-05
2.24752e-05
7.86508e-05
0.000113501
0.000126027
0.000541416
0.000539915
0.00052151
0.000445879
0.000289569
0.000105273
2.90051e-05
9.05964e-05
8.92141e-05
4.23516e-05
2.24748e-05
7.86504e-05
0.000113501
0.000126025
0.000541416
0.000539915
0.000521508
0.000445876
0.000289566
0.000105271
2.90063e-05
9.05972e-05
8.92143e-05
4.23517e-05
2.24746e-05
7.86501e-05
0.000113501
0.000126024
0.000541416
0.000539915
0.000521508
0.000445875
0.000289565
0.00010527
2.90069e-05
9.05976e-05
8.92145e-05
4.23517e-05
2.24744e-05
7.865e-05
0.000113501
0.000126023
0.000541416
0.000539915
0.000521507
0.000445874
0.000289564
0.00010527
2.90072e-05
9.05978e-05
8.92145e-05
4.23518e-05
2.24744e-05
7.865e-05
0.000113501
0.000126023
0.000541416
0.000539915
0.000521507
0.000445874
0.000289564
0.00010527
2.90074e-05
9.05979e-05
8.92146e-05
4.23518e-05
2.24744e-05
7.86499e-05
0.000113501
0.000126023
0.000541416
0.000539915
0.000521507
0.000445873
0.000289564
0.000105269
2.90075e-05
9.05979e-05
8.92146e-05
4.23518e-05
2.24744e-05
7.86499e-05
0.000113501
0.000126023
0.000541416
0.000539915
0.000521507
0.000445873
0.000289563
0.000105269
2.90075e-05
9.05979e-05
8.92146e-05
4.23518e-05
2.24743e-05
7.86499e-05
0.000113501
0.000126023
0.000541416
0.000539915
0.000521507
0.000445873
0.000289563
0.000105269
2.90075e-05
9.05979e-05
8.92146e-05
4.23518e-05
2.24743e-05
7.86499e-05
0.000113501
0.000126023
0.000541416
0.000539915
0.000521507
0.000445873
0.000289563
0.000105269
2.90075e-05
9.0598e-05
8.92146e-05
4.23518e-05
2.24743e-05
7.86499e-05
0.000113501
0.000126023
0.000541416
0.000539915
0.000521507
0.000445873
0.000289563
0.000105269
2.90075e-05
9.0598e-05
8.92146e-05
4.23518e-05
2.24743e-05
7.86499e-05
0.000113501
0.000126023
0.000541416
0.000539915
0.000521507
0.000445873
0.000289563
0.000105269
2.90075e-05
9.0598e-05
8.92146e-05
4.23518e-05
2.24743e-05
7.86499e-05
0.000113501
0.000126023
0.000541416
0.000539915
0.000521507
0.000445873
0.000289563
0.000105269
2.90075e-05
9.0598e-05
8.92146e-05
4.23518e-05
2.24743e-05
7.86499e-05
0.000113501
0.000126023
0.000541416
0.000539915
0.000521507
0.000445873
0.000289563
0.000105269
2.90075e-05
9.0598e-05
8.92146e-05
4.23518e-05
2.24743e-05
7.86499e-05
0.000113501
0.000126023
0.000541416
0.000539915
0.000521507
0.000445873
0.000289563
0.000105269
2.90075e-05
9.0598e-05
8.92146e-05
4.23518e-05
2.24743e-05
7.86499e-05
0.000113501
0.000126023
0.000541416
0.000539915
0.000521507
0.000445873
0.000289563
0.000105269
2.90075e-05
9.0598e-05
8.92146e-05
4.23518e-05
2.24743e-05
7.86499e-05
0.000113501
0.000126023
0.000541416
0.000539915
0.000521507
0.000445873
0.000289563
0.000105269
2.90075e-05
9.0598e-05
8.92146e-05
4.23518e-05
2.24743e-05
7.86499e-05
0.000113501
0.000126023
0.000541416
0.000539915
0.000521507
0.000445873
0.000289563
0.000105269
2.90075e-05
9.0598e-05
8.92146e-05
4.23518e-05
2.24743e-05
7.86499e-05
0.000113501
0.000126023
0.000541416
0.000539915
0.000521507
0.000445873
0.000289563
0.000105269
2.90075e-05
9.0598e-05
8.92146e-05
4.23518e-05
2.24743e-05
7.86499e-05
0.000113501
0.000126023
0.000541416
0.000539915
0.000521507
0.000445873
0.000289563
0.000105269
2.90075e-05
9.0598e-05
8.92146e-05
4.23518e-05
2.24743e-05
7.86499e-05
0.000113501
0.000126023
0.000541416
0.000539915
0.000521507
0.000445873
0.000289563
0.000105269
2.90075e-05
9.0598e-05
8.92146e-05
4.23518e-05
2.24743e-05
7.86499e-05
0.000113501
0.000126023
0.000541416
0.000539915
0.000521507
0.000445873
0.000289563
0.000105269
2.90075e-05
9.0598e-05
8.92146e-05
4.23518e-05
2.24743e-05
7.86499e-05
0.000113501
0.000126023
0.000541416
0.000539915
0.000521507
0.000445873
0.000289563
0.000105269
2.90075e-05
9.0598e-05
8.92146e-05
4.23518e-05
2.24743e-05
7.86499e-05
0.000113501
0.000126023
0.000541416
0.000539915
0.000521507
0.000445873
0.000289563
0.000105269
2.90075e-05
9.0598e-05
8.92146e-05
4.23518e-05
2.24743e-05
7.86499e-05
0.000113501
0.000126023
0.000541416
0.000539915
0.000521507
0.000445873
0.000289563
0.000105269
2.90075e-05
9.0598e-05
8.92146e-05
4.23518e-05
2.24743e-05
7.86499e-05
0.000113501
0.000126023
0.000541416
0.000539915
0.000521507
0.000445873
0.000289563
0.000105269
2.90075e-05
9.0598e-05
8.92146e-05
4.23518e-05
2.24743e-05
7.86499e-05
0.000113501
0.000126023
0.000541416
0.000539915
0.000521507
0.000445873
0.000289563
0.000105269
2.90075e-05
9.0598e-05
8.92146e-05
4.23518e-05
2.24743e-05
7.86499e-05
0.000113501
0.000126023
0.000541416
0.000539915
0.000521507
0.000445873
0.000289563
0.000105269
2.90075e-05
9.0598e-05
8.92146e-05
4.23518e-05
2.24743e-05
7.86499e-05
0.000113501
0.000126023
0.000541416
0.000539915
0.000521507
0.000445873
0.000289563
0.000105269
2.90075e-05
9.0598e-05
8.92146e-05
4.23518e-05
2.24743e-05
7.86499e-05
0.000113501
0.000126023
0.000541416
0.000539915
0.000521507
0.000445873
0.000289563
0.000105269
2.90075e-05
9.0598e-05
8.92146e-05
4.23518e-05
2.24743e-05
7.86499e-05
0.000113501
0.000126023
0.000541416
0.000539915
0.000521507
0.000445873
0.000289563
0.000105269
2.90075e-05
9.0598e-05
8.92146e-05
4.23518e-05
2.24743e-05
7.86499e-05
0.000113501
0.000126023
0.000541416
0.000539915
0.000521507
0.000445873
0.000289563
0.000105269
2.90075e-05
9.0598e-05
8.92146e-05
4.23518e-05
2.24743e-05
7.86499e-05
0.000113501
0.000126023
0.000541416
0.000539915
0.000521507
0.000445873
0.000289563
0.000105269
2.90075e-05
9.0598e-05
8.92146e-05
4.23518e-05
2.24743e-05
7.86499e-05
0.000113501
0.000126023
0.000541416
0.000539915
0.000521507
0.000445873
0.000289563
0.000105269
2.90075e-05
9.0598e-05
8.92146e-05
4.23518e-05
2.24743e-05
7.86499e-05
0.000113501
0.000126023
0.000541416
0.000539915
0.000521507
0.000445873
0.000289563
0.000105269
2.90075e-05
9.0598e-05
8.92146e-05
4.23518e-05
2.24743e-05
7.86499e-05
0.000113501
0.000126023
0.000541416
0.000539915
0.000521507
0.000445873
0.000289563
0.000105269
2.90075e-05
9.0598e-05
8.92146e-05
4.23518e-05
2.24743e-05
7.86499e-05
0.000113501
0.000126023
0.000541416
0.000539915
0.000521507
0.000445873
0.000289563
0.000105269
2.90075e-05
9.0598e-05
8.92146e-05
4.23518e-05
2.24743e-05
7.86499e-05
0.000113501
0.000126023
0.000541416
0.000539915
0.000521507
0.000445873
0.000289563
0.000105269
2.90075e-05
9.0598e-05
8.92146e-05
4.23518e-05
2.24743e-05
7.86499e-05
0.000113501
0.000126023
0.000541416
0.000539915
0.000521507
0.000445873
0.000289563
0.000105269
2.90075e-05
9.0598e-05
8.92146e-05
4.23518e-05
2.24743e-05
7.86499e-05
0.000113501
0.000126023
0.000541416
0.000539915
0.000521507
0.000445873
0.000289563
0.000105269
2.90075e-05
9.0598e-05
8.92146e-05
4.23518e-05
2.24743e-05
7.86499e-05
0.000113501
0.000126023
0.000541416
0.000539915
0.000521507
0.000445873
0.000289563
0.000105269
2.90075e-05
9.0598e-05
8.92146e-05
4.23518e-05
2.24743e-05
7.86499e-05
0.000113501
0.000126023
0.000541416
0.000539915
0.000521507
0.000445873
0.000289563
0.000105269
2.90075e-05
9.0598e-05
8.92146e-05
4.23518e-05
2.24743e-05
7.86499e-05
0.000113501
0.000126023
0.000541416
0.000539915
0.000521507
0.000445873
0.000289563
0.000105269
2.90075e-05
9.0598e-05
8.92146e-05
4.23518e-05
2.24743e-05
7.86499e-05
0.000113501
0.000126023
0.000541416
0.000539915
0.000521507
0.000445873
0.000289563
0.000105269
2.90075e-05
9.0598e-05
8.92146e-05
4.23518e-05
2.24743e-05
7.86499e-05
0.000113501
0.000126023
0.000541416
0.000539915
0.000521507
0.000445873
0.000289563
0.000105269
2.90075e-05
9.0598e-05
8.92146e-05
4.23518e-05
2.24743e-05
7.86499e-05
0.000113501
0.000126023
0.000541416
0.000539915
0.000521507
0.000445873
0.000289563
0.000105269
2.90075e-05
9.0598e-05
8.92146e-05
4.23518e-05
2.24743e-05
7.86499e-05
0.000113501
0.000126023
0.000541416
0.000539915
0.000521507
0.000445873
0.000289563
0.000105269
2.90075e-05
9.0598e-05
8.92146e-05
4.23518e-05
2.24743e-05
7.86499e-05
0.000113501
0.000126023
0.000541416
0.000539915
0.000521507
0.000445873
0.000289563
0.000105269
2.90075e-05
9.0598e-05
8.92146e-05
4.23518e-05
2.24743e-05
7.86499e-05
0.000113501
0.000126023
0.000541416
0.000539915
0.000521507
0.000445873
0.000289563
0.000105269
2.90075e-05
9.0598e-05
8.92146e-05
4.23518e-05
2.24743e-05
7.86499e-05
0.000113501
0.000126023
0.000541416
0.000539915
0.000521507
0.000445873
0.000289563
0.000105269
2.90075e-05
9.0598e-05
8.92146e-05
4.23518e-05
2.24743e-05
7.86499e-05
0.000113501
0.000126023
0.000541416
0.000539915
0.000521507
0.000445873
0.000289563
0.000105269
2.90075e-05
9.0598e-05
8.92146e-05
4.23518e-05
2.24743e-05
7.86499e-05
0.000113501
0.000126023
0.000541416
0.000539915
0.000521507
0.000445873
0.000289563
0.000105269
2.90075e-05
9.0598e-05
8.92146e-05
4.23518e-05
2.24743e-05
7.86499e-05
0.000113501
0.000126023
0.000541416
0.000539915
0.000521507
0.000445873
0.000289563
0.000105269
2.90075e-05
9.0598e-05
8.92146e-05
4.23518e-05
2.24743e-05
7.86499e-05
0.000113501
0.000126023
0.000541416
0.000539915
0.000521507
0.000445873
0.000289563
0.000105269
2.90075e-05
9.0598e-05
8.92146e-05
4.23518e-05
2.24743e-05
7.86499e-05
0.000113501
0.000126023
0.000541416
0.000539915
0.000521507
0.000445873
0.000289563
0.000105269
2.90075e-05
9.0598e-05
8.92146e-05
4.23518e-05
2.24743e-05
7.86499e-05
0.000113501
0.000126023
0.000541416
0.000539915
0.000521507
0.000445873
0.000289563
0.000105269
2.90075e-05
9.0598e-05
8.92146e-05
4.23518e-05
2.24743e-05
7.86499e-05
0.000113501
0.000126023
0.000541416
0.000539915
0.000521507
0.000445873
0.000289563
0.000105269
2.90075e-05
9.0598e-05
8.92146e-05
4.23518e-05
2.24743e-05
7.86499e-05
0.000113501
0.000126023
0.000541416
0.000539915
0.000521507
0.000445873
0.000289563
0.000105269
2.90075e-05
9.0598e-05
8.92146e-05
4.23518e-05
2.24743e-05
7.86499e-05
0.000113501
0.000126023
0.000541416
0.000539915
0.000521507
0.000445873
0.000289563
0.000105269
2.90075e-05
9.0598e-05
8.92146e-05
4.23518e-05
2.24743e-05
7.86499e-05
0.000113501
0.000126023
0.000541416
0.000539915
0.000521507
0.000445873
0.000289563
0.000105269
2.90075e-05
9.0598e-05
8.92146e-05
4.23518e-05
2.24743e-05
7.86499e-05
0.000113501
0.000126023
0.000541416
0.000539915
0.000521507
0.000445873
0.000289563
0.000105269
2.90075e-05
9.0598e-05
8.92146e-05
4.23518e-05
2.24743e-05
7.86499e-05
0.000113501
0.000126023
0.000541416
0.000539915
0.000521507
0.000445873
0.000289563
0.000105269
2.90075e-05
9.0598e-05
8.92146e-05
4.23518e-05
2.24743e-05
7.86499e-05
0.000113501
0.000126023
0.000541416
0.000539915
0.000521507
0.000445873
0.000289563
0.000105269
2.90075e-05
9.0598e-05
8.92146e-05
4.23518e-05
2.24743e-05
7.86499e-05
0.000113501
0.000126023
0.000541416
0.000539915
0.000521507
0.000445873
0.000289563
0.000105269
2.90075e-05
9.0598e-05
8.92146e-05
4.23518e-05
2.24743e-05
7.86499e-05
0.000113501
0.000126023
0.000541416
0.000539915
0.000521507
0.000445873
0.000289563
0.000105269
2.90075e-05
9.0598e-05
8.92146e-05
4.23518e-05
2.24743e-05
7.86499e-05
0.000113501
0.000126023
0.000541416
0.000539915
0.000521507
0.000445873
0.000289563
0.000105269
2.90075e-05
9.0598e-05
8.92146e-05
4.23518e-05
2.24743e-05
7.86499e-05
0.000113501
0.000126023
0.000541416
0.000539915
0.000521507
0.000445873
0.000289563
0.000105269
2.90075e-05
9.0598e-05
8.92146e-05
4.23518e-05
2.24743e-05
7.86499e-05
0.000113501
0.000126023
0.000541416
0.000539915
0.000521507
0.000445873
0.000289563
0.000105269
2.90075e-05
9.0598e-05
8.92146e-05
4.23518e-05
2.24743e-05
7.86499e-05
0.000113501
0.000126023
0.000541416
0.000539915
0.000521507
0.000445873
0.000289563
0.000105269
2.90075e-05
9.0598e-05
8.92146e-05
4.23518e-05
2.24743e-05
7.86499e-05
0.000113501
0.000126023
0.000541416
0.000539915
0.000521507
0.000445873
0.000289563
0.000105269
2.90075e-05
9.0598e-05
8.92146e-05
4.23518e-05
2.24743e-05
7.86499e-05
0.000113501
0.000126023
0.000541416
0.000539915
0.000521507
0.000445873
0.000289563
0.000105269
2.90075e-05
9.0598e-05
8.92146e-05
4.23518e-05
2.24743e-05
7.86499e-05
0.000113501
0.000126023
0.000541416
0.000539915
0.000521507
0.000445873
0.000289563
0.000105269
2.90075e-05
9.0598e-05
8.92146e-05
4.23518e-05
2.24743e-05
7.86499e-05
0.000113501
0.000126023
0.000541416
0.000539915
0.000521507
0.000445873
0.000289563
0.000105269
2.90075e-05
9.0598e-05
8.92146e-05
4.23518e-05
2.24743e-05
7.86499e-05
0.000113501
0.000126023
0.000541416
0.000539915
0.000521507
0.000445873
0.000289563
0.000105269
2.90075e-05
9.0598e-05
8.92146e-05
4.23518e-05
2.24743e-05
7.86499e-05
0.000113501
0.000126023
0.000541416
0.000539915
0.000521507
0.000445873
0.000289563
0.000105269
2.90075e-05
9.0598e-05
8.92146e-05
4.23518e-05
2.24743e-05
7.86499e-05
0.000113501
0.000126023
0.000541416
0.000539915
0.000521507
0.000445873
0.000289563
0.000105269
2.90075e-05
9.0598e-05
8.92146e-05
4.23518e-05
2.24743e-05
7.86499e-05
0.000113501
0.000126023
0.000541416
0.000539915
0.000521507
0.000445873
0.000289563
0.000105269
2.90075e-05
9.0598e-05
8.92146e-05
4.23518e-05
2.24743e-05
7.86499e-05
0.000113501
0.000126023
0.000541416
0.000539915
0.000521507
0.000445873
0.000289563
0.000105269
2.90075e-05
9.0598e-05
8.92146e-05
4.23518e-05
2.24743e-05
7.86499e-05
0.000113501
0.000126023
0.000541416
0.000539915
0.000521507
0.000445873
0.000289563
0.000105269
2.90075e-05
9.0598e-05
8.92146e-05
4.23518e-05
2.24743e-05
7.86499e-05
0.000113501
0.000126023
0.000541416
0.000539915
0.000521507
0.000445873
0.000289563
0.000105269
2.90075e-05
9.0598e-05
8.92146e-05
4.23518e-05
2.24743e-05
7.86499e-05
0.000113501
0.000126023
0.000541416
0.000539915
0.000521507
0.000445873
0.000289563
0.000105269
2.90075e-05
9.0598e-05
8.92146e-05
4.23518e-05
2.24743e-05
7.86499e-05
0.000113501
0.000126023
0.000541416
0.000539915
0.000521507
0.000445873
0.000289563
0.000105269
2.90075e-05
9.0598e-05
8.92146e-05
4.23518e-05
2.24743e-05
7.86499e-05
0.000113501
0.000126023
0.000541416
0.000539915
0.000521507
0.000445873
0.000289563
0.000105269
2.90075e-05
9.0598e-05
8.92146e-05
4.23518e-05
2.24743e-05
7.86499e-05
0.000113501
0.000126023
0.000541416
0.000539915
0.000521507
0.000445873
0.000289563
0.000105269
2.90075e-05
9.0598e-05
8.92146e-05
4.23518e-05
2.24743e-05
7.86499e-05
0.000113501
0.000126023
0.000541416
0.000539915
0.000521507
0.000445873
0.000289563
0.000105269
2.90075e-05
9.0598e-05
8.92146e-05
4.23518e-05
2.24743e-05
7.86499e-05
0.000113501
0.000126023
0.000541416
0.000539915
0.000521507
0.000445873
0.000289563
0.000105269
2.90075e-05
9.0598e-05
8.92146e-05
4.23518e-05
2.24743e-05
7.86499e-05
0.000113501
0.000126023
0.000541416
0.000539915
0.000521507
0.000445873
0.000289563
0.000105269
2.90075e-05
9.0598e-05
8.92146e-05
4.23518e-05
2.24743e-05
7.86499e-05
0.000113501
0.000126023
0.000541416
0.000539915
0.000521507
0.000445873
0.000289563
0.000105269
2.90075e-05
9.0598e-05
8.92146e-05
4.23518e-05
2.24743e-05
7.86499e-05
0.000113501
0.000126023
0.000541416
0.000539915
0.000521507
0.000445873
0.000289563
0.000105269
2.90075e-05
9.0598e-05
8.92146e-05
4.23518e-05
2.24743e-05
7.86499e-05
0.000113501
0.000126023
0.000541416
0.000539915
0.000521507
0.000445873
0.000289563
0.000105269
2.90075e-05
9.0598e-05
8.92146e-05
4.23518e-05
2.24743e-05
7.86499e-05
0.000113501
0.000126023
0.000541416
0.000539915
0.000521507
0.000445873
0.000289563
0.000105269
2.90075e-05
9.0598e-05
8.92146e-05
4.23518e-05
2.24743e-05
7.86499e-05
0.000113501
0.000126023
0.000541416
0.000539915
0.000521507
0.000445873
0.000289563
0.000105269
2.90075e-05
9.0598e-05
8.92146e-05
4.23518e-05
2.24743e-05
7.86499e-05
0.000113501
0.000126023
0.000541416
0.000539915
0.000521507
0.000445873
0.000289563
0.000105269
2.90075e-05
9.0598e-05
8.92146e-05
4.23518e-05
2.24743e-05
7.86499e-05
0.000113501
0.000126023
0.000541416
0.000539915
0.000521507
0.000445873
0.000289563
0.000105269
2.90075e-05
9.0598e-05
8.92146e-05
4.23518e-05
2.24743e-05
7.86499e-05
0.000113501
0.000126023
0.000541416
0.000539915
0.000521507
0.000445873
0.000289563
0.000105269
2.90075e-05
9.0598e-05
8.92146e-05
4.23518e-05
2.24743e-05
7.86499e-05
0.000113501
0.000126023
0.000541416
0.000539915
0.000521507
0.000445873
0.000289563
0.000105269
2.90075e-05
9.0598e-05
8.92146e-05
4.23518e-05
2.24743e-05
7.86499e-05
0.000113501
0.000126023
0.000541416
0.000539915
0.000521507
0.000445873
0.000289563
0.000105269
2.90075e-05
9.0598e-05
8.92146e-05
4.23518e-05
2.24743e-05
7.86499e-05
0.000113501
0.000126023
0.000541416
0.000539915
0.000521507
0.000445873
0.000289563
0.000105269
2.90075e-05
9.0598e-05
8.92146e-05
4.23518e-05
2.24743e-05
7.86499e-05
0.000113501
0.000126023
0.000541416
0.000539915
0.000521507
0.000445873
0.000289563
0.000105269
2.90075e-05
9.0598e-05
8.92146e-05
4.23518e-05
2.24743e-05
7.86499e-05
0.000113501
0.000126023
0.000541416
0.000539915
0.000521507
0.000445873
0.000289563
0.000105269
2.90075e-05
9.0598e-05
8.92146e-05
4.23518e-05
2.24743e-05
7.86499e-05
0.000113501
0.000126023
0.000541416
0.000539915
0.000521507
0.000445873
0.000289563
0.000105269
2.90075e-05
9.0598e-05
8.92146e-05
4.23518e-05
2.24743e-05
7.86499e-05
0.000113501
0.000126023
0.000541416
0.000539915
0.000521507
0.000445873
0.000289563
0.000105269
2.90075e-05
9.0598e-05
8.92146e-05
4.23518e-05
2.24743e-05
7.86499e-05
0.000113501
0.000126023
0.000541416
0.000539915
0.000521507
0.000445873
0.000289563
0.000105269
2.90075e-05
9.0598e-05
8.92146e-05
4.23518e-05
2.24743e-05
7.86499e-05
0.000113501
0.000126023
0.000541416
0.000539915
0.000521507
0.000445873
0.000289563
0.000105269
2.90075e-05
9.0598e-05
8.92146e-05
4.23518e-05
2.24743e-05
7.86499e-05
0.000113501
0.000126023
0.000541416
0.000539915
0.000521507
0.000445873
0.000289563
0.000105269
2.90075e-05
9.0598e-05
8.92146e-05
4.23518e-05
2.24743e-05
7.86499e-05
0.000113501
0.000126023
0.000541416
0.000539915
0.000521507
0.000445873
0.000289563
0.000105269
2.90075e-05
9.0598e-05
8.92146e-05
4.23518e-05
2.24743e-05
7.86499e-05
0.000113501
0.000126023
0.000541416
0.000539915
0.000521507
0.000445873
0.000289563
0.000105269
2.90075e-05
9.0598e-05
8.92146e-05
4.23518e-05
2.24743e-05
7.86499e-05
0.000113501
0.000126023
0.000541416
0.000539915
0.000521507
0.000445873
0.000289563
0.000105269
2.90075e-05
9.0598e-05
8.92146e-05
4.23518e-05
2.24743e-05
7.86499e-05
0.000113501
0.000126023
0.000541416
0.000539915
0.000521507
0.000445873
0.000289563
0.000105269
2.90075e-05
9.0598e-05
8.92146e-05
4.23518e-05
2.24743e-05
7.86499e-05
0.000113501
0.000126023
