0.00088351
0.000878377
0.000844766
0.000756669
0.000578296
0.000316956
7.99033e-05
5.30202e-05
7.74533e-05
2.45045e-05
6.19126e-05
0.000149735
0.000226603
0.000287686
0.00088351
0.000822347
0.000297206
0.00126707
0.00420218
0.0080723
0.011407
0.0123502
0.00939896
0.0022131
0.00565844
0.00892151
0.00435857
0.0100838
0.00088351
0.000811612
0.00040292
0.000452687
0.00167284
0.00301437
0.00412152
0.00459897
0.00410055
0.00253359
0.000349233
0.00133887
0.00122427
0.00157676
0.00088351
0.000840981
0.000606679
0.000133843
0.000524097
0.00123285
0.00179696
0.00205711
0.00191331
0.00135605
0.000540641
0.000172375
0.000306459
0.000513748
0.00088351
0.000859095
0.00072335
0.000443428
3.29729e-05
0.00043564
0.000816296
0.00100265
0.000956495
0.000694428
0.000303991
5.32091e-05
0.000171807
0.000117717
0.00088351
0.00086863
0.000783649
0.000599862
0.000307145
5.43579e-05
0.000358964
0.000516276
0.000507981
0.00035933
0.000133908
7.8407e-05
0.000177443
8.12397e-05
0.00088351
0.000873481
0.000814126
0.000678249
0.000443105
0.000132483
0.000137367
0.000281933
0.000290561
0.00019177
3.88598e-05
0.000108754
0.000196841
0.000183302
0.00088351
0.000875924
0.000829428
0.000717458
0.000510797
0.000225008
2.82079e-05
0.000166819
0.000183479
0.000108088
1.08521e-05
0.000127969
0.000210459
0.000235181
0.00088351
0.00087715
0.000837093
0.000737064
0.000544571
0.000271053
2.59767e-05
0.000109757
0.000130336
6.62824e-05
3.62188e-05
0.000138539
0.00021822
0.000261352
0.00088351
0.000877763
0.000840928
0.000746866
0.000561439
0.000294022
5.2972e-05
8.13487e-05
0.000103862
4.53899e-05
4.90254e-05
0.00014406
0.000222334
0.000274499
0.00088351
0.00087807
0.000842847
0.000751767
0.000569869
0.000305493
6.64456e-05
6.71744e-05
9.06496e-05
3.49463e-05
5.5459e-05
0.000146878
0.000224449
0.000281087
0.00088351
0.000878224
0.000843807
0.000754218
0.000574083
0.000311226
7.31765e-05
6.00948e-05
8.40494e-05
2.97252e-05
5.86833e-05
0.000148302
0.000225521
0.000284385
0.00088351
0.000878301
0.000844286
0.000755443
0.000576189
0.000314091
7.65404e-05
5.65569e-05
8.07509e-05
2.71148e-05
6.02974e-05
0.000149017
0.000226061
0.000286035
0.00088351
0.000878339
0.000844526
0.000756056
0.000577242
0.000315523
7.8222e-05
5.47884e-05
7.9102e-05
2.58097e-05
6.11049e-05
0.000149376
0.000226332
0.00028686
0.00088351
0.000878358
0.000844646
0.000756362
0.000577769
0.00031624
7.90627e-05
5.39043e-05
7.82776e-05
2.51571e-05
6.15087e-05
0.000149555
0.000226467
0.000287273
0.00088351
0.000878368
0.000844706
0.000756515
0.000578032
0.000316598
7.9483e-05
5.34622e-05
7.78654e-05
2.48308e-05
6.17107e-05
0.000149645
0.000226535
0.000287479
0.00088351
0.000878373
0.000844736
0.000756592
0.000578164
0.000316777
7.96932e-05
5.32412e-05
7.76594e-05
2.46677e-05
6.18117e-05
0.00014969
0.000226569
0.000287583
0.00088351
0.000878375
0.000844751
0.00075663
0.00057823
0.000316866
7.97983e-05
5.31307e-05
7.75563e-05
2.45861e-05
6.18621e-05
0.000149713
0.000226586
0.000287634
0.00088351
0.000878376
0.000844759
0.000756649
0.000578263
0.000316911
7.98508e-05
5.30755e-05
7.75048e-05
2.45453e-05
6.18874e-05
0.000149724
0.000226594
0.00028766
0.00088351
0.000878377
0.000844762
0.000756659
0.000578279
0.000316933
7.98771e-05
5.30478e-05
7.74791e-05
2.45249e-05
6.19e-05
0.000149729
0.000226599
0.000287673
0.00088351
0.000878377
0.000844764
0.000756664
0.000578287
0.000316945
7.98902e-05
5.3034e-05
7.74662e-05
2.45147e-05
6.19063e-05
0.000149732
0.000226601
0.000287679
0.00088351
0.000878377
0.000844765
0.000756666
0.000578291
0.00031695
7.98968e-05
5.30271e-05
7.74597e-05
2.45096e-05
6.19095e-05
0.000149734
0.000226602
0.000287683
0.00088351
0.000878377
0.000844766
0.000756667
0.000578293
0.000316953
7.99001e-05
5.30237e-05
7.74565e-05
2.45071e-05
6.19111e-05
0.000149734
0.000226602
0.000287684
0.00088351
0.000878377
0.000844766
0.000756668
0.000578294
0.000316954
7.99017e-05
5.30219e-05
7.74549e-05
2.45058e-05
6.19119e-05
0.000149735
0.000226603
0.000287685
0.00088351
0.000878377
0.000844766
0.000756668
0.000578295
0.000316955
7.99025e-05
5.30211e-05
7.74541e-05
2.45052e-05
6.19123e-05
0.000149735
0.000226603
0.000287685
0.00088351
0.000878377
0.000844766
0.000756668
0.000578295
0.000316955
7.99029e-05
5.30207e-05
7.74537e-05
2.45049e-05
6.19124e-05
0.000149735
0.000226603
0.000287686
0.00088351
0.000878377
0.000844766
0.000756669
0.000578295
0.000316956
7.99031e-05
5.30204e-05
7.74535e-05
2.45047e-05
6.19125e-05
0.000149735
0.000226603
0.000287686
0.00088351
0.000878377
0.000844766
0.000756669
0.000578295
0.000316956
7.99032e-05
5.30203e-05
7.74534e-05
2.45046e-05
6.19126e-05
0.000149735
0.000226603
0.000287686
0.00088351
0.000878377
0.000844766
0.000756669
0.000578295
0.000316956
7.99033e-05
5.30203e-05
7.74534e-05
2.45046e-05
6.19126e-05
0.000149735
0.000226603
0.000287686
0.00088351
0.000878377
0.000844766
0.000756669
0.000578295
0.000316956
7.99033e-05
5.30202e-05
7.74533e-05
2.45046e-05
6.19126e-05
0.000149735
0.000226603
0.000287686
0.00088351
0.000878377
0.000844766
0.000756669
0.000578295
0.000316956
7.99033e-05
5.30202e-05
7.74533e-05
2.45045e-05
6.19126e-05
0.000149735
0.000226603
0.000287686
0.00088351
0.000878377
0.000844766
0.000756669
0.000578295
0.000316956
7.99033e-05
5.30202e-05
7.74533e-05
2.45045e-05
6.19126e-05
0.000149735
0.000226603
0.000287686
0.00088351
0.000878377
0.000844766
0.000756669
0.000578295
0.000316956
7.99033e-05
5.30202e-05
7.74533e-05
2.45045e-05
6.19126e-05
0.000149735
0.000226603
0.000287686
0.00088351
0.000878377
0.000844766
0.000756669
0.000578296
0.000316956
7.99033e-05
5.30202e-05
7.74533e-05
2.45045e-05
6.19126e-05
0.000149735
0.000226603
0.000287686
0.00088351
0.000878377
0.000844766
0.000756669
0.000578296
0.000316956
7.99033e-05
5.30202e-05
7.74533e-05
2.45045e-05
6.19126e-05
0.000149735
0.000226603
0.000287686
0.00088351
0.000878377
0.000844766
0.000756669
0.000578296
0.000316956
7.99033e-05
5.30202e-05
7.74533e-05
2.45045e-05
6.19126e-05
0.000149735
0.000226603
0.000287686
0.00088351
0.000878377
0.000844766
0.000756669
0.000578296
0.000316956
7.99033e-05
5.30202e-05
7.74533e-05
2.45045e-05
6.19126e-05
0.000149735
0.000226603
0.000287686
0.00088351
0.000878377
0.000844766
0.000756669
0.000578296
0.000316956
7.99033e-05
5.30202e-05
7.74533e-05
2.45045e-05
6.19126e-05
0.000149735
0.000226603
0.000287686
0.00088351
0.000878377
0.000844766
0.000756669
0.000578296
0.000316956
7.99033e-05
5.30202e-05
7.74533e-05
2.45045e-05
6.19126e-05
0.000149735
0.000226603
0.000287686
0.00088351
0.000878377
0.000844766
0.000756669
0.000578296
0.000316956
7.99033e-05
5.30202e-05
7.74533e-05
2.45045e-05
6.19126e-05
0.000149735
0.000226603
0.000287686
0.00088351
0.000878377
0.000844766
0.000756669
0.000578296
0.000316956
7.99033e-05
5.30202e-05
7.74533e-05
2.45045e-05
6.19126e-05
0.000149735
0.000226603
0.000287686
0.00088351
0.000878377
0.000844766
0.000756669
0.000578296
0.000316956
7.99033e-05
5.30202e-05
7.74533e-05
2.45045e-05
6.19126e-05
0.000149735
0.000226603
0.000287686
0.00088351
0.000878377
0.000844766
0.000756669
0.000578296
0.000316956
7.99033e-05
5.30202e-05
7.74533e-05
2.45045e-05
6.19126e-05
0.000149735
0.000226603
0.000287686
0.00088351
0.000878377
0.000844766
0.000756669
0.000578296
0.000316956
7.99033e-05
5.30202e-05
7.74533e-05
2.45045e-05
6.19126e-05
0.000149735
0.000226603
0.000287686
0.00088351
0.000878377
0.000844766
0.000756669
0.000578296
0.000316956
7.99033e-05
5.30202e-05
7.74533e-05
2.45045e-05
6.19126e-05
0.000149735
0.000226603
0.000287686
0.00088351
0.000878377
0.000844766
0.000756669
0.000578296
0.000316956
7.99033e-05
5.30202e-05
7.74533e-05
2.45045e-05
6.19126e-05
0.000149735
0.000226603
0.000287686
0.00088351
0.000878377
0.000844766
0.000756669
0.000578296
0.000316956
7.99033e-05
5.30202e-05
7.74533e-05
2.45045e-05
6.19126e-05
0.000149735
0.000226603
0.000287686
0.00088351
0.000878377
0.000844766
0.000756669
0.000578296
0.000316956
7.99033e-05
5.30202e-05
7.74533e-05
2.45045e-05
6.19126e-05
0.000149735
0.000226603
0.000287686
0.00088351
0.000878377
0.000844766
0.000756669
0.000578296
0.000316956
7.99033e-05
5.30202e-05
7.74533e-05
2.45045e-05
6.19126e-05
0.000149735
0.000226603
0.000287686
0.00088351
0.000878377
0.000844766
0.000756669
0.000578296
0.000316956
7.99033e-05
5.30202e-05
7.74533e-05
2.45045e-05
6.19126e-05
0.000149735
0.000226603
0.000287686
0.00088351
0.000878377
0.000844766
0.000756669
0.000578296
0.000316956
7.99033e-05
5.30202e-05
7.74533e-05
2.45045e-05
6.19126e-05
0.000149735
0.000226603
0.000287686
0.00088351
0.000878377
0.000844766
0.000756669
0.000578296
0.000316956
7.99033e-05
5.30202e-05
7.74533e-05
2.45045e-05
6.19126e-05
0.000149735
0.000226603
0.000287686
0.00088351
0.000878377
0.000844766
0.000756669
0.000578296
0.000316956
7.99033e-05
5.30202e-05
7.74533e-05
2.45045e-05
6.19126e-05
0.000149735
0.000226603
0.000287686
0.00088351
0.000878377
0.000844766
0.000756669
0.000578296
0.000316956
7.99033e-05
5.30202e-05
7.74533e-05
2.45045e-05
6.19126e-05
0.000149735
0.000226603
0.000287686
0.00088351
0.000878377
0.000844766
0.000756669
0.000578296
0.000316956
7.99033e-05
5.30202e-05
7.74533e-05
2.45045e-05
6.19126e-05
0.000149735
0.000226603
0.000287686
0.00088351
0.000878377
0.000844766
0.000756669
0.000578296
0.000316956
7.99033e-05
5.30202e-05
7.74533e-05
2.45045e-05
6.19126e-05
0.000149735
0.000226603
0.000287686
0.00088351
0.000878377
0.000844766
0.000756669
0.000578296
0.000316956
7.99033e-05
5.30202e-05
7.74533e-05
2.45045e-05
6.19126e-05
0.000149735
0.000226603
0.000287686
0.00088351
0.000878377
0.000844766
0.000756669
0.000578296
0.000316956
7.99033e-05
5.30202e-05
7.74533e-05
2.45045e-05
6.19126e-05
0.000149735
0.000226603
0.000287686
0.00088351
0.000878377
0.000844766
0.000756669
0.000578296
0.000316956
7.99033e-05
5.30202e-05
7.74533e-05
2.45045e-05
6.19126e-05
0.000149735
0.000226603
0.000287686
0.00088351
0.000878377
0.000844766
0.000756669
0.000578296
0.000316956
7.99033e-05
5.30202e-05
7.74533e-05
2.45045e-05
6.19126e-05
0.000149735
0.000226603
0.000287686
0.00088351
0.000878377
0.000844766
0.000756669
0.000578296
0.000316956
7.99033e-05
5.30202e-05
7.74533e-05
2.45045e-05
6.19126e-05
0.000149735
0.000226603
0.000287686
0.00088351
0.000878377
0.000844766
0.000756669
0.000578296
0.000316956
7.99033e-05
5.30202e-05
7.74533e-05
2.45045e-05
6.19126e-05
0.000149735
0.000226603
0.000287686
0.00088351
0.000878377
0.000844766
0.000756669
0.000578296
0.000316956
7.99033e-05
5.30202e-05
7.74533e-05
2.45045e-05
6.19126e-05
0.000149735
0.000226603
0.000287686
0.00088351
0.000878377
0.000844766
0.000756669
0.000578296
0.000316956
7.99033e-05
5.30202e-05
7.74533e-05
2.45045e-05
6.19126e-05
0.000149735
0.000226603
0.000287686
0.00088351
0.000878377
0.000844766
0.000756669
0.000578296
0.000316956
7.99033e-05
5.30202e-05
7.74533e-05
2.45045e-05
6.19126e-05
0.000149735
0.000226603
0.000287686
0.00088351
0.000878377
0.000844766
0.000756669
0.000578296
0.000316956
7.99033e-05
5.30202e-05
7.74533e-05
2.45045e-05
6.19126e-05
0.000149735
0.000226603
0.000287686
0.00088351
0.000878377
0.000844766
0.000756669
0.000578296
0.000316956
7.99033e-05
5.30202e-05
7.74533e-05
2.45045e-05
6.19126e-05
0.000149735
0.000226603
0.000287686
0.00088351
0.000878377
0.000844766
0.000756669
0.000578296
0.000316956
7.99033e-05
5.30202e-05
7.74533e-05
2.45045e-05
6.19126e-05
0.000149735
0.000226603
0.000287686
0.00088351
0.000878377
0.000844766
0.000756669
0.000578296
0.000316956
7.99033e-05
5.30202e-05
7.74533e-05
2.45045e-05
6.19126e-05
0.000149735
0.000226603
0.000287686
0.00088351
0.000878377
0.000844766
0.000756669
0.000578296
0.000316956
7.99033e-05
5.30202e-05
7.74533e-05
2.45045e-05
6.19126e-05
0.000149735
0.000226603
0.000287686
0.00088351
0.000878377
0.000844766
0.000756669
0.000578296
0.000316956
7.99033e-05
5.30202e-05
7.74533e-05
2.45045e-05
6.19126e-05
0.000149735
0.000226603
0.000287686
0.00088351
0.000878377
0.000844766
0.000756669
0.000578296
0.000316956
7.99033e-05
5.30202e-05
7.74533e-05
2.45045e-05
6.19126e-05
0.000149735
0.000226603
0.000287686
0.00088351
0.000878377
0.000844766
0.000756669
0.000578296
0.000316956
7.99033e-05
5.30202e-05
7.74533e-05
2.45045e-05
6.19126e-05
0.000149735
0.000226603
0.000287686
0.00088351
0.000878377
0.000844766
0.000756669
0.000578296
0.000316956
7.99033e-05
5.30202e-05
7.74533e-05
2.45045e-05
6.19126e-05
0.000149735
0.000226603
0.000287686
0.00088351
0.000878377
0.000844766
0.000756669
0.000578296
0.000316956
7.99033e-05
5.30202e-05
7.74533e-05
2.45045e-05
6.19126e-05
0.000149735
0.000226603
0.000287686
0.00088351
0.000878377
0.000844766
0.000756669
0.000578296
0.000316956
7.99033e-05
5.30202e-05
7.74533e-05
2.45045e-05
6.19126e-05
0.000149735
0.000226603
0.000287686
0.00088351
0.000878377
0.000844766
0.000756669
0.000578296
0.000316956
7.99033e-05
5.30202e-05
7.74533e-05
2.45045e-05
6.19126e-05
0.000149735
0.000226603
0.000287686
0.00088351
0.000878377
0.000844766
0.000756669
0.000578296
0.000316956
7.99033e-05
5.30202e-05
7.74533e-05
2.45045e-05
6.19126e-05
0.000149735
0.000226603
0.000287686
0.00088351
0.000878377
0.000844766
0.000756669
0.000578296
0.000316956
7.99033e-05
5.30202e-05
7.74533e-05
2.45045e-05
6.19126e-05
0.000149735
0.000226603
0.000287686
0.00088351
0.000878377
0.000844766
0.000756669
0.000578296
0.000316956
7.99033e-05
5.30202e-05
7.74533e-05
2.45045e-05
6.19126e-05
0.000149735
0.000226603
0.000287686
0.00088351
0.000878377
0.000844766
0.000756669
0.000578296
0.000316956
7.99033e-05
5.30202e-05
7.74533e-05
2.45045e-05
6.19126e-05
0.000149735
0.000226603
0.000287686
0.00088351
0.000878377
0.000844766
0.000756669
0.000578296
0.000316956
7.99033e-05
5.30202e-05
7.74533e-05
2.45045e-05
6.19126e-05
0.000149735
0.000226603
0.000287686
0.00088351
0.000878377
0.000844766
0.000756669
0.000578296
0.000316956
7.99033e-05
5.30202e-05
7.74533e-05
2.45045e-05
6.19126e-05
0.000149735
0.000226603
0.000287686
0.00088351
0.000878377
0.000844766
0.000756669
0.000578296
0.000316956
7.99033e-05
5.30202e-05
7.74533e-05
2.45045e-05
6.19126e-05
0.000149735
0.000226603
0.000287686
0.00088351
0.000878377
0.000844766
0.000756669
0.000578296
0.000316956
7.99033e-05
5.30202e-05
7.74533e-05
2.45045e-05
6.19126e-05
0.000149735
0.000226603
0.000287686
0.00088351
0.000878377
0.000844766
0.000756669
0.000578296
0.000316956
7.99033e-05
5.30202e-05
7.74533e-05
2.45045e-05
6.19126e-05
0.000149735
0.000226603
0.000287686
0.00088351
0.000878377
0.000844766
0.000756669
0.000578296
0.000316956
7.99033e-05
5.30202e-05
7.74533e-05
2.45045e-05
6.19126e-05
0.000149735
0.000226603
0.000287686
0.00088351
0.000878377
0.000844766
0.000756669
0.000578296
0.000316956
7.99033e-05
5.30202e-05
7.74533e-05
2.45045e-05
6.19126e-05
0.000149735
0.000226603
0.000287686
0.00088351
0.000878377
0.000844766
0.000756669
0.000578296
0.000316956
7.99033e-05
5.30202e-05
7.74533e-05
2.45045e-05
6.19126e-05
0.000149735
0.000226603
0.000287686
0.00088351
0.000878377
0.000844766
0.000756669
0.000578296
0.000316956
7.99033e-05
5.30202e-05
7.74533e-05
2.45045e-05
6.19126e-05
0.000149735
0.000226603
0.000287686
0.00088351
0.000878377
0.000844766
0.000756669
0.000578296
0.000316956
7.99033e-05
5.30202e-05
7.74533e-05
2.45045e-05
6.19126e-05
0.000149735
0.000226603
0.000287686
0.00088351
0.000878377
0.000844766
0.000756669
0.000578296
0.000316956
7.99033e-05
5.30202e-05
7.74533e-05
2.45045e-05
6.19126e-05
0.000149735
0.000226603
0.000287686
0.00088351
0.000878377
0.000844766
0.000756669
0.000578296
0.000316956
7.99033e-05
5.30202e-05
7.74533e-05
2.45045e-05
6.19126e-05
0.000149735
0.000226603
0.000287686
0.00088351
0.000878377
0.000844766
0.000756669
0.000578296
0.000316956
7.99033e-05
5.30202e-05
7.74533e-05
2.45045e-05
6.19126e-05
0.000149735
0.000226603
0.000287686
0.00088351
0.000878377
0.000844766
0.000756669
0.000578296
0.000316956
7.99033e-05
5.30202e-05
7.74533e-05
2.45045e-05
6.19126e-05
0.000149735
0.000226603
0.000287686
0.00088351
0.000878377
0.000844766
0.000756669
0.000578296
0.000316956
7.99033e-05
5.30202e-05
7.74533e-05
2.45045e-05
6.19126e-05
0.000149735
0.000226603
0.000287686
0.00088351
0.000878377
0.000844766
0.000756669
0.000578296
0.000316956
7.99033e-05
5.30202e-05
7.74533e-05
2.45045e-05
6.19126e-05
0.000149735
0.000226603
0.000287686
0.00088351
0.000878377
0.000844766
0.000756669
0.000578296
0.000316956
7.99033e-05
5.30202e-05
7.74533e-05
2.45045e-05
6.19126e-05
0.000149735
0.000226603
0.000287686
0.00088351
0.000878377
0.000844766
0.000756669
0.000578296
0.000316956
7.99033e-05
5.30202e-05
7.74533e-05
2.45045e-05
6.19126e-05
0.000149735
0.000226603
0.000287686
0.00088351
0.000878377
0.000844766
0.000756669
0.000578296
0.000316956
7.99033e-05
5.30202e-05
7.74533e-05
2.45045e-05
6.19126e-05
0.000149735
0.000226603
0.000287686
0.00088351
0.000878377
0.000844766
0.000756669
0.000578296
0.000316956
7.99033e-05
5.30202e-05
7.74533e-05
2.45045e-05
6.19126e-05
0.000149735
0.000226603
0.000287686
0.00088351
0.000878377
0.000844766
0.000756669
0.000578296
0.000316956
7.99033e-05
5.30202e-05
7.74533e-05
2.45045e-05
6.19126e-05
0.000149735
0.000226603
0.000287686
0.00088351
0.000878377
0.000844766
0.000756669
0.000578296
0.000316956
7.99033e-05
5.30202e-05
7.74533e-05
2.45045e-05
6.19126e-05
0.000149735
0.000226603
0.000287686
0.00088351
0.000878377
0.000844766
0.000756669
0.000578296
0.000316956
7.99033e-05
5.30202e-05
7.74533e-05
2.45045e-05
6.19126e-05
0.000149735
0.000226603
0.000287686
0.00088351
0.000878377
0.000844766
0.000756669
0.000578296
0.000316956
7.99033e-05
5.30202e-05
7.74533e-05
2.45045e-05
6.19126e-05
0.000149735
0.000226603
0.000287686
0.00088351
0.000878377
0.000844766
0.000756669
0.000578296
0.000316956
7.99033e-05
5.30202e-05
7.74533e-05
2.45045e-05
6.19126e-05
0.000149735
0.000226603
0.000287686
0.00088351
0.000878377
0.000844766
0.000756669
0.000578296
0.000316956
7.99033e-05
5.30202e-05
7.74533e-05
2.45045e-05
6.19126e-05
0.000149735
0.000226603
0.000287686
0.00088351
0.000878377
0.000844766
0.000756669
0.000578296
0.000316956
7.99033e-05
5.30202e-05
7.74533e-05
2.45045e-05
6.19126e-05
0.000149735
0.000226603
0.000287686
0.00088351
0.000878377
0.000844766
0.000756669
0.000578296
0.000316956
7.99033e-05
5.30202e-05
7.74533e-05
2.45045e-05
6.19126e-05
0.000149735
0.000226603
0.000287686
0.00088351
0.000878377
0.000844766
0.000756669
0.000578296
0.000316956
7.99033e-05
5.30202e-05
7.74533e-05
2.45045e-05
6.19126e-05
0.000149735
0.000226603
0.000287686
0.00088351
0.000878377
0.000844766
0.000756669
0.000578296
0.000316956
7.99033e-05
5.30202e-05
7.74533e-05
2.45045e-05
6.19126e-05
0.000149735
0.000226603
0.000287686
0.00088351
0.000878377
0.000844766
0.000756669
0.000578296
0.000316956
7.99033e-05
5.30202e-05
7.74533e-05
2.45045e-05
6.19126e-05
0.000149735
0.000226603
0.000287686
0.00088351
0.000878377
0.000844766
0.000756669
0.000578296
0.000316956
7.99033e-05
5.30202e-05
7.74533e-05
2.45045e-05
6.19126e-05
0.000149735
0.000226603
0.000287686
0.00088351
0.000878377
0.000844766
0.000756669
0.000578296
0.000316956
7.99033e-05
5.30202e-05
7.74533e-05
2.45045e-05
6.19126e-05
0.000149735
0.000226603
0.000287686
0.00088351
0.000878377
0.000844766
0.000756669
0.000578296
0.000316956
7.99033e-05
5.30202e-05
7.74533e-05
2.45045e-05
6.19126e-05
0.000149735
0.000226603
0.000287686
0.00088351
0.000878377
0.000844766
0.000756669
0.000578296
0.000316956
7.99033e-05
5.30202e-05
7.74533e-05
2.45045e-05
6.19126e-05
0.000149735
0.000226603
0.000287686
0.00088351
0.000878377
0.000844766
0.000756669
0.000578296
0.000316956
7.99033e-05
5.30202e-05
7.74533e-05
2.45045e-05
6.19126e-05
0.000149735
0.000226603
0.000287686
0.00088351
0.000878377
0.000844766
0.000756669
0.000578296
0.000316956
7.99033e-05
5.30202e-05
7.74533e-05
2.45045e-05
6.19126e-05
0.000149735
0.000226603
0.000287686
0.00088351
0.000878377
0.000844766
0.000756669
0.000578296
0.000316956
7.99033e-05
5.30202e-05
7.74533e-05
2.45045e-05
6.19126e-05
0.000149735
0.000226603
0.000287686
0.00088351
0.000878377
0.000844766
0.000756669
0.000578296
0.000316956
7.99033e-05
5.30202e-05
7.74533e-05
2.45045e-05
6.19126e-05
0.000149735
0.000226603
0.000287686
0.00088351
0.000878377
0.000844766
0.000756669
0.000578296
0.000316956
7.99033e-05
5.30202e-05
7.74533e-05
2.45045e-05
6.19126e-05
0.000149735
0.000226603
0.000287686
0.000441755
0.00044043
0.000429377
0.000393775
0.000310594
0.000181028
5.99015e-05
1.18596e-05
3.02178e-05
8.35555e-06
3.35006e-05
7.98177e-05
0.000123566
0.000160429
0.000441755
0.000420163
0.000201899
0.000505108
0.00189924
0.00380963
0.00552505
0.00608991
0.00471555
0.00118437
0.00279729
0.00455363
0.00247493
0.00455787
0.000441755
0.000410078
0.000226661
0.000166216
0.000742609
0.00139709
0.00195804
0.00222388
0.00200877
0.00125082
0.000163259
0.00070134
0.000685405
0.000658728
0.000441755
0.000423083
0.000318506
0.000102611
0.000207392
0.000552935
0.000838363
0.000981723
0.000926877
0.000661642
0.000258215
0.000105052
0.000188237
0.000199438
0.000441755
0.000431428
0.000372549
0.000246817
5.38894e-05
0.00017543
0.000368463
0.000470403
0.000458345
0.000335969
0.000143704
3.8757e-05
0.000107595
2.43224e-05
0.000441755
0.000435867
0.00040071
0.000320093
0.000182844
5.14129e-06
0.000149753
0.000235327
0.000239632
0.000171865
6.13303e-05
4.78188e-05
0.000104522
6.56879e-05
0.000441755
0.000438136
0.000414991
0.000356899
0.000246873
9.36397e-05
4.38666e-05
0.000122231
0.000133813
8.9984e-05
1.52983e-05
6.11753e-05
0.000111414
0.000112368
0.000441755
0.00043928
0.000422172
0.00037533
0.000278773
0.000137469
8.27377e-06
6.67156e-05
8.17433e-05
4.91326e-05
8.77542e-06
6.98626e-05
0.00011685
0.000136215
0.000441755
0.000439854
0.000425772
0.000384551
0.000294693
0.000159282
3.41507e-05
3.92064e-05
5.59133e-05
2.87341e-05
2.1059e-05
7.46849e-05
0.00012005
0.000148275
0.000441755
0.000440142
0.000427574
0.000389163
0.000302646
0.000170163
4.70417e-05
2.55129e-05
4.30488e-05
1.85423e-05
2.72603e-05
7.72129e-05
0.000121769
0.00015434
0.000441755
0.000440286
0.000428476
0.000391469
0.000306621
0.000175598
5.34755e-05
1.86813e-05
3.66291e-05
1.34483e-05
3.03756e-05
7.85058e-05
0.000122658
0.000157381
0.000441755
0.000440358
0.000428926
0.000392622
0.000308607
0.000178313
5.66894e-05
1.52692e-05
3.34224e-05
1.09017e-05
3.19369e-05
7.91593e-05
0.000123109
0.000158904
0.000441755
0.000440394
0.000429152
0.000393198
0.000309601
0.000179671
5.82957e-05
1.35641e-05
3.18198e-05
9.6286e-06
3.27185e-05
7.94879e-05
0.000123337
0.000159666
0.000441755
0.000440412
0.000429265
0.000393487
0.000310097
0.000180349
5.90986e-05
1.27118e-05
3.10187e-05
8.99207e-06
3.31095e-05
7.96527e-05
0.000123451
0.000160047
0.000441755
0.000440421
0.000429321
0.000393631
0.000310346
0.000180689
5.95001e-05
1.22857e-05
3.06182e-05
8.67381e-06
3.3305e-05
7.97352e-05
0.000123509
0.000160238
0.000441755
0.000440426
0.000429349
0.000393703
0.00031047
0.000180858
5.97008e-05
1.20727e-05
3.0418e-05
8.51468e-06
3.34028e-05
7.97764e-05
0.000123537
0.000160333
0.000441755
0.000440428
0.000429363
0.000393739
0.000310532
0.000180943
5.98011e-05
1.19662e-05
3.03179e-05
8.43511e-06
3.34517e-05
7.97971e-05
0.000123552
0.000160381
0.000441755
0.000440429
0.00042937
0.000393757
0.000310563
0.000180986
5.98513e-05
1.19129e-05
3.02678e-05
8.39533e-06
3.34761e-05
7.98074e-05
0.000123559
0.000160405
0.000441755
0.00044043
0.000429374
0.000393766
0.000310578
0.000181007
5.98764e-05
1.18863e-05
3.02428e-05
8.37544e-06
3.34884e-05
7.98125e-05
0.000123562
0.000160417
0.000441755
0.00044043
0.000429376
0.00039377
0.000310586
0.000181017
5.98889e-05
1.1873e-05
3.02303e-05
8.36549e-06
3.34945e-05
7.98151e-05
0.000123564
0.000160423
0.000441755
0.00044043
0.000429377
0.000393773
0.00031059
0.000181023
5.98952e-05
1.18663e-05
3.0224e-05
8.36052e-06
3.34975e-05
7.98164e-05
0.000123565
0.000160426
0.000441755
0.00044043
0.000429377
0.000393774
0.000310592
0.000181025
5.98983e-05
1.1863e-05
3.02209e-05
8.35804e-06
3.34991e-05
7.98171e-05
0.000123566
0.000160427
0.000441755
0.00044043
0.000429377
0.000393774
0.000310593
0.000181027
5.98999e-05
1.18613e-05
3.02193e-05
8.35679e-06
3.34998e-05
7.98174e-05
0.000123566
0.000160428
0.000441755
0.00044043
0.000429377
0.000393775
0.000310594
0.000181027
5.99007e-05
1.18605e-05
3.02186e-05
8.35617e-06
3.35002e-05
7.98175e-05
0.000123566
0.000160428
0.000441755
0.00044043
0.000429377
0.000393775
0.000310594
0.000181028
5.99011e-05
1.18601e-05
3.02182e-05
8.35586e-06
3.35004e-05
7.98176e-05
0.000123566
0.000160428
0.000441755
0.00044043
0.000429377
0.000393775
0.000310594
0.000181028
5.99013e-05
1.18599e-05
3.0218e-05
8.3557e-06
3.35005e-05
7.98177e-05
0.000123566
0.000160428
0.000441755
0.00044043
0.000429377
0.000393775
0.000310594
0.000181028
5.99014e-05
1.18598e-05
3.02179e-05
8.35563e-06
3.35005e-05
7.98177e-05
0.000123566
0.000160428
0.000441755
0.00044043
0.000429377
0.000393775
0.000310594
0.000181028
5.99014e-05
1.18597e-05
3.02178e-05
8.35559e-06
3.35006e-05
7.98177e-05
0.000123566
0.000160429
0.000441755
0.00044043
0.000429377
0.000393775
0.000310594
0.000181028
5.99014e-05
1.18597e-05
3.02178e-05
8.35557e-06
3.35006e-05
7.98177e-05
0.000123566
0.000160429
0.000441755
0.00044043
0.000429377
0.000393775
0.000310594
0.000181028
5.99015e-05
1.18597e-05
3.02178e-05
8.35556e-06
3.35006e-05
7.98177e-05
0.000123566
0.000160429
0.000441755
0.00044043
0.000429377
0.000393775
0.000310594
0.000181028
5.99015e-05
1.18597e-05
3.02178e-05
8.35555e-06
3.35006e-05
7.98177e-05
0.000123566
0.000160429
0.000441755
0.00044043
0.000429377
0.000393775
0.000310594
0.000181028
5.99015e-05
1.18597e-05
3.02178e-05
8.35555e-06
3.35006e-05
7.98177e-05
0.000123566
0.000160429
0.000441755
0.00044043
0.000429377
0.000393775
0.000310594
0.000181028
5.99015e-05
1.18597e-05
3.02178e-05
8.35555e-06
3.35006e-05
7.98177e-05
0.000123566
0.000160429
0.000441755
0.00044043
0.000429377
0.000393775
0.000310594
0.000181028
5.99015e-05
1.18597e-05
3.02178e-05
8.35555e-06
3.35006e-05
7.98177e-05
0.000123566
0.000160429
0.000441755
0.00044043
0.000429377
0.000393775
0.000310594
0.000181028
5.99015e-05
1.18596e-05
3.02178e-05
8.35555e-06
3.35006e-05
7.98177e-05
0.000123566
0.000160429
0.000441755
0.00044043
0.000429377
0.000393775
0.000310594
0.000181028
5.99015e-05
1.18596e-05
3.02178e-05
8.35555e-06
3.35006e-05
7.98177e-05
0.000123566
0.000160429
0.000441755
0.00044043
0.000429377
0.000393775
0.000310594
0.000181028
5.99015e-05
1.18596e-05
3.02178e-05
8.35555e-06
3.35006e-05
7.98177e-05
0.000123566
0.000160429
0.000441755
0.00044043
0.000429377
0.000393775
0.000310594
0.000181028
5.99015e-05
1.18596e-05
3.02178e-05
8.35555e-06
3.35006e-05
7.98177e-05
0.000123566
0.000160429
0.000441755
0.00044043
0.000429377
0.000393775
0.000310594
0.000181028
5.99015e-05
1.18596e-05
3.02178e-05
8.35555e-06
3.35006e-05
7.98177e-05
0.000123566
0.000160429
0.000441755
0.00044043
0.000429377
0.000393775
0.000310594
0.000181028
5.99015e-05
1.18596e-05
3.02178e-05
8.35555e-06
3.35006e-05
7.98177e-05
0.000123566
0.000160429
0.000441755
0.00044043
0.000429377
0.000393775
0.000310594
0.000181028
5.99015e-05
1.18596e-05
3.02178e-05
8.35555e-06
3.35006e-05
7.98177e-05
0.000123566
0.000160429
0.000441755
0.00044043
0.000429377
0.000393775
0.000310594
0.000181028
5.99015e-05
1.18596e-05
3.02178e-05
8.35555e-06
3.35006e-05
7.98177e-05
0.000123566
0.000160429
0.000441755
0.00044043
0.000429377
0.000393775
0.000310594
0.000181028
5.99015e-05
1.18596e-05
3.02178e-05
8.35555e-06
3.35006e-05
7.98177e-05
0.000123566
0.000160429
0.000441755
0.00044043
0.000429377
0.000393775
0.000310594
0.000181028
5.99015e-05
1.18596e-05
3.02178e-05
8.35555e-06
3.35006e-05
7.98177e-05
0.000123566
0.000160429
0.000441755
0.00044043
0.000429377
0.000393775
0.000310594
0.000181028
5.99015e-05
1.18596e-05
3.02178e-05
8.35555e-06
3.35006e-05
7.98177e-05
0.000123566
0.000160429
0.000441755
0.00044043
0.000429377
0.000393775
0.000310594
0.000181028
5.99015e-05
1.18596e-05
3.02178e-05
8.35555e-06
3.35006e-05
7.98177e-05
0.000123566
0.000160429
0.000441755
0.00044043
0.000429377
0.000393775
0.000310594
0.000181028
5.99015e-05
1.18596e-05
3.02178e-05
8.35555e-06
3.35006e-05
7.98177e-05
0.000123566
0.000160429
0.000441755
0.00044043
0.000429377
0.000393775
0.000310594
0.000181028
5.99015e-05
1.18596e-05
3.02178e-05
8.35555e-06
3.35006e-05
7.98177e-05
0.000123566
0.000160429
0.000441755
0.00044043
0.000429377
0.000393775
0.000310594
0.000181028
5.99015e-05
1.18596e-05
3.02178e-05
8.35555e-06
3.35006e-05
7.98177e-05
0.000123566
0.000160429
0.000441755
0.00044043
0.000429377
0.000393775
0.000310594
0.000181028
5.99015e-05
1.18596e-05
3.02178e-05
8.35555e-06
3.35006e-05
7.98177e-05
0.000123566
0.000160429
0.000441755
0.00044043
0.000429377
0.000393775
0.000310594
0.000181028
5.99015e-05
1.18596e-05
3.02178e-05
8.35555e-06
3.35006e-05
7.98177e-05
0.000123566
0.000160429
0.000441755
0.00044043
0.000429377
0.000393775
0.000310594
0.000181028
5.99015e-05
1.18596e-05
3.02178e-05
8.35555e-06
3.35006e-05
7.98177e-05
0.000123566
0.000160429
0.000441755
0.00044043
0.000429377
0.000393775
0.000310594
0.000181028
5.99015e-05
1.18596e-05
3.02178e-05
8.35555e-06
3.35006e-05
7.98177e-05
0.000123566
0.000160429
0.000441755
0.00044043
0.000429377
0.000393775
0.000310594
0.000181028
5.99015e-05
1.18596e-05
3.02178e-05
8.35555e-06
3.35006e-05
7.98177e-05
0.000123566
0.000160429
0.000441755
0.00044043
0.000429377
0.000393775
0.000310594
0.000181028
5.99015e-05
1.18596e-05
3.02178e-05
8.35555e-06
3.35006e-05
7.98177e-05
0.000123566
0.000160429
0.000441755
0.00044043
0.000429377
0.000393775
0.000310594
0.000181028
5.99015e-05
1.18596e-05
3.02178e-05
8.35555e-06
3.35006e-05
7.98177e-05
0.000123566
0.000160429
0.000441755
0.00044043
0.000429377
0.000393775
0.000310594
0.000181028
5.99015e-05
1.18596e-05
3.02178e-05
8.35555e-06
3.35006e-05
7.98177e-05
0.000123566
0.000160429
0.000441755
0.00044043
0.000429377
0.000393775
0.000310594
0.000181028
5.99015e-05
1.18596e-05
3.02178e-05
8.35555e-06
3.35006e-05
7.98177e-05
0.000123566
0.000160429
0.000441755
0.00044043
0.000429377
0.000393775
0.000310594
0.000181028
5.99015e-05
1.18596e-05
3.02178e-05
8.35555e-06
3.35006e-05
7.98177e-05
0.000123566
0.000160429
0.000441755
0.00044043
0.000429377
0.000393775
0.000310594
0.000181028
5.99015e-05
1.18596e-05
3.02178e-05
8.35555e-06
3.35006e-05
7.98177e-05
0.000123566
0.000160429
0.000441755
0.00044043
0.000429377
0.000393775
0.000310594
0.000181028
5.99015e-05
1.18596e-05
3.02178e-05
8.35555e-06
3.35006e-05
7.98177e-05
0.000123566
0.000160429
0.000441755
0.00044043
0.000429377
0.000393775
0.000310594
0.000181028
5.99015e-05
1.18596e-05
3.02178e-05
8.35555e-06
3.35006e-05
7.98177e-05
0.000123566
0.000160429
0.000441755
0.00044043
0.000429377
0.000393775
0.000310594
0.000181028
5.99015e-05
1.18596e-05
3.02178e-05
8.35555e-06
3.35006e-05
7.98177e-05
0.000123566
0.000160429
0.000441755
0.00044043
0.000429377
0.000393775
0.000310594
0.000181028
5.99015e-05
1.18596e-05
3.02178e-05
8.35555e-06
3.35006e-05
7.98177e-05
0.000123566
0.000160429
0.000441755
0.00044043
0.000429377
0.000393775
0.000310594
0.000181028
5.99015e-05
1.18596e-05
3.02178e-05
8.35555e-06
3.35006e-05
7.98177e-05
0.000123566
0.000160429
0.000441755
0.00044043
0.000429377
0.000393775
0.000310594
0.000181028
5.99015e-05
1.18596e-05
3.02178e-05
8.35555e-06
3.35006e-05
7.98177e-05
0.000123566
0.000160429
0.000441755
0.00044043
0.000429377
0.000393775
0.000310594
0.000181028
5.99015e-05
1.18596e-05
3.02178e-05
8.35555e-06
3.35006e-05
7.98177e-05
0.000123566
0.000160429
0.000441755
0.00044043
0.000429377
0.000393775
0.000310594
0.000181028
5.99015e-05
1.18596e-05
3.02178e-05
8.35555e-06
3.35006e-05
7.98177e-05
0.000123566
0.000160429
0.000441755
0.00044043
0.000429377
0.000393775
0.000310594
0.000181028
5.99015e-05
1.18596e-05
3.02178e-05
8.35555e-06
3.35006e-05
7.98177e-05
0.000123566
0.000160429
0.000441755
0.00044043
0.000429377
0.000393775
0.000310594
0.000181028
5.99015e-05
1.18596e-05
3.02178e-05
8.35555e-06
3.35006e-05
7.98177e-05
0.000123566
0.000160429
0.000441755
0.00044043
0.000429377
0.000393775
0.000310594
0.000181028
5.99015e-05
1.18596e-05
3.02178e-05
8.35555e-06
3.35006e-05
7.98177e-05
0.000123566
0.000160429
0.000441755
0.00044043
0.000429377
0.000393775
0.000310594
0.000181028
5.99015e-05
1.18596e-05
3.02178e-05
8.35555e-06
3.35006e-05
7.98177e-05
0.000123566
0.000160429
0.000441755
0.00044043
0.000429377
0.000393775
0.000310594
0.000181028
5.99015e-05
1.18596e-05
3.02178e-05
8.35555e-06
3.35006e-05
7.98177e-05
0.000123566
0.000160429
0.000441755
0.00044043
0.000429377
0.000393775
0.000310594
0.000181028
5.99015e-05
1.18596e-05
3.02178e-05
8.35555e-06
3.35006e-05
7.98177e-05
0.000123566
0.000160429
0.000441755
0.00044043
0.000429377
0.000393775
0.000310594
0.000181028
5.99015e-05
1.18596e-05
3.02178e-05
8.35555e-06
3.35006e-05
7.98177e-05
0.000123566
0.000160429
0.000441755
0.00044043
0.000429377
0.000393775
0.000310594
0.000181028
5.99015e-05
1.18596e-05
3.02178e-05
8.35555e-06
3.35006e-05
7.98177e-05
0.000123566
0.000160429
0.000441755
0.00044043
0.000429377
0.000393775
0.000310594
0.000181028
5.99015e-05
1.18596e-05
3.02178e-05
8.35555e-06
3.35006e-05
7.98177e-05
0.000123566
0.000160429
0.000441755
0.00044043
0.000429377
0.000393775
0.000310594
0.000181028
5.99015e-05
1.18596e-05
3.02178e-05
8.35555e-06
3.35006e-05
7.98177e-05
0.000123566
0.000160429
0.000441755
0.00044043
0.000429377
0.000393775
0.000310594
0.000181028
5.99015e-05
1.18596e-05
3.02178e-05
8.35555e-06
3.35006e-05
7.98177e-05
0.000123566
0.000160429
0.000441755
0.00044043
0.000429377
0.000393775
0.000310594
0.000181028
5.99015e-05
1.18596e-05
3.02178e-05
8.35555e-06
3.35006e-05
7.98177e-05
0.000123566
0.000160429
0.000441755
0.00044043
0.000429377
0.000393775
0.000310594
0.000181028
5.99015e-05
1.18596e-05
3.02178e-05
8.35555e-06
3.35006e-05
7.98177e-05
0.000123566
0.000160429
0.000441755
0.00044043
0.000429377
0.000393775
0.000310594
0.000181028
5.99015e-05
1.18596e-05
3.02178e-05
8.35555e-06
3.35006e-05
7.98177e-05
0.000123566
0.000160429
0.000441755
0.00044043
0.000429377
0.000393775
0.000310594
0.000181028
5.99015e-05
1.18596e-05
3.02178e-05
8.35555e-06
3.35006e-05
7.98177e-05
0.000123566
0.000160429
0.000441755
0.00044043
0.000429377
0.000393775
0.000310594
0.000181028
5.99015e-05
1.18596e-05
3.02178e-05
8.35555e-06
3.35006e-05
7.98177e-05
0.000123566
0.000160429
0.000441755
0.00044043
0.000429377
0.000393775
0.000310594
0.000181028
5.99015e-05
1.18596e-05
3.02178e-05
8.35555e-06
3.35006e-05
7.98177e-05
0.000123566
0.000160429
0.000441755
0.00044043
0.000429377
0.000393775
0.000310594
0.000181028
5.99015e-05
1.18596e-05
3.02178e-05
8.35555e-06
3.35006e-05
7.98177e-05
0.000123566
0.000160429
0.000441755
0.00044043
0.000429377
0.000393775
0.000310594
0.000181028
5.99015e-05
1.18596e-05
3.02178e-05
8.35555e-06
3.35006e-05
7.98177e-05
0.000123566
0.000160429
0.000441755
0.00044043
0.000429377
0.000393775
0.000310594
0.000181028
5.99015e-05
1.18596e-05
3.02178e-05
8.35555e-06
3.35006e-05
7.98177e-05
0.000123566
0.000160429
0.000441755
0.00044043
0.000429377
0.000393775
0.000310594
0.000181028
5.99015e-05
1.18596e-05
3.02178e-05
8.35555e-06
3.35006e-05
7.98177e-05
0.000123566
0.000160429
0.000441755
0.00044043
0.000429377
0.000393775
0.000310594
0.000181028
5.99015e-05
1.18596e-05
3.02178e-05
8.35555e-06
3.35006e-05
7.98177e-05
0.000123566
0.000160429
0.000441755
0.00044043
0.000429377
0.000393775
0.000310594
0.000181028
5.99015e-05
1.18596e-05
3.02178e-05
8.35555e-06
3.35006e-05
7.98177e-05
0.000123566
0.000160429
0.000441755
0.00044043
0.000429377
0.000393775
0.000310594
0.000181028
5.99015e-05
1.18596e-05
3.02178e-05
8.35555e-06
3.35006e-05
7.98177e-05
0.000123566
0.000160429
0.000441755
0.00044043
0.000429377
0.000393775
0.000310594
0.000181028
5.99015e-05
1.18596e-05
3.02178e-05
8.35555e-06
3.35006e-05
7.98177e-05
0.000123566
0.000160429
0.000441755
0.00044043
0.000429377
0.000393775
0.000310594
0.000181028
5.99015e-05
1.18596e-05
3.02178e-05
8.35555e-06
3.35006e-05
7.98177e-05
0.000123566
0.000160429
0.000441755
0.00044043
0.000429377
0.000393775
0.000310594
0.000181028
5.99015e-05
1.18596e-05
3.02178e-05
8.35555e-06
3.35006e-05
7.98177e-05
0.000123566
0.000160429
0.000441755
0.00044043
0.000429377
0.000393775
0.000310594
0.000181028
5.99015e-05
1.18596e-05
3.02178e-05
8.35555e-06
3.35006e-05
7.98177e-05
0.000123566
0.000160429
0.000441755
0.00044043
0.000429377
0.000393775
0.000310594
0.000181028
5.99015e-05
1.18596e-05
3.02178e-05
8.35555e-06
3.35006e-05
7.98177e-05
0.000123566
0.000160429
0.000441755
0.00044043
0.000429377
0.000393775
0.000310594
0.000181028
5.99015e-05
1.18596e-05
3.02178e-05
8.35555e-06
3.35006e-05
7.98177e-05
0.000123566
0.000160429
0.000441755
0.00044043
0.000429377
0.000393775
0.000310594
0.000181028
5.99015e-05
1.18596e-05
3.02178e-05
8.35555e-06
3.35006e-05
7.98177e-05
0.000123566
0.000160429
0.000441755
0.00044043
0.000429377
0.000393775
0.000310594
0.000181028
5.99015e-05
1.18596e-05
3.02178e-05
8.35555e-06
3.35006e-05
7.98177e-05
0.000123566
0.000160429
0.000441755
0.00044043
0.000429377
0.000393775
0.000310594
0.000181028
5.99015e-05
1.18596e-05
3.02178e-05
8.35555e-06
3.35006e-05
7.98177e-05
0.000123566
0.000160429
0.000441755
0.00044043
0.000429377
0.000393775
0.000310594
0.000181028
5.99015e-05
1.18596e-05
3.02178e-05
8.35555e-06
3.35006e-05
7.98177e-05
0.000123566
0.000160429
0.000441755
0.00044043
0.000429377
0.000393775
0.000310594
0.000181028
5.99015e-05
1.18596e-05
3.02178e-05
8.35555e-06
3.35006e-05
7.98177e-05
0.000123566
0.000160429
0.000441755
0.00044043
0.000429377
0.000393775
0.000310594
0.000181028
5.99015e-05
1.18596e-05
3.02178e-05
8.35555e-06
3.35006e-05
7.98177e-05
0.000123566
0.000160429
0.000441755
0.00044043
0.000429377
0.000393775
0.000310594
0.000181028
5.99015e-05
1.18596e-05
3.02178e-05
8.35555e-06
3.35006e-05
7.98177e-05
0.000123566
0.000160429
0.000441755
0.00044043
0.000429377
0.000393775
0.000310594
0.000181028
5.99015e-05
1.18596e-05
3.02178e-05
8.35555e-06
3.35006e-05
7.98177e-05
0.000123566
0.000160429
0.000441755
0.00044043
0.000429377
0.000393775
0.000310594
0.000181028
5.99015e-05
1.18596e-05
3.02178e-05
8.35555e-06
3.35006e-05
7.98177e-05
0.000123566
0.000160429
0.000441755
0.00044043
0.000429377
0.000393775
0.000310594
0.000181028
5.99015e-05
1.18596e-05
3.02178e-05
8.35555e-06
3.35006e-05
7.98177e-05
0.000123566
0.000160429
0.000441755
0.00044043
0.000429377
0.000393775
0.000310594
0.000181028
5.99015e-05
1.18596e-05
3.02178e-05
8.35555e-06
3.35006e-05
7.98177e-05
0.000123566
0.000160429
0.000441755
0.00044043
0.000429377
0.000393775
0.000310594
0.000181028
5.99015e-05
1.18596e-05
3.02178e-05
8.35555e-06
3.35006e-05
7.98177e-05
0.000123566
0.000160429
0.000441755
0.00044043
0.000429377
0.000393775
0.000310594
0.000181028
5.99015e-05
1.18596e-05
3.02178e-05
8.35555e-06
3.35006e-05
7.98177e-05
0.000123566
0.000160429
0.000441755
0.00044043
0.000429377
0.000393775
0.000310594
0.000181028
5.99015e-05
1.18596e-05
3.02178e-05
8.35555e-06
3.35006e-05
7.98177e-05
0.000123566
0.000160429
0.000441755
0.00044043
0.000429377
0.000393775
0.000310594
0.000181028
5.99015e-05
1.18596e-05
3.02178e-05
8.35555e-06
3.35006e-05
7.98177e-05
0.000123566
0.000160429
0.000441755
0.00044043
0.000429377
0.000393775
0.000310594
0.000181028
5.99015e-05
1.18596e-05
3.02178e-05
8.35555e-06
3.35006e-05
7.98177e-05
0.000123566
0.000160429
0.000441755
0.00044043
0.000429377
0.000393775
0.000310594
0.000181028
5.99015e-05
1.18596e-05
3.02178e-05
8.35555e-06
3.35006e-05
7.98177e-05
0.000123566
0.000160429
0.000441755
0.00044043
0.000429377
0.000393775
0.000310594
0.000181028
5.99015e-05
1.18596e-05
3.02178e-05
8.35555e-06
3.35006e-05
7.98177e-05
0.000123566
0.000160429
0.000441755
0.00044043
0.000429377
0.000393775
0.000310594
0.000181028
5.99015e-05
1.18596e-05
3.02178e-05
8.35555e-06
3.35006e-05
7.98177e-05
0.000123566
0.000160429
0.000441755
0.00044043
0.000429377
0.000393775
0.000310594
0.000181028
5.99015e-05
1.18596e-05
3.02178e-05
8.35555e-06
3.35006e-05
7.98177e-05
0.000123566
0.000160429
0.000441755
0.00044043
0.000429377
0.000393775
0.000310594
0.000181028
5.99015e-05
1.18596e-05
3.02178e-05
8.35555e-06
3.35006e-05
7.98177e-05
0.000123566
0.000160429
0.000441755
0.00044043
0.000429377
0.000393775
0.000310594
0.000181028
5.99015e-05
1.18596e-05
3.02178e-05
8.35555e-06
3.35006e-05
7.98177e-05
0.000123566
0.000160429
0.000441755
0.00044043
0.000429377
0.000393775
0.000310594
0.000181028
5.99015e-05
1.18596e-05
3.02178e-05
8.35555e-06
3.35006e-05
7.98177e-05
0.000123566
0.000160429
0.000294503
0.00029362
0.000286249
0.000262513
0.000207059
0.000120685
3.99386e-05
7.89751e-06
2.01354e-05
5.5664e-06
2.23244e-05
5.31839e-05
8.23308e-05
0.000106893
0.000294503
0.000282294
0.000147603
0.000305589
0.00121802
0.00248696
0.00364294
0.00404232
0.00315148
0.000813245
0.00185417
0.00306032
0.00172963
0.00290942
0.000294503
0.000274246
0.000156211
9.86526e-05
0.000476181
0.00090932
0.00128474
0.00146712
0.00133043
0.000830487
0.000106388
0.000475111
0.000474693
0.000408672
0.000294503
0.00028244
0.000214627
7.38837e-05
0.000129675
0.000358392
0.000548936
0.000646281
0.000612213
0.000437565
0.000169424
7.39338e-05
0.000132399
0.000122047
0.000294503
0.000287801
0.000249451
0.000167149
4.00312e-05
0.000112015
0.000240747
0.000309445
0.000302495
0.000221902
9.417e-05
2.78443e-05
7.48817e-05
1.1479e-05
0.000294503
0.000290667
0.000267668
0.000214665
0.000123902
5.85397e-06
9.74098e-05
0.000154794
0.000158174
0.000113472
4.0016e-05
3.28865e-05
7.11805e-05
4.59913e-05
0.000294503
0.000292134
0.00027692
0.000238558
0.000165573
6.36291e-05
2.80354e-05
8.04362e-05
8.84035e-05
5.94202e-05
9.75455e-06
4.12777e-05
7.49908e-05
7.59503e-05
0.000294503
0.000292875
0.000281576
0.000250529
0.000186339
9.22445e-05
6.12103e-06
4.39467e-05
5.40859e-05
3.2465e-05
6.07101e-06
4.68092e-05
7.82312e-05
9.12923e-05
0.000294503
0.000293247
0.00028391
0.000256519
0.000196705
0.000106486
2.30715e-05
2.58679e-05
3.70653e-05
1.90082e-05
1.41458e-05
4.98934e-05
8.0175e-05
9.90595e-05
0.000294503
0.000293433
0.000285079
0.000259515
0.000201883
0.000113591
3.15154e-05
1.68693e-05
2.85891e-05
1.22854e-05
1.82223e-05
5.15131e-05
8.12266e-05
0.000102968
0.000294503
0.000293526
0.000285664
0.000261014
0.000204471
0.000117139
3.57296e-05
1.238e-05
2.43595e-05
8.92541e-06
2.02702e-05
5.23421e-05
8.17721e-05
0.000104928
0.000294503
0.000293573
0.000285957
0.000261763
0.000205765
0.000118912
3.78348e-05
1.01379e-05
2.22467e-05
7.24578e-06
2.12965e-05
5.27614e-05
8.20498e-05
0.00010591
0.000294503
0.000293596
0.000286103
0.000262138
0.000206412
0.000119798
3.88869e-05
9.01752e-06
2.11909e-05
6.40606e-06
2.18102e-05
5.29723e-05
8.21899e-05
0.000106401
0.000294503
0.000293608
0.000286176
0.000262325
0.000206735
0.000120242
3.94128e-05
8.45746e-06
2.06631e-05
5.98622e-06
2.20672e-05
5.3078e-05
8.22602e-05
0.000106647
0.000294503
0.000293614
0.000286213
0.000262419
0.000206897
0.000120463
3.96757e-05
8.17747e-06
2.03993e-05
5.77631e-06
2.21958e-05
5.31309e-05
8.22955e-05
0.00010677
0.000294503
0.000293617
0.000286231
0.000262466
0.000206978
0.000120574
3.98072e-05
8.03749e-06
2.02674e-05
5.67135e-06
2.22601e-05
5.31574e-05
8.23131e-05
0.000106831
0.000294503
0.000293618
0.00028624
0.000262489
0.000207018
0.000120629
3.98729e-05
7.9675e-06
2.02014e-05
5.61887e-06
2.22922e-05
5.31706e-05
8.23219e-05
0.000106862
0.000294503
0.000293619
0.000286245
0.000262501
0.000207039
0.000120657
3.99058e-05
7.9325e-06
2.01684e-05
5.59264e-06
2.23083e-05
5.31773e-05
8.23264e-05
0.000106877
0.000294503
0.000293619
0.000286247
0.000262507
0.000207049
0.000120671
3.99222e-05
7.91501e-06
2.01519e-05
5.57952e-06
2.23163e-05
5.31806e-05
8.23286e-05
0.000106885
0.000294503
0.00029362
0.000286248
0.00026251
0.000207054
0.000120678
3.99304e-05
7.90626e-06
2.01437e-05
5.57296e-06
2.23203e-05
5.31822e-05
8.23297e-05
0.000106889
0.000294503
0.00029362
0.000286249
0.000262511
0.000207056
0.000120681
3.99345e-05
7.90189e-06
2.01396e-05
5.56968e-06
2.23224e-05
5.31831e-05
8.23302e-05
0.000106891
0.000294503
0.00029362
0.000286249
0.000262512
0.000207058
0.000120683
3.99366e-05
7.8997e-06
2.01375e-05
5.56804e-06
2.23234e-05
5.31835e-05
8.23305e-05
0.000106892
0.000294503
0.00029362
0.000286249
0.000262512
0.000207058
0.000120684
3.99376e-05
7.8986e-06
2.01365e-05
5.56722e-06
2.23239e-05
5.31837e-05
8.23306e-05
0.000106892
0.000294503
0.00029362
0.000286249
0.000262512
0.000207058
0.000120684
3.99381e-05
7.89806e-06
2.0136e-05
5.56681e-06
2.23241e-05
5.31838e-05
8.23307e-05
0.000106892
0.000294503
0.00029362
0.000286249
0.000262512
0.000207059
0.000120684
3.99384e-05
7.89778e-06
2.01357e-05
5.5666e-06
2.23242e-05
5.31838e-05
8.23307e-05
0.000106893
0.000294503
0.00029362
0.000286249
0.000262512
0.000207059
0.000120685
3.99385e-05
7.89765e-06
2.01356e-05
5.5665e-06
2.23243e-05
5.31839e-05
8.23308e-05
0.000106893
0.000294503
0.00029362
0.000286249
0.000262512
0.000207059
0.000120685
3.99386e-05
7.89758e-06
2.01355e-05
5.56645e-06
2.23243e-05
5.31839e-05
8.23308e-05
0.000106893
0.000294503
0.00029362
0.000286249
0.000262512
0.000207059
0.000120685
3.99386e-05
7.89755e-06
2.01355e-05
5.56642e-06
2.23243e-05
5.31839e-05
8.23308e-05
0.000106893
0.000294503
0.00029362
0.000286249
0.000262513
0.000207059
0.000120685
3.99386e-05
7.89753e-06
2.01355e-05
5.56641e-06
2.23244e-05
5.31839e-05
8.23308e-05
0.000106893
0.000294503
0.00029362
0.000286249
0.000262513
0.000207059
0.000120685
3.99386e-05
7.89752e-06
2.01354e-05
5.5664e-06
2.23244e-05
5.31839e-05
8.23308e-05
0.000106893
0.000294503
0.00029362
0.000286249
0.000262513
0.000207059
0.000120685
3.99386e-05
7.89752e-06
2.01354e-05
5.5664e-06
2.23244e-05
5.31839e-05
8.23308e-05
0.000106893
0.000294503
0.00029362
0.000286249
0.000262513
0.000207059
0.000120685
3.99386e-05
7.89751e-06
2.01354e-05
5.5664e-06
2.23244e-05
5.31839e-05
8.23308e-05
0.000106893
0.000294503
0.00029362
0.000286249
0.000262513
0.000207059
0.000120685
3.99386e-05
7.89751e-06
2.01354e-05
5.5664e-06
2.23244e-05
5.31839e-05
8.23308e-05
0.000106893
0.000294503
0.00029362
0.000286249
0.000262513
0.000207059
0.000120685
3.99386e-05
7.89751e-06
2.01354e-05
5.5664e-06
2.23244e-05
5.31839e-05
8.23308e-05
0.000106893
0.000294503
0.00029362
0.000286249
0.000262513
0.000207059
0.000120685
3.99386e-05
7.89751e-06
2.01354e-05
5.5664e-06
2.23244e-05
5.31839e-05
8.23308e-05
0.000106893
0.000294503
0.00029362
0.000286249
0.000262513
0.000207059
0.000120685
3.99386e-05
7.89751e-06
2.01354e-05
5.5664e-06
2.23244e-05
5.31839e-05
8.23308e-05
0.000106893
0.000294503
0.00029362
0.000286249
0.000262513
0.000207059
0.000120685
3.99386e-05
7.89751e-06
2.01354e-05
5.5664e-06
2.23244e-05
5.31839e-05
8.23308e-05
0.000106893
0.000294503
0.00029362
0.000286249
0.000262513
0.000207059
0.000120685
3.99386e-05
7.89751e-06
2.01354e-05
5.5664e-06
2.23244e-05
5.31839e-05
8.23308e-05
0.000106893
0.000294503
0.00029362
0.000286249
0.000262513
0.000207059
0.000120685
3.99386e-05
7.89751e-06
2.01354e-05
5.5664e-06
2.23244e-05
5.31839e-05
8.23308e-05
0.000106893
0.000294503
0.00029362
0.000286249
0.000262513
0.000207059
0.000120685
3.99386e-05
7.89751e-06
2.01354e-05
5.5664e-06
2.23244e-05
5.31839e-05
8.23308e-05
0.000106893
0.000294503
0.00029362
0.000286249
0.000262513
0.000207059
0.000120685
3.99386e-05
7.89751e-06
2.01354e-05
5.5664e-06
2.23244e-05
5.31839e-05
8.23308e-05
0.000106893
0.000294503
0.00029362
0.000286249
0.000262513
0.000207059
0.000120685
3.99386e-05
7.89751e-06
2.01354e-05
5.5664e-06
2.23244e-05
5.31839e-05
8.23308e-05
0.000106893
0.000294503
0.00029362
0.000286249
0.000262513
0.000207059
0.000120685
3.99386e-05
7.89751e-06
2.01354e-05
5.5664e-06
2.23244e-05
5.31839e-05
8.23308e-05
0.000106893
0.000294503
0.00029362
0.000286249
0.000262513
0.000207059
0.000120685
3.99386e-05
7.89751e-06
2.01354e-05
5.5664e-06
2.23244e-05
5.31839e-05
8.23308e-05
0.000106893
0.000294503
0.00029362
0.000286249
0.000262513
0.000207059
0.000120685
3.99386e-05
7.89751e-06
2.01354e-05
5.5664e-06
2.23244e-05
5.31839e-05
8.23308e-05
0.000106893
0.000294503
0.00029362
0.000286249
0.000262513
0.000207059
0.000120685
3.99386e-05
7.89751e-06
2.01354e-05
5.5664e-06
2.23244e-05
5.31839e-05
8.23308e-05
0.000106893
0.000294503
0.00029362
0.000286249
0.000262513
0.000207059
0.000120685
3.99386e-05
7.89751e-06
2.01354e-05
5.5664e-06
2.23244e-05
5.31839e-05
8.23308e-05
0.000106893
0.000294503
0.00029362
0.000286249
0.000262513
0.000207059
0.000120685
3.99386e-05
7.89751e-06
2.01354e-05
5.5664e-06
2.23244e-05
5.31839e-05
8.23308e-05
0.000106893
0.000294503
0.00029362
0.000286249
0.000262513
0.000207059
0.000120685
3.99386e-05
7.89751e-06
2.01354e-05
5.5664e-06
2.23244e-05
5.31839e-05
8.23308e-05
0.000106893
0.000294503
0.00029362
0.000286249
0.000262513
0.000207059
0.000120685
3.99386e-05
7.89751e-06
2.01354e-05
5.5664e-06
2.23244e-05
5.31839e-05
8.23308e-05
0.000106893
0.000294503
0.00029362
0.000286249
0.000262513
0.000207059
0.000120685
3.99386e-05
7.89751e-06
2.01354e-05
5.5664e-06
2.23244e-05
5.31839e-05
8.23308e-05
0.000106893
0.000294503
0.00029362
0.000286249
0.000262513
0.000207059
0.000120685
3.99386e-05
7.89751e-06
2.01354e-05
5.5664e-06
2.23244e-05
5.31839e-05
8.23308e-05
0.000106893
0.000294503
0.00029362
0.000286249
0.000262513
0.000207059
0.000120685
3.99386e-05
7.89751e-06
2.01354e-05
5.5664e-06
2.23244e-05
5.31839e-05
8.23308e-05
0.000106893
0.000294503
0.00029362
0.000286249
0.000262513
0.000207059
0.000120685
3.99386e-05
7.89751e-06
2.01354e-05
5.5664e-06
2.23244e-05
5.31839e-05
8.23308e-05
0.000106893
0.000294503
0.00029362
0.000286249
0.000262513
0.000207059
0.000120685
3.99386e-05
7.89751e-06
2.01354e-05
5.5664e-06
2.23244e-05
5.31839e-05
8.23308e-05
0.000106893
0.000294503
0.00029362
0.000286249
0.000262513
0.000207059
0.000120685
3.99386e-05
7.89751e-06
2.01354e-05
5.5664e-06
2.23244e-05
5.31839e-05
8.23308e-05
0.000106893
0.000294503
0.00029362
0.000286249
0.000262513
0.000207059
0.000120685
3.99386e-05
7.89751e-06
2.01354e-05
5.5664e-06
2.23244e-05
5.31839e-05
8.23308e-05
0.000106893
0.000294503
0.00029362
0.000286249
0.000262513
0.000207059
0.000120685
3.99386e-05
7.89751e-06
2.01354e-05
5.5664e-06
2.23244e-05
5.31839e-05
8.23308e-05
0.000106893
0.000294503
0.00029362
0.000286249
0.000262513
0.000207059
0.000120685
3.99386e-05
7.89751e-06
2.01354e-05
5.5664e-06
2.23244e-05
5.31839e-05
8.23308e-05
0.000106893
0.000294503
0.00029362
0.000286249
0.000262513
0.000207059
0.000120685
3.99386e-05
7.89751e-06
2.01354e-05
5.5664e-06
2.23244e-05
5.31839e-05
8.23308e-05
0.000106893
0.000294503
0.00029362
0.000286249
0.000262513
0.000207059
0.000120685
3.99386e-05
7.89751e-06
2.01354e-05
5.5664e-06
2.23244e-05
5.31839e-05
8.23308e-05
0.000106893
0.000294503
0.00029362
0.000286249
0.000262513
0.000207059
0.000120685
3.99386e-05
7.89751e-06
2.01354e-05
5.5664e-06
2.23244e-05
5.31839e-05
8.23308e-05
0.000106893
0.000294503
0.00029362
0.000286249
0.000262513
0.000207059
0.000120685
3.99386e-05
7.89751e-06
2.01354e-05
5.5664e-06
2.23244e-05
5.31839e-05
8.23308e-05
0.000106893
0.000294503
0.00029362
0.000286249
0.000262513
0.000207059
0.000120685
3.99386e-05
7.89751e-06
2.01354e-05
5.5664e-06
2.23244e-05
5.31839e-05
8.23308e-05
0.000106893
0.000294503
0.00029362
0.000286249
0.000262513
0.000207059
0.000120685
3.99386e-05
7.89751e-06
2.01354e-05
5.5664e-06
2.23244e-05
5.31839e-05
8.23308e-05
0.000106893
0.000294503
0.00029362
0.000286249
0.000262513
0.000207059
0.000120685
3.99386e-05
7.89751e-06
2.01354e-05
5.5664e-06
2.23244e-05
5.31839e-05
8.23308e-05
0.000106893
0.000294503
0.00029362
0.000286249
0.000262513
0.000207059
0.000120685
3.99386e-05
7.89751e-06
2.01354e-05
5.5664e-06
2.23244e-05
5.31839e-05
8.23308e-05
0.000106893
0.000294503
0.00029362
0.000286249
0.000262513
0.000207059
0.000120685
3.99386e-05
7.89751e-06
2.01354e-05
5.5664e-06
2.23244e-05
5.31839e-05
8.23308e-05
0.000106893
0.000294503
0.00029362
0.000286249
0.000262513
0.000207059
0.000120685
3.99386e-05
7.89751e-06
2.01354e-05
5.5664e-06
2.23244e-05
5.31839e-05
8.23308e-05
0.000106893
0.000294503
0.00029362
0.000286249
0.000262513
0.000207059
0.000120685
3.99386e-05
7.89751e-06
2.01354e-05
5.5664e-06
2.23244e-05
5.31839e-05
8.23308e-05
0.000106893
0.000294503
0.00029362
0.000286249
0.000262513
0.000207059
0.000120685
3.99386e-05
7.89751e-06
2.01354e-05
5.5664e-06
2.23244e-05
5.31839e-05
8.23308e-05
0.000106893
0.000294503
0.00029362
0.000286249
0.000262513
0.000207059
0.000120685
3.99386e-05
7.89751e-06
2.01354e-05
5.5664e-06
2.23244e-05
5.31839e-05
8.23308e-05
0.000106893
0.000294503
0.00029362
0.000286249
0.000262513
0.000207059
0.000120685
3.99386e-05
7.89751e-06
2.01354e-05
5.5664e-06
2.23244e-05
5.31839e-05
8.23308e-05
0.000106893
0.000294503
0.00029362
0.000286249
0.000262513
0.000207059
0.000120685
3.99386e-05
7.89751e-06
2.01354e-05
5.5664e-06
2.23244e-05
5.31839e-05
8.23308e-05
0.000106893
0.000294503
0.00029362
0.000286249
0.000262513
0.000207059
0.000120685
3.99386e-05
7.89751e-06
2.01354e-05
5.5664e-06
2.23244e-05
5.31839e-05
8.23308e-05
0.000106893
0.000294503
0.00029362
0.000286249
0.000262513
0.000207059
0.000120685
3.99386e-05
7.89751e-06
2.01354e-05
5.5664e-06
2.23244e-05
5.31839e-05
8.23308e-05
0.000106893
0.000294503
0.00029362
0.000286249
0.000262513
0.000207059
0.000120685
3.99386e-05
7.89751e-06
2.01354e-05
5.5664e-06
2.23244e-05
5.31839e-05
8.23308e-05
0.000106893
0.000294503
0.00029362
0.000286249
0.000262513
0.000207059
0.000120685
3.99386e-05
7.89751e-06
2.01354e-05
5.5664e-06
2.23244e-05
5.31839e-05
8.23308e-05
0.000106893
0.000294503
0.00029362
0.000286249
0.000262513
0.000207059
0.000120685
3.99386e-05
7.89751e-06
2.01354e-05
5.5664e-06
2.23244e-05
5.31839e-05
8.23308e-05
0.000106893
0.000294503
0.00029362
0.000286249
0.000262513
0.000207059
0.000120685
3.99386e-05
7.89751e-06
2.01354e-05
5.5664e-06
2.23244e-05
5.31839e-05
8.23308e-05
0.000106893
0.000294503
0.00029362
0.000286249
0.000262513
0.000207059
0.000120685
3.99386e-05
7.89751e-06
2.01354e-05
5.5664e-06
2.23244e-05
5.31839e-05
8.23308e-05
0.000106893
0.000294503
0.00029362
0.000286249
0.000262513
0.000207059
0.000120685
3.99386e-05
7.89751e-06
2.01354e-05
5.5664e-06
2.23244e-05
5.31839e-05
8.23308e-05
0.000106893
0.000294503
0.00029362
0.000286249
0.000262513
0.000207059
0.000120685
3.99386e-05
7.89751e-06
2.01354e-05
5.5664e-06
2.23244e-05
5.31839e-05
8.23308e-05
0.000106893
0.000294503
0.00029362
0.000286249
0.000262513
0.000207059
0.000120685
3.99386e-05
7.89751e-06
2.01354e-05
5.5664e-06
2.23244e-05
5.31839e-05
8.23308e-05
0.000106893
0.000294503
0.00029362
0.000286249
0.000262513
0.000207059
0.000120685
3.99386e-05
7.89751e-06
2.01354e-05
5.5664e-06
2.23244e-05
5.31839e-05
8.23308e-05
0.000106893
0.000294503
0.00029362
0.000286249
0.000262513
0.000207059
0.000120685
3.99386e-05
7.89751e-06
2.01354e-05
5.5664e-06
2.23244e-05
5.31839e-05
8.23308e-05
0.000106893
0.000294503
0.00029362
0.000286249
0.000262513
0.000207059
0.000120685
3.99386e-05
7.89751e-06
2.01354e-05
5.5664e-06
2.23244e-05
5.31839e-05
8.23308e-05
0.000106893
0.000294503
0.00029362
0.000286249
0.000262513
0.000207059
0.000120685
3.99386e-05
7.89751e-06
2.01354e-05
5.5664e-06
2.23244e-05
5.31839e-05
8.23308e-05
0.000106893
0.000294503
0.00029362
0.000286249
0.000262513
0.000207059
0.000120685
3.99386e-05
7.89751e-06
2.01354e-05
5.5664e-06
2.23244e-05
5.31839e-05
8.23308e-05
0.000106893
0.000294503
0.00029362
0.000286249
0.000262513
0.000207059
0.000120685
3.99386e-05
7.89751e-06
2.01354e-05
5.5664e-06
2.23244e-05
5.31839e-05
8.23308e-05
0.000106893
0.000294503
0.00029362
0.000286249
0.000262513
0.000207059
0.000120685
3.99386e-05
7.89751e-06
2.01354e-05
5.5664e-06
2.23244e-05
5.31839e-05
8.23308e-05
0.000106893
0.000294503
0.00029362
0.000286249
0.000262513
0.000207059
0.000120685
3.99386e-05
7.89751e-06
2.01354e-05
5.5664e-06
2.23244e-05
5.31839e-05
8.23308e-05
0.000106893
0.000294503
0.00029362
0.000286249
0.000262513
0.000207059
0.000120685
3.99386e-05
7.89751e-06
2.01354e-05
5.5664e-06
2.23244e-05
5.31839e-05
8.23308e-05
0.000106893
0.000294503
0.00029362
0.000286249
0.000262513
0.000207059
0.000120685
3.99386e-05
7.89751e-06
2.01354e-05
5.5664e-06
2.23244e-05
5.31839e-05
8.23308e-05
0.000106893
0.000294503
0.00029362
0.000286249
0.000262513
0.000207059
0.000120685
3.99386e-05
7.89751e-06
2.01354e-05
5.5664e-06
2.23244e-05
5.31839e-05
8.23308e-05
0.000106893
0.000294503
0.00029362
0.000286249
0.000262513
0.000207059
0.000120685
3.99386e-05
7.89751e-06
2.01354e-05
5.5664e-06
2.23244e-05
5.31839e-05
8.23308e-05
0.000106893
0.000294503
0.00029362
0.000286249
0.000262513
0.000207059
0.000120685
3.99386e-05
7.89751e-06
2.01354e-05
5.5664e-06
2.23244e-05
5.31839e-05
8.23308e-05
0.000106893
0.000294503
0.00029362
0.000286249
0.000262513
0.000207059
0.000120685
3.99386e-05
7.89751e-06
2.01354e-05
5.5664e-06
2.23244e-05
5.31839e-05
8.23308e-05
0.000106893
0.000294503
0.00029362
0.000286249
0.000262513
0.000207059
0.000120685
3.99386e-05
7.89751e-06
2.01354e-05
5.5664e-06
2.23244e-05
5.31839e-05
8.23308e-05
0.000106893
0.000294503
0.00029362
0.000286249
0.000262513
0.000207059
0.000120685
3.99386e-05
7.89751e-06
2.01354e-05
5.5664e-06
2.23244e-05
5.31839e-05
8.23308e-05
0.000106893
0.000294503
0.00029362
0.000286249
0.000262513
0.000207059
0.000120685
3.99386e-05
7.89751e-06
2.01354e-05
5.5664e-06
2.23244e-05
5.31839e-05
8.23308e-05
0.000106893
0.000294503
0.00029362
0.000286249
0.000262513
0.000207059
0.000120685
3.99386e-05
7.89751e-06
2.01354e-05
5.5664e-06
2.23244e-05
5.31839e-05
8.23308e-05
0.000106893
0.000294503
0.00029362
0.000286249
0.000262513
0.000207059
0.000120685
3.99386e-05
7.89751e-06
2.01354e-05
5.5664e-06
2.23244e-05
5.31839e-05
8.23308e-05
0.000106893
0.000294503
0.00029362
0.000286249
0.000262513
0.000207059
0.000120685
3.99386e-05
7.89751e-06
2.01354e-05
5.5664e-06
2.23244e-05
5.31839e-05
8.23308e-05
0.000106893
0.000294503
0.00029362
0.000286249
0.000262513
0.000207059
0.000120685
3.99386e-05
7.89751e-06
2.01354e-05
5.5664e-06
2.23244e-05
5.31839e-05
8.23308e-05
0.000106893
0.000294503
0.00029362
0.000286249
0.000262513
0.000207059
0.000120685
3.99386e-05
7.89751e-06
2.01354e-05
5.5664e-06
2.23244e-05
5.31839e-05
8.23308e-05
0.000106893
0.000294503
0.00029362
0.000286249
0.000262513
0.000207059
0.000120685
3.99386e-05
7.89751e-06
2.01354e-05
5.5664e-06
2.23244e-05
5.31839e-05
8.23308e-05
0.000106893
0.000294503
0.00029362
0.000286249
0.000262513
0.000207059
0.000120685
3.99386e-05
7.89751e-06
2.01354e-05
5.5664e-06
2.23244e-05
5.31839e-05
8.23308e-05
0.000106893
0.000294503
0.00029362
0.000286249
0.000262513
0.000207059
0.000120685
3.99386e-05
7.89751e-06
2.01354e-05
5.5664e-06
2.23244e-05
5.31839e-05
8.23308e-05
0.000106893
0.000294503
0.00029362
0.000286249
0.000262513
0.000207059
0.000120685
3.99386e-05
7.89751e-06
2.01354e-05
5.5664e-06
2.23244e-05
5.31839e-05
8.23308e-05
0.000106893
0.000294503
0.00029362
0.000286249
0.000262513
0.000207059
0.000120685
3.99386e-05
7.89751e-06
2.01354e-05
5.5664e-06
2.23244e-05
5.31839e-05
8.23308e-05
0.000106893
0.000294503
0.00029362
0.000286249
0.000262513
0.000207059
0.000120685
3.99386e-05
7.89751e-06
2.01354e-05
5.5664e-06
2.23244e-05
5.31839e-05
8.23308e-05
0.000106893
0.000294503
0.00029362
0.000286249
0.000262513
0.000207059
0.000120685
3.99386e-05
7.89751e-06
2.01354e-05
5.5664e-06
2.23244e-05
5.31839e-05
8.23308e-05
0.000106893
0.000294503
0.00029362
0.000286249
0.000262513
0.000207059
0.000120685
3.99386e-05
7.89751e-06
2.01354e-05
5.5664e-06
2.23244e-05
5.31839e-05
8.23308e-05
0.000106893
0.000294503
0.00029362
0.000286249
0.000262513
0.000207059
0.000120685
3.99386e-05
7.89751e-06
2.01354e-05
5.5664e-06
2.23244e-05
5.31839e-05
8.23308e-05
0.000106893
0.000294503
0.00029362
0.000286249
0.000262513
0.000207059
0.000120685
3.99386e-05
7.89751e-06
2.01354e-05
5.5664e-06
2.23244e-05
5.31839e-05
8.23308e-05
0.000106893
0.000294503
0.00029362
0.000286249
0.000262513
0.000207059
0.000120685
3.99386e-05
7.89751e-06
2.01354e-05
5.5664e-06
2.23244e-05
5.31839e-05
8.23308e-05
0.000106893
0.000294503
0.00029362
0.000286249
0.000262513
0.000207059
0.000120685
3.99386e-05
7.89751e-06
2.01354e-05
5.5664e-06
2.23244e-05
5.31839e-05
8.23308e-05
0.000106893
0.000294503
0.00029362
0.000286249
0.000262513
0.000207059
0.000120685
3.99386e-05
7.89751e-06
2.01354e-05
5.5664e-06
2.23244e-05
5.31839e-05
8.23308e-05
0.000106893
0.000294503
0.00029362
0.000286249
0.000262513
0.000207059
0.000120685
3.99386e-05
7.89751e-06
2.01354e-05
5.5664e-06
2.23244e-05
5.31839e-05
8.23308e-05
0.000106893
0.000294503
0.00029362
0.000286249
0.000262513
0.000207059
0.000120685
3.99386e-05
7.89751e-06
2.01354e-05
5.5664e-06
2.23244e-05
5.31839e-05
8.23308e-05
0.000106893
