0.000843892
0.000856238
0.000894095
0.00083966
0.000516562
4.25111e-05
0.000512272
0.000657302
0.000509804
0.000234279
1.46496e-05
0.000166726
0.000214729
0.000168071
0.000843892
0.000844133
0.000654852
0.000299531
0.0025835
0.0060025
0.00921716
0.0104558
0.00825403
0.00237077
0.00470645
0.00835854
0.00470641
0.00691261
0.000843892
0.000816676
0.000622788
6.23863e-05
0.00100758
0.00240493
0.00360174
0.00411466
0.00367408
0.00226026
0.00029801
0.00124979
0.00124477
0.00103399
0.000843892
0.000832678
0.000741117
0.00042698
0.000242739
0.00114921
0.00189289
0.0021743
0.0019385
0.00128857
0.000450615
0.000232422
0.000358015
0.0003747
0.000843892
0.000843857
0.000814871
0.000629673
0.000137984
0.000582352
0.00117274
0.00137577
0.00119175
0.000761606
0.000267924
0.000111225
0.000205003
0.000115021
0.000843892
0.00084993
0.000853953
0.00073399
0.000327603
0.000309511
0.00083611
0.00100783
0.000843408
0.00049723
0.000136569
0.00012014
0.00019133
2.18449e-05
0.000843892
0.000853058
0.000873909
0.000786682
0.000422173
0.000175329
0.000672708
0.000830534
0.000674852
0.000365505
6.31683e-05
0.000139094
0.000198628
9.36387e-05
0.000843892
0.000854642
0.000883975
0.000813138
0.000469391
0.000108755
0.000592133
0.000743427
0.000591901
0.000299822
2.47797e-05
0.000151869
0.000205608
0.00013051
0.000843892
0.000855439
0.000889028
0.000826391
0.000492982
7.55925e-05
0.000552115
0.000700244
0.000550747
0.000267032
5.1913e-06
0.000159043
0.000209904
0.000149203
0.000843892
0.000855838
0.00089156
0.000833024
0.000504773
5.90418e-05
0.000532171
0.000678744
0.000530249
0.000250651
4.69807e-06
0.000162821
0.000212251
0.000158614
0.000843892
0.000856038
0.000892827
0.000836341
0.000510668
5.0774e-05
0.000522216
0.000668016
0.00052002
0.000242464
9.66614e-06
0.000164758
0.000213474
0.000163337
0.000843892
0.000856138
0.000893461
0.000838
0.000513615
4.66419e-05
0.000517243
0.000662657
0.00051491
0.000238371
1.2156e-05
0.000165738
0.000214098
0.000165703
0.000843892
0.000856188
0.000893778
0.00083883
0.000515088
4.45764e-05
0.000514757
0.000659979
0.000512356
0.000236325
1.34023e-05
0.000166231
0.000214412
0.000166886
0.000843892
0.000856213
0.000893936
0.000839245
0.000515825
4.35437e-05
0.000513514
0.000658641
0.00051108
0.000235302
1.40259e-05
0.000166478
0.000214571
0.000167478
0.000843892
0.000856226
0.000894016
0.000839452
0.000516193
4.30274e-05
0.000512893
0.000657972
0.000510442
0.000234791
1.43377e-05
0.000166602
0.00021465
0.000167775
0.000843892
0.000856232
0.000894055
0.000839556
0.000516378
4.27693e-05
0.000512582
0.000657637
0.000510123
0.000234535
1.44937e-05
0.000166664
0.00021469
0.000167923
0.000843892
0.000856235
0.000894075
0.000839608
0.00051647
4.26402e-05
0.000512427
0.00065747
0.000509963
0.000234407
1.45717e-05
0.000166695
0.000214709
0.000167997
0.000843892
0.000856237
0.000894085
0.000839634
0.000516516
4.25757e-05
0.000512349
0.000657386
0.000509883
0.000234343
1.46106e-05
0.00016671
0.000214719
0.000168034
0.000843892
0.000856237
0.00089409
0.000839647
0.000516539
4.25434e-05
0.00051231
0.000657344
0.000509843
0.000234311
1.46301e-05
0.000166718
0.000214724
0.000168052
0.000843892
0.000856238
0.000894092
0.000839653
0.00051655
4.25273e-05
0.000512291
0.000657323
0.000509823
0.000234295
1.46399e-05
0.000166722
0.000214727
0.000168061
0.000843892
0.000856238
0.000894094
0.000839656
0.000516556
4.25192e-05
0.000512281
0.000657313
0.000509814
0.000234287
1.46448e-05
0.000166724
0.000214728
0.000168066
0.000843892
0.000856238
0.000894094
0.000839658
0.000516559
4.25152e-05
0.000512277
0.000657308
0.000509809
0.000234283
1.46472e-05
0.000166725
0.000214729
0.000168068
0.000843892
0.000856238
0.000894095
0.000839659
0.00051656
4.25132e-05
0.000512274
0.000657305
0.000509806
0.000234281
1.46484e-05
0.000166725
0.000214729
0.00016807
0.000843892
0.000856238
0.000894095
0.000839659
0.000516561
4.25122e-05
0.000512273
0.000657304
0.000509805
0.00023428
1.4649e-05
0.000166726
0.000214729
0.00016807
0.000843892
0.000856238
0.000894095
0.000839659
0.000516561
4.25117e-05
0.000512272
0.000657303
0.000509804
0.00023428
1.46493e-05
0.000166726
0.000214729
0.00016807
0.000843892
0.000856238
0.000894095
0.00083966
0.000516562
4.25114e-05
0.000512272
0.000657303
0.000509804
0.000234279
1.46495e-05
0.000166726
0.000214729
0.000168071
0.000843892
0.000856238
0.000894095
0.00083966
0.000516562
4.25113e-05
0.000512272
0.000657303
0.000509804
0.000234279
1.46496e-05
0.000166726
0.000214729
0.000168071
0.000843892
0.000856238
0.000894095
0.00083966
0.000516562
4.25112e-05
0.000512272
0.000657303
0.000509804
0.000234279
1.46496e-05
0.000166726
0.000214729
0.000168071
0.000843892
0.000856238
0.000894095
0.00083966
0.000516562
4.25112e-05
0.000512272
0.000657303
0.000509804
0.000234279
1.46496e-05
0.000166726
0.000214729
0.000168071
0.000843892
0.000856238
0.000894095
0.00083966
0.000516562
4.25112e-05
0.000512272
0.000657303
0.000509804
0.000234279
1.46496e-05
0.000166726
0.000214729
0.000168071
0.000843892
0.000856238
0.000894095
0.00083966
0.000516562
4.25112e-05
0.000512272
0.000657303
0.000509804
0.000234279
1.46496e-05
0.000166726
0.000214729
0.000168071
0.000843892
0.000856238
0.000894095
0.00083966
0.000516562
4.25112e-05
0.000512272
0.000657303
0.000509804
0.000234279
1.46496e-05
0.000166726
0.000214729
0.000168071
0.000843892
0.000856238
0.000894095
0.00083966
0.000516562
4.25111e-05
0.000512272
0.000657303
0.000509804
0.000234279
1.46496e-05
0.000166726
0.000214729
0.000168071
0.000843892
0.000856238
0.000894095
0.00083966
0.000516562
4.25111e-05
0.000512272
0.000657303
0.000509804
0.000234279
1.46496e-05
0.000166726
0.000214729
0.000168071
0.000843892
0.000856238
0.000894095
0.00083966
0.000516562
4.25111e-05
0.000512272
0.000657303
0.000509804
0.000234279
1.46496e-05
0.000166726
0.000214729
0.000168071
0.000843892
0.000856238
0.000894095
0.00083966
0.000516562
4.25111e-05
0.000512272
0.000657303
0.000509804
0.000234279
1.46496e-05
0.000166726
0.000214729
0.000168071
0.000843892
0.000856238
0.000894095
0.00083966
0.000516562
4.25111e-05
0.000512272
0.000657303
0.000509804
0.000234279
1.46496e-05
0.000166726
0.000214729
0.000168071
0.000843892
0.000856238
0.000894095
0.00083966
0.000516562
4.25111e-05
0.000512272
0.000657302
0.000509804
0.000234279
1.46496e-05
0.000166726
0.000214729
0.000168071
0.000843892
0.000856238
0.000894095
0.00083966
0.000516562
4.25111e-05
0.000512272
0.000657302
0.000509804
0.000234279
1.46496e-05
0.000166726
0.000214729
0.000168071
0.000843892
0.000856238
0.000894095
0.00083966
0.000516562
4.25111e-05
0.000512272
0.000657302
0.000509804
0.000234279
1.46496e-05
0.000166726
0.000214729
0.000168071
0.000843892
0.000856238
0.000894095
0.00083966
0.000516562
4.25111e-05
0.000512272
0.000657302
0.000509804
0.000234279
1.46496e-05
0.000166726
0.000214729
0.000168071
0.000843892
0.000856238
0.000894095
0.00083966
0.000516562
4.25111e-05
0.000512272
0.000657302
0.000509804
0.000234279
1.46496e-05
0.000166726
0.000214729
0.000168071
0.000843892
0.000856238
0.000894095
0.00083966
0.000516562
4.25111e-05
0.000512272
0.000657302
0.000509804
0.000234279
1.46496e-05
0.000166726
0.000214729
0.000168071
0.000843892
0.000856238
0.000894095
0.00083966
0.000516562
4.25111e-05
0.000512272
0.000657302
0.000509804
0.000234279
1.46496e-05
0.000166726
0.000214729
0.000168071
0.000843892
0.000856238
0.000894095
0.00083966
0.000516562
4.25111e-05
0.000512272
0.000657302
0.000509804
0.000234279
1.46496e-05
0.000166726
0.000214729
0.000168071
0.000843892
0.000856238
0.000894095
0.00083966
0.000516562
4.25111e-05
0.000512272
0.000657302
0.000509804
0.000234279
1.46496e-05
0.000166726
0.000214729
0.000168071
0.000843892
0.000856238
0.000894095
0.00083966
0.000516562
4.25111e-05
0.000512272
0.000657302
0.000509804
0.000234279
1.46496e-05
0.000166726
0.000214729
0.000168071
0.000843892
0.000856238
0.000894095
0.00083966
0.000516562
4.25111e-05
0.000512272
0.000657302
0.000509804
0.000234279
1.46496e-05
0.000166726
0.000214729
0.000168071
0.000843892
0.000856238
0.000894095
0.00083966
0.000516562
4.25111e-05
0.000512272
0.000657302
0.000509804
0.000234279
1.46496e-05
0.000166726
0.000214729
0.000168071
0.000843892
0.000856238
0.000894095
0.00083966
0.000516562
4.25111e-05
0.000512272
0.000657302
0.000509804
0.000234279
1.46496e-05
0.000166726
0.000214729
0.000168071
0.000843892
0.000856238
0.000894095
0.00083966
0.000516562
4.25111e-05
0.000512272
0.000657302
0.000509804
0.000234279
1.46496e-05
0.000166726
0.000214729
0.000168071
0.000843892
0.000856238
0.000894095
0.00083966
0.000516562
4.25111e-05
0.000512272
0.000657302
0.000509804
0.000234279
1.46496e-05
0.000166726
0.000214729
0.000168071
0.000843892
0.000856238
0.000894095
0.00083966
0.000516562
4.25111e-05
0.000512272
0.000657302
0.000509804
0.000234279
1.46496e-05
0.000166726
0.000214729
0.000168071
0.000843892
0.000856238
0.000894095
0.00083966
0.000516562
4.25111e-05
0.000512272
0.000657302
0.000509804
0.000234279
1.46496e-05
0.000166726
0.000214729
0.000168071
0.000843892
0.000856238
0.000894095
0.00083966
0.000516562
4.25111e-05
0.000512272
0.000657302
0.000509804
0.000234279
1.46496e-05
0.000166726
0.000214729
0.000168071
0.000843892
0.000856238
0.000894095
0.00083966
0.000516562
4.25111e-05
0.000512272
0.000657302
0.000509804
0.000234279
1.46496e-05
0.000166726
0.000214729
0.000168071
0.000843892
0.000856238
0.000894095
0.00083966
0.000516562
4.25111e-05
0.000512272
0.000657302
0.000509804
0.000234279
1.46496e-05
0.000166726
0.000214729
0.000168071
0.000843892
0.000856238
0.000894095
0.00083966
0.000516562
4.25111e-05
0.000512272
0.000657302
0.000509804
0.000234279
1.46496e-05
0.000166726
0.000214729
0.000168071
0.000843892
0.000856238
0.000894095
0.00083966
0.000516562
4.25111e-05
0.000512272
0.000657302
0.000509804
0.000234279
1.46496e-05
0.000166726
0.000214729
0.000168071
0.000843892
0.000856238
0.000894095
0.00083966
0.000516562
4.25111e-05
0.000512272
0.000657302
0.000509804
0.000234279
1.46496e-05
0.000166726
0.000214729
0.000168071
0.000843892
0.000856238
0.000894095
0.00083966
0.000516562
4.25111e-05
0.000512272
0.000657302
0.000509804
0.000234279
1.46496e-05
0.000166726
0.000214729
0.000168071
0.000843892
0.000856238
0.000894095
0.00083966
0.000516562
4.25111e-05
0.000512272
0.000657302
0.000509804
0.000234279
1.46496e-05
0.000166726
0.000214729
0.000168071
0.000843892
0.000856238
0.000894095
0.00083966
0.000516562
4.25111e-05
0.000512272
0.000657302
0.000509804
0.000234279
1.46496e-05
0.000166726
0.000214729
0.000168071
0.000843892
0.000856238
0.000894095
0.00083966
0.000516562
4.25111e-05
0.000512272
0.000657302
0.000509804
0.000234279
1.46496e-05
0.000166726
0.000214729
0.000168071
0.000843892
0.000856238
0.000894095
0.00083966
0.000516562
4.25111e-05
0.000512272
0.000657302
0.000509804
0.000234279
1.46496e-05
0.000166726
0.000214729
0.000168071
0.000843892
0.000856238
0.000894095
0.00083966
0.000516562
4.25111e-05
0.000512272
0.000657302
0.000509804
0.000234279
1.46496e-05
0.000166726
0.000214729
0.000168071
0.000843892
0.000856238
0.000894095
0.00083966
0.000516562
4.25111e-05
0.000512272
0.000657302
0.000509804
0.000234279
1.46496e-05
0.000166726
0.000214729
0.000168071
0.000843892
0.000856238
0.000894095
0.00083966
0.000516562
4.25111e-05
0.000512272
0.000657302
0.000509804
0.000234279
1.46496e-05
0.000166726
0.000214729
0.000168071
0.000843892
0.000856238
0.000894095
0.00083966
0.000516562
4.25111e-05
0.000512272
0.000657302
0.000509804
0.000234279
1.46496e-05
0.000166726
0.000214729
0.000168071
0.000843892
0.000856238
0.000894095
0.00083966
0.000516562
4.25111e-05
0.000512272
0.000657302
0.000509804
0.000234279
1.46496e-05
0.000166726
0.000214729
0.000168071
0.000843892
0.000856238
0.000894095
0.00083966
0.000516562
4.25111e-05
0.000512272
0.000657302
0.000509804
0.000234279
1.46496e-05
0.000166726
0.000214729
0.000168071
0.000843892
0.000856238
0.000894095
0.00083966
0.000516562
4.25111e-05
0.000512272
0.000657302
0.000509804
0.000234279
1.46496e-05
0.000166726
0.000214729
0.000168071
0.000843892
0.000856238
0.000894095
0.00083966
0.000516562
4.25111e-05
0.000512272
0.000657302
0.000509804
0.000234279
1.46496e-05
0.000166726
0.000214729
0.000168071
0.000843892
0.000856238
0.000894095
0.00083966
0.000516562
4.25111e-05
0.000512272
0.000657302
0.000509804
0.000234279
1.46496e-05
0.000166726
0.000214729
0.000168071
0.000843892
0.000856238
0.000894095
0.00083966
0.000516562
4.25111e-05
0.000512272
0.000657302
0.000509804
0.000234279
1.46496e-05
0.000166726
0.000214729
0.000168071
0.000843892
0.000856238
0.000894095
0.00083966
0.000516562
4.25111e-05
0.000512272
0.000657302
0.000509804
0.000234279
1.46496e-05
0.000166726
0.000214729
0.000168071
0.000843892
0.000856238
0.000894095
0.00083966
0.000516562
4.25111e-05
0.000512272
0.000657302
0.000509804
0.000234279
1.46496e-05
0.000166726
0.000214729
0.000168071
0.000843892
0.000856238
0.000894095
0.00083966
0.000516562
4.25111e-05
0.000512272
0.000657302
0.000509804
0.000234279
1.46496e-05
0.000166726
0.000214729
0.000168071
0.000843892
0.000856238
0.000894095
0.00083966
0.000516562
4.25111e-05
0.000512272
0.000657302
0.000509804
0.000234279
1.46496e-05
0.000166726
0.000214729
0.000168071
0.000843892
0.000856238
0.000894095
0.00083966
0.000516562
4.25111e-05
0.000512272
0.000657302
0.000509804
0.000234279
1.46496e-05
0.000166726
0.000214729
0.000168071
0.000843892
0.000856238
0.000894095
0.00083966
0.000516562
4.25111e-05
0.000512272
0.000657302
0.000509804
0.000234279
1.46496e-05
0.000166726
0.000214729
0.000168071
0.000843892
0.000856238
0.000894095
0.00083966
0.000516562
4.25111e-05
0.000512272
0.000657302
0.000509804
0.000234279
1.46496e-05
0.000166726
0.000214729
0.000168071
0.000843892
0.000856238
0.000894095
0.00083966
0.000516562
4.25111e-05
0.000512272
0.000657302
0.000509804
0.000234279
1.46496e-05
0.000166726
0.000214729
0.000168071
0.000843892
0.000856238
0.000894095
0.00083966
0.000516562
4.25111e-05
0.000512272
0.000657302
0.000509804
0.000234279
1.46496e-05
0.000166726
0.000214729
0.000168071
0.000843892
0.000856238
0.000894095
0.00083966
0.000516562
4.25111e-05
0.000512272
0.000657302
0.000509804
0.000234279
1.46496e-05
0.000166726
0.000214729
0.000168071
0.000843892
0.000856238
0.000894095
0.00083966
0.000516562
4.25111e-05
0.000512272
0.000657302
0.000509804
0.000234279
1.46496e-05
0.000166726
0.000214729
0.000168071
0.000843892
0.000856238
0.000894095
0.00083966
0.000516562
4.25111e-05
0.000512272
0.000657302
0.000509804
0.000234279
1.46496e-05
0.000166726
0.000214729
0.000168071
0.000843892
0.000856238
0.000894095
0.00083966
0.000516562
4.25111e-05
0.000512272
0.000657302
0.000509804
0.000234279
1.46496e-05
0.000166726
0.000214729
0.000168071
0.000843892
0.000856238
0.000894095
0.00083966
0.000516562
4.25111e-05
0.000512272
0.000657302
0.000509804
0.000234279
1.46496e-05
0.000166726
0.000214729
0.000168071
0.000843892
0.000856238
0.000894095
0.00083966
0.000516562
4.25111e-05
0.000512272
0.000657302
0.000509804
0.000234279
1.46496e-05
0.000166726
0.000214729
0.000168071
0.000843892
0.000856238
0.000894095
0.00083966
0.000516562
4.25111e-05
0.000512272
0.000657302
0.000509804
0.000234279
1.46496e-05
0.000166726
0.000214729
0.000168071
0.000843892
0.000856238
0.000894095
0.00083966
0.000516562
4.25111e-05
0.000512272
0.000657302
0.000509804
0.000234279
1.46496e-05
0.000166726
0.000214729
0.000168071
0.000843892
0.000856238
0.000894095
0.00083966
0.000516562
4.25111e-05
0.000512272
0.000657302
0.000509804
0.000234279
1.46496e-05
0.000166726
0.000214729
0.000168071
0.000843892
0.000856238
0.000894095
0.00083966
0.000516562
4.25111e-05
0.000512272
0.000657302
0.000509804
0.000234279
1.46496e-05
0.000166726
0.000214729
0.000168071
0.000843892
0.000856238
0.000894095
0.00083966
0.000516562
4.25111e-05
0.000512272
0.000657302
0.000509804
0.000234279
1.46496e-05
0.000166726
0.000214729
0.000168071
0.000843892
0.000856238
0.000894095
0.00083966
0.000516562
4.25111e-05
0.000512272
0.000657302
0.000509804
0.000234279
1.46496e-05
0.000166726
0.000214729
0.000168071
0.000843892
0.000856238
0.000894095
0.00083966
0.000516562
4.25111e-05
0.000512272
0.000657302
0.000509804
0.000234279
1.46496e-05
0.000166726
0.000214729
0.000168071
0.000843892
0.000856238
0.000894095
0.00083966
0.000516562
4.25111e-05
0.000512272
0.000657302
0.000509804
0.000234279
1.46496e-05
0.000166726
0.000214729
0.000168071
0.000843892
0.000856238
0.000894095
0.00083966
0.000516562
4.25111e-05
0.000512272
0.000657302
0.000509804
0.000234279
1.46496e-05
0.000166726
0.000214729
0.000168071
0.000843892
0.000856238
0.000894095
0.00083966
0.000516562
4.25111e-05
0.000512272
0.000657302
0.000509804
0.000234279
1.46496e-05
0.000166726
0.000214729
0.000168071
0.000843892
0.000856238
0.000894095
0.00083966
0.000516562
4.25111e-05
0.000512272
0.000657302
0.000509804
0.000234279
1.46496e-05
0.000166726
0.000214729
0.000168071
0.000843892
0.000856238
0.000894095
0.00083966
0.000516562
4.25111e-05
0.000512272
0.000657302
0.000509804
0.000234279
1.46496e-05
0.000166726
0.000214729
0.000168071
0.000843892
0.000856238
0.000894095
0.00083966
0.000516562
4.25111e-05
0.000512272
0.000657302
0.000509804
0.000234279
1.46496e-05
0.000166726
0.000214729
0.000168071
0.000843892
0.000856238
0.000894095
0.00083966
0.000516562
4.25111e-05
0.000512272
0.000657302
0.000509804
0.000234279
1.46496e-05
0.000166726
0.000214729
0.000168071
0.000843892
0.000856238
0.000894095
0.00083966
0.000516562
4.25111e-05
0.000512272
0.000657302
0.000509804
0.000234279
1.46496e-05
0.000166726
0.000214729
0.000168071
0.000843892
0.000856238
0.000894095
0.00083966
0.000516562
4.25111e-05
0.000512272
0.000657302
0.000509804
0.000234279
1.46496e-05
0.000166726
0.000214729
0.000168071
0.000843892
0.000856238
0.000894095
0.00083966
0.000516562
4.25111e-05
0.000512272
0.000657302
0.000509804
0.000234279
1.46496e-05
0.000166726
0.000214729
0.000168071
0.000843892
0.000856238
0.000894095
0.00083966
0.000516562
4.25111e-05
0.000512272
0.000657302
0.000509804
0.000234279
1.46496e-05
0.000166726
0.000214729
0.000168071
0.000843892
0.000856238
0.000894095
0.00083966
0.000516562
4.25111e-05
0.000512272
0.000657302
0.000509804
0.000234279
1.46496e-05
0.000166726
0.000214729
0.000168071
0.000843892
0.000856238
0.000894095
0.00083966
0.000516562
4.25111e-05
0.000512272
0.000657302
0.000509804
0.000234279
1.46496e-05
0.000166726
0.000214729
0.000168071
0.000843892
0.000856238
0.000894095
0.00083966
0.000516562
4.25111e-05
0.000512272
0.000657302
0.000509804
0.000234279
1.46496e-05
0.000166726
0.000214729
0.000168071
0.000843892
0.000856238
0.000894095
0.00083966
0.000516562
4.25111e-05
0.000512272
0.000657302
0.000509804
0.000234279
1.46496e-05
0.000166726
0.000214729
0.000168071
0.000843892
0.000856238
0.000894095
0.00083966
0.000516562
4.25111e-05
0.000512272
0.000657302
0.000509804
0.000234279
1.46496e-05
0.000166726
0.000214729
0.000168071
0.000843892
0.000856238
0.000894095
0.00083966
0.000516562
4.25111e-05
0.000512272
0.000657302
0.000509804
0.000234279
1.46496e-05
0.000166726
0.000214729
0.000168071
0.000843892
0.000856238
0.000894095
0.00083966
0.000516562
4.25111e-05
0.000512272
0.000657302
0.000509804
0.000234279
1.46496e-05
0.000166726
0.000214729
0.000168071
0.000843892
0.000856238
0.000894095
0.00083966
0.000516562
4.25111e-05
0.000512272
0.000657302
0.000509804
0.000234279
1.46496e-05
0.000166726
0.000214729
0.000168071
0.000843892
0.000856238
0.000894095
0.00083966
0.000516562
4.25111e-05
0.000512272
0.000657302
0.000509804
0.000234279
1.46496e-05
0.000166726
0.000214729
0.000168071
0.000843892
0.000856238
0.000894095
0.00083966
0.000516562
4.25111e-05
0.000512272
0.000657302
0.000509804
0.000234279
1.46496e-05
0.000166726
0.000214729
0.000168071
0.000843892
0.000856238
0.000894095
0.00083966
0.000516562
4.25111e-05
0.000512272
0.000657302
0.000509804
0.000234279
1.46496e-05
0.000166726
0.000214729
0.000168071
0.000843892
0.000856238
0.000894095
0.00083966
0.000516562
4.25111e-05
0.000512272
0.000657302
0.000509804
0.000234279
1.46496e-05
0.000166726
0.000214729
0.000168071
0.000843892
0.000856238
0.000894095
0.00083966
0.000516562
4.25111e-05
0.000512272
0.000657302
0.000509804
0.000234279
1.46496e-05
0.000166726
0.000214729
0.000168071
0.000421946
0.00042864
0.000448636
0.000418536
0.000249048
3.63342e-05
0.000269503
0.000335891
0.000256944
0.000117125
7.68701e-06
8.39864e-05
0.000107019
7.92371e-05
0.000421946
0.000421909
0.000325008
0.000158905
0.00130672
0.00301238
0.00461194
0.00523236
0.0041365
0.00118985
0.00236636
0.00421326
0.00241135
0.00334977
0.000421946
0.000408572
0.000311493
2.75335e-05
0.000514222
0.00121632
0.00181239
0.00206565
0.00184384
0.00113465
0.000148256
0.000632217
0.000635334
0.000495602
0.000421946
0.000416728
0.000371489
0.000211252
0.00013094
0.000589137
0.000959363
0.00109543
0.000973967
0.000646948
0.000225622
0.000118947
0.000183685
0.0001822
0.000421946
0.000422386
0.000408714
0.000313118
5.96429e-05
0.000305989
0.0005996
0.000695746
0.000599323
0.000382218
0.000134116
5.70477e-05
0.000104382
5.78438e-05
0.000421946
0.000425455
0.000428414
0.0003655
0.000154522
0.000169702
0.000431372
0.000511487
0.000424466
0.000249337
6.82217e-05
6.10439e-05
9.63701e-05
8.25244e-06
0.000421946
0.000427035
0.000438469
0.00039195
0.000201833
0.000102677
0.0003497
0.000422678
0.000339833
0.000183112
3.13815e-05
7.03324e-05
9.94792e-05
4.30615e-05
0.000421946
0.000427834
0.000443539
0.000405227
0.000225453
6.94233e-05
0.000309424
0.000379041
0.000298176
0.000150085
1.21098e-05
7.66358e-05
0.00010271
6.09713e-05
0.000421946
0.000428237
0.000446084
0.000411878
0.000237254
5.28585e-05
0.00028942
0.000357406
0.000277507
0.000133596
2.27514e-06
8.01829e-05
0.000104731
7.00589e-05
0.000421946
0.000428438
0.000447359
0.000415206
0.000243152
4.45913e-05
0.00027945
0.000346634
0.000267213
0.000125358
2.69024e-06
8.20529e-05
0.000105842
7.46365e-05
0.000421946
0.000428539
0.000447997
0.000416871
0.0002461
4.04615e-05
0.000274474
0.000341259
0.000262075
0.000121241
5.18473e-06
8.30117e-05
0.000106422
7.69339e-05
0.000421946
0.00042859
0.000448317
0.000417704
0.000247574
3.83975e-05
0.000271988
0.000338574
0.000259509
0.000119183
6.4349e-06
8.34971e-05
0.000106718
7.80848e-05
0.000421946
0.000428615
0.000448476
0.00041812
0.000248311
3.73657e-05
0.000270745
0.000337233
0.000258226
0.000118154
7.06071e-06
8.37412e-05
0.000106868
7.86607e-05
0.000421946
0.000428628
0.000448556
0.000418328
0.00024868
3.68499e-05
0.000270124
0.000336562
0.000257585
0.00011764
7.3738e-06
8.38637e-05
0.000106943
7.89489e-05
0.000421946
0.000428634
0.000448596
0.000418432
0.000248864
3.6592e-05
0.000269813
0.000336227
0.000257265
0.000117382
7.53039e-06
8.3925e-05
0.000106981
7.9093e-05
0.000421946
0.000428637
0.000448616
0.000418484
0.000248956
3.64631e-05
0.000269658
0.000336059
0.000257104
0.000117254
7.6087e-06
8.39557e-05
0.000107
7.9165e-05
0.000421946
0.000428639
0.000448626
0.00041851
0.000249002
3.63986e-05
0.00026958
0.000335975
0.000257024
0.000117189
7.64786e-06
8.3971e-05
0.000107009
7.9201e-05
0.000421946
0.000428639
0.000448631
0.000418523
0.000249025
3.63664e-05
0.000269542
0.000335933
0.000256984
0.000117157
7.66743e-06
8.39787e-05
0.000107014
7.9219e-05
0.000421946
0.00042864
0.000448633
0.00041853
0.000249037
3.63503e-05
0.000269522
0.000335912
0.000256964
0.000117141
7.67722e-06
8.39825e-05
0.000107016
7.92281e-05
0.000421946
0.00042864
0.000448635
0.000418533
0.000249042
3.63422e-05
0.000269512
0.000335902
0.000256954
0.000117133
7.68212e-06
8.39844e-05
0.000107018
7.92326e-05
0.000421946
0.00042864
0.000448635
0.000418535
0.000249045
3.63382e-05
0.000269508
0.000335897
0.000256949
0.000117129
7.68457e-06
8.39854e-05
0.000107018
7.92348e-05
0.000421946
0.00042864
0.000448636
0.000418536
0.000249047
3.63362e-05
0.000269505
0.000335894
0.000256947
0.000117127
7.68579e-06
8.39859e-05
0.000107018
7.92359e-05
0.000421946
0.00042864
0.000448636
0.000418536
0.000249047
3.63352e-05
0.000269504
0.000335893
0.000256945
0.000117126
7.6864e-06
8.39861e-05
0.000107019
7.92365e-05
0.000421946
0.00042864
0.000448636
0.000418536
0.000249048
3.63347e-05
0.000269503
0.000335892
0.000256945
0.000117126
7.68671e-06
8.39862e-05
0.000107019
7.92368e-05
0.000421946
0.00042864
0.000448636
0.000418536
0.000249048
3.63344e-05
0.000269503
0.000335892
0.000256944
0.000117125
7.68686e-06
8.39863e-05
0.000107019
7.92369e-05
0.000421946
0.00042864
0.000448636
0.000418536
0.000249048
3.63343e-05
0.000269503
0.000335892
0.000256944
0.000117125
7.68694e-06
8.39863e-05
0.000107019
7.9237e-05
0.000421946
0.00042864
0.000448636
0.000418536
0.000249048
3.63342e-05
0.000269503
0.000335891
0.000256944
0.000117125
7.68697e-06
8.39863e-05
0.000107019
7.9237e-05
0.000421946
0.00042864
0.000448636
0.000418536
0.000249048
3.63342e-05
0.000269503
0.000335891
0.000256944
0.000117125
7.68699e-06
8.39864e-05
0.000107019
7.9237e-05
0.000421946
0.00042864
0.000448636
0.000418536
0.000249048
3.63342e-05
0.000269503
0.000335891
0.000256944
0.000117125
7.687e-06
8.39864e-05
0.000107019
7.92371e-05
0.000421946
0.00042864
0.000448636
0.000418536
0.000249048
3.63342e-05
0.000269503
0.000335891
0.000256944
0.000117125
7.68701e-06
8.39864e-05
0.000107019
7.92371e-05
0.000421946
0.00042864
0.000448636
0.000418536
0.000249048
3.63342e-05
0.000269503
0.000335891
0.000256944
0.000117125
7.68701e-06
8.39864e-05
0.000107019
7.92371e-05
0.000421946
0.00042864
0.000448636
0.000418536
0.000249048
3.63342e-05
0.000269503
0.000335891
0.000256944
0.000117125
7.68701e-06
8.39864e-05
0.000107019
7.92371e-05
0.000421946
0.00042864
0.000448636
0.000418536
0.000249048
3.63342e-05
0.000269503
0.000335891
0.000256944
0.000117125
7.68701e-06
8.39864e-05
0.000107019
7.92371e-05
0.000421946
0.00042864
0.000448636
0.000418536
0.000249048
3.63342e-05
0.000269503
0.000335891
0.000256944
0.000117125
7.68701e-06
8.39864e-05
0.000107019
7.92371e-05
0.000421946
0.00042864
0.000448636
0.000418536
0.000249048
3.63342e-05
0.000269503
0.000335891
0.000256944
0.000117125
7.68701e-06
8.39864e-05
0.000107019
7.92371e-05
0.000421946
0.00042864
0.000448636
0.000418536
0.000249048
3.63342e-05
0.000269503
0.000335891
0.000256944
0.000117125
7.68701e-06
8.39864e-05
0.000107019
7.92371e-05
0.000421946
0.00042864
0.000448636
0.000418536
0.000249048
3.63342e-05
0.000269503
0.000335891
0.000256944
0.000117125
7.68701e-06
8.39864e-05
0.000107019
7.92371e-05
0.000421946
0.00042864
0.000448636
0.000418536
0.000249048
3.63342e-05
0.000269503
0.000335891
0.000256944
0.000117125
7.68701e-06
8.39864e-05
0.000107019
7.92371e-05
0.000421946
0.00042864
0.000448636
0.000418536
0.000249048
3.63342e-05
0.000269503
0.000335891
0.000256944
0.000117125
7.68701e-06
8.39864e-05
0.000107019
7.92371e-05
0.000421946
0.00042864
0.000448636
0.000418536
0.000249048
3.63342e-05
0.000269503
0.000335891
0.000256944
0.000117125
7.68701e-06
8.39864e-05
0.000107019
7.92371e-05
0.000421946
0.00042864
0.000448636
0.000418536
0.000249048
3.63342e-05
0.000269503
0.000335891
0.000256944
0.000117125
7.68701e-06
8.39864e-05
0.000107019
7.92371e-05
0.000421946
0.00042864
0.000448636
0.000418536
0.000249048
3.63342e-05
0.000269503
0.000335891
0.000256944
0.000117125
7.68701e-06
8.39864e-05
0.000107019
7.92371e-05
0.000421946
0.00042864
0.000448636
0.000418536
0.000249048
3.63342e-05
0.000269503
0.000335891
0.000256944
0.000117125
7.68701e-06
8.39864e-05
0.000107019
7.92371e-05
0.000421946
0.00042864
0.000448636
0.000418536
0.000249048
3.63342e-05
0.000269503
0.000335891
0.000256944
0.000117125
7.68701e-06
8.39864e-05
0.000107019
7.92371e-05
0.000421946
0.00042864
0.000448636
0.000418536
0.000249048
3.63342e-05
0.000269503
0.000335891
0.000256944
0.000117125
7.68701e-06
8.39864e-05
0.000107019
7.92371e-05
0.000421946
0.00042864
0.000448636
0.000418536
0.000249048
3.63342e-05
0.000269503
0.000335891
0.000256944
0.000117125
7.68701e-06
8.39864e-05
0.000107019
7.92371e-05
0.000421946
0.00042864
0.000448636
0.000418536
0.000249048
3.63342e-05
0.000269503
0.000335891
0.000256944
0.000117125
7.68701e-06
8.39864e-05
0.000107019
7.92371e-05
0.000421946
0.00042864
0.000448636
0.000418536
0.000249048
3.63342e-05
0.000269503
0.000335891
0.000256944
0.000117125
7.68701e-06
8.39864e-05
0.000107019
7.92371e-05
0.000421946
0.00042864
0.000448636
0.000418536
0.000249048
3.63342e-05
0.000269503
0.000335891
0.000256944
0.000117125
7.68701e-06
8.39864e-05
0.000107019
7.92371e-05
0.000421946
0.00042864
0.000448636
0.000418536
0.000249048
3.63342e-05
0.000269503
0.000335891
0.000256944
0.000117125
7.68701e-06
8.39864e-05
0.000107019
7.92371e-05
0.000421946
0.00042864
0.000448636
0.000418536
0.000249048
3.63342e-05
0.000269503
0.000335891
0.000256944
0.000117125
7.68701e-06
8.39864e-05
0.000107019
7.92371e-05
0.000421946
0.00042864
0.000448636
0.000418536
0.000249048
3.63342e-05
0.000269503
0.000335891
0.000256944
0.000117125
7.68701e-06
8.39864e-05
0.000107019
7.92371e-05
0.000421946
0.00042864
0.000448636
0.000418536
0.000249048
3.63342e-05
0.000269503
0.000335891
0.000256944
0.000117125
7.68701e-06
8.39864e-05
0.000107019
7.92371e-05
0.000421946
0.00042864
0.000448636
0.000418536
0.000249048
3.63342e-05
0.000269503
0.000335891
0.000256944
0.000117125
7.68701e-06
8.39864e-05
0.000107019
7.92371e-05
0.000421946
0.00042864
0.000448636
0.000418536
0.000249048
3.63342e-05
0.000269503
0.000335891
0.000256944
0.000117125
7.68701e-06
8.39864e-05
0.000107019
7.92371e-05
0.000421946
0.00042864
0.000448636
0.000418536
0.000249048
3.63342e-05
0.000269503
0.000335891
0.000256944
0.000117125
7.68701e-06
8.39864e-05
0.000107019
7.92371e-05
0.000421946
0.00042864
0.000448636
0.000418536
0.000249048
3.63342e-05
0.000269503
0.000335891
0.000256944
0.000117125
7.68701e-06
8.39864e-05
0.000107019
7.92371e-05
0.000421946
0.00042864
0.000448636
0.000418536
0.000249048
3.63342e-05
0.000269503
0.000335891
0.000256944
0.000117125
7.68701e-06
8.39864e-05
0.000107019
7.92371e-05
0.000421946
0.00042864
0.000448636
0.000418536
0.000249048
3.63342e-05
0.000269503
0.000335891
0.000256944
0.000117125
7.68701e-06
8.39864e-05
0.000107019
7.92371e-05
0.000421946
0.00042864
0.000448636
0.000418536
0.000249048
3.63342e-05
0.000269503
0.000335891
0.000256944
0.000117125
7.68701e-06
8.39864e-05
0.000107019
7.92371e-05
0.000421946
0.00042864
0.000448636
0.000418536
0.000249048
3.63342e-05
0.000269503
0.000335891
0.000256944
0.000117125
7.68701e-06
8.39864e-05
0.000107019
7.92371e-05
0.000421946
0.00042864
0.000448636
0.000418536
0.000249048
3.63342e-05
0.000269503
0.000335891
0.000256944
0.000117125
7.68701e-06
8.39864e-05
0.000107019
7.92371e-05
0.000421946
0.00042864
0.000448636
0.000418536
0.000249048
3.63342e-05
0.000269503
0.000335891
0.000256944
0.000117125
7.68701e-06
8.39864e-05
0.000107019
7.92371e-05
0.000421946
0.00042864
0.000448636
0.000418536
0.000249048
3.63342e-05
0.000269503
0.000335891
0.000256944
0.000117125
7.68701e-06
8.39864e-05
0.000107019
7.92371e-05
0.000421946
0.00042864
0.000448636
0.000418536
0.000249048
3.63342e-05
0.000269503
0.000335891
0.000256944
0.000117125
7.68701e-06
8.39864e-05
0.000107019
7.92371e-05
0.000421946
0.00042864
0.000448636
0.000418536
0.000249048
3.63342e-05
0.000269503
0.000335891
0.000256944
0.000117125
7.68701e-06
8.39864e-05
0.000107019
7.92371e-05
0.000421946
0.00042864
0.000448636
0.000418536
0.000249048
3.63342e-05
0.000269503
0.000335891
0.000256944
0.000117125
7.68701e-06
8.39864e-05
0.000107019
7.92371e-05
0.000421946
0.00042864
0.000448636
0.000418536
0.000249048
3.63342e-05
0.000269503
0.000335891
0.000256944
0.000117125
7.68701e-06
8.39864e-05
0.000107019
7.92371e-05
0.000421946
0.00042864
0.000448636
0.000418536
0.000249048
3.63342e-05
0.000269503
0.000335891
0.000256944
0.000117125
7.68701e-06
8.39864e-05
0.000107019
7.92371e-05
0.000421946
0.00042864
0.000448636
0.000418536
0.000249048
3.63342e-05
0.000269503
0.000335891
0.000256944
0.000117125
7.68701e-06
8.39864e-05
0.000107019
7.92371e-05
0.000421946
0.00042864
0.000448636
0.000418536
0.000249048
3.63342e-05
0.000269503
0.000335891
0.000256944
0.000117125
7.68701e-06
8.39864e-05
0.000107019
7.92371e-05
0.000421946
0.00042864
0.000448636
0.000418536
0.000249048
3.63342e-05
0.000269503
0.000335891
0.000256944
0.000117125
7.68701e-06
8.39864e-05
0.000107019
7.92371e-05
0.000421946
0.00042864
0.000448636
0.000418536
0.000249048
3.63342e-05
0.000269503
0.000335891
0.000256944
0.000117125
7.68701e-06
8.39864e-05
0.000107019
7.92371e-05
0.000421946
0.00042864
0.000448636
0.000418536
0.000249048
3.63342e-05
0.000269503
0.000335891
0.000256944
0.000117125
7.68701e-06
8.39864e-05
0.000107019
7.92371e-05
0.000421946
0.00042864
0.000448636
0.000418536
0.000249048
3.63342e-05
0.000269503
0.000335891
0.000256944
0.000117125
7.68701e-06
8.39864e-05
0.000107019
7.92371e-05
0.000421946
0.00042864
0.000448636
0.000418536
0.000249048
3.63342e-05
0.000269503
0.000335891
0.000256944
0.000117125
7.68701e-06
8.39864e-05
0.000107019
7.92371e-05
0.000421946
0.00042864
0.000448636
0.000418536
0.000249048
3.63342e-05
0.000269503
0.000335891
0.000256944
0.000117125
7.68701e-06
8.39864e-05
0.000107019
7.92371e-05
0.000421946
0.00042864
0.000448636
0.000418536
0.000249048
3.63342e-05
0.000269503
0.000335891
0.000256944
0.000117125
7.68701e-06
8.39864e-05
0.000107019
7.92371e-05
0.000421946
0.00042864
0.000448636
0.000418536
0.000249048
3.63342e-05
0.000269503
0.000335891
0.000256944
0.000117125
7.68701e-06
8.39864e-05
0.000107019
7.92371e-05
0.000421946
0.00042864
0.000448636
0.000418536
0.000249048
3.63342e-05
0.000269503
0.000335891
0.000256944
0.000117125
7.68701e-06
8.39864e-05
0.000107019
7.92371e-05
0.000421946
0.00042864
0.000448636
0.000418536
0.000249048
3.63342e-05
0.000269503
0.000335891
0.000256944
0.000117125
7.68701e-06
8.39864e-05
0.000107019
7.92371e-05
0.000421946
0.00042864
0.000448636
0.000418536
0.000249048
3.63342e-05
0.000269503
0.000335891
0.000256944
0.000117125
7.68701e-06
8.39864e-05
0.000107019
7.92371e-05
0.000421946
0.00042864
0.000448636
0.000418536
0.000249048
3.63342e-05
0.000269503
0.000335891
0.000256944
0.000117125
7.68701e-06
8.39864e-05
0.000107019
7.92371e-05
0.000421946
0.00042864
0.000448636
0.000418536
0.000249048
3.63342e-05
0.000269503
0.000335891
0.000256944
0.000117125
7.68701e-06
8.39864e-05
0.000107019
7.92371e-05
0.000421946
0.00042864
0.000448636
0.000418536
0.000249048
3.63342e-05
0.000269503
0.000335891
0.000256944
0.000117125
7.68701e-06
8.39864e-05
0.000107019
7.92371e-05
0.000421946
0.00042864
0.000448636
0.000418536
0.000249048
3.63342e-05
0.000269503
0.000335891
0.000256944
0.000117125
7.68701e-06
8.39864e-05
0.000107019
7.92371e-05
0.000421946
0.00042864
0.000448636
0.000418536
0.000249048
3.63342e-05
0.000269503
0.000335891
0.000256944
0.000117125
7.68701e-06
8.39864e-05
0.000107019
7.92371e-05
0.000421946
0.00042864
0.000448636
0.000418536
0.000249048
3.63342e-05
0.000269503
0.000335891
0.000256944
0.000117125
7.68701e-06
8.39864e-05
0.000107019
7.92371e-05
0.000421946
0.00042864
0.000448636
0.000418536
0.000249048
3.63342e-05
0.000269503
0.000335891
0.000256944
0.000117125
7.68701e-06
8.39864e-05
0.000107019
7.92371e-05
0.000421946
0.00042864
0.000448636
0.000418536
0.000249048
3.63342e-05
0.000269503
0.000335891
0.000256944
0.000117125
7.68701e-06
8.39864e-05
0.000107019
7.92371e-05
0.000421946
0.00042864
0.000448636
0.000418536
0.000249048
3.63342e-05
0.000269503
0.000335891
0.000256944
0.000117125
7.68701e-06
8.39864e-05
0.000107019
7.92371e-05
0.000421946
0.00042864
0.000448636
0.000418536
0.000249048
3.63342e-05
0.000269503
0.000335891
0.000256944
0.000117125
7.68701e-06
8.39864e-05
0.000107019
7.92371e-05
0.000421946
0.00042864
0.000448636
0.000418536
0.000249048
3.63342e-05
0.000269503
0.000335891
0.000256944
0.000117125
7.68701e-06
8.39864e-05
0.000107019
7.92371e-05
0.000421946
0.00042864
0.000448636
0.000418536
0.000249048
3.63342e-05
0.000269503
0.000335891
0.000256944
0.000117125
7.68701e-06
8.39864e-05
0.000107019
7.92371e-05
0.000421946
0.00042864
0.000448636
0.000418536
0.000249048
3.63342e-05
0.000269503
0.000335891
0.000256944
0.000117125
7.68701e-06
8.39864e-05
0.000107019
7.92371e-05
0.000421946
0.00042864
0.000448636
0.000418536
0.000249048
3.63342e-05
0.000269503
0.000335891
0.000256944
0.000117125
7.68701e-06
8.39864e-05
0.000107019
7.92371e-05
0.000421946
0.00042864
0.000448636
0.000418536
0.000249048
3.63342e-05
0.000269503
0.000335891
0.000256944
0.000117125
7.68701e-06
8.39864e-05
0.000107019
7.92371e-05
0.000421946
0.00042864
0.000448636
0.000418536
0.000249048
3.63342e-05
0.000269503
0.000335891
0.000256944
0.000117125
7.68701e-06
8.39864e-05
0.000107019
7.92371e-05
0.000421946
0.00042864
0.000448636
0.000418536
0.000249048
3.63342e-05
0.000269503
0.000335891
0.000256944
0.000117125
7.68701e-06
8.39864e-05
0.000107019
7.92371e-05
0.000421946
0.00042864
0.000448636
0.000418536
0.000249048
3.63342e-05
0.000269503
0.000335891
0.000256944
0.000117125
7.68701e-06
8.39864e-05
0.000107019
7.92371e-05
0.000421946
0.00042864
0.000448636
0.000418536
0.000249048
3.63342e-05
0.000269503
0.000335891
0.000256944
0.000117125
7.68701e-06
8.39864e-05
0.000107019
7.92371e-05
0.000421946
0.00042864
0.000448636
0.000418536
0.000249048
3.63342e-05
0.000269503
0.000335891
0.000256944
0.000117125
7.68701e-06
8.39864e-05
0.000107019
7.92371e-05
0.000421946
0.00042864
0.000448636
0.000418536
0.000249048
3.63342e-05
0.000269503
0.000335891
0.000256944
0.000117125
7.68701e-06
8.39864e-05
0.000107019
7.92371e-05
0.000421946
0.00042864
0.000448636
0.000418536
0.000249048
3.63342e-05
0.000269503
0.000335891
0.000256944
0.000117125
7.68701e-06
8.39864e-05
0.000107019
7.92371e-05
0.000421946
0.00042864
0.000448636
0.000418536
0.000249048
3.63342e-05
0.000269503
0.000335891
0.000256944
0.000117125
7.68701e-06
8.39864e-05
0.000107019
7.92371e-05
0.000421946
0.00042864
0.000448636
0.000418536
0.000249048
3.63342e-05
0.000269503
0.000335891
0.000256944
0.000117125
7.68701e-06
8.39864e-05
0.000107019
7.92371e-05
0.000421946
0.00042864
0.000448636
0.000418536
0.000249048
3.63342e-05
0.000269503
0.000335891
0.000256944
0.000117125
7.68701e-06
8.39864e-05
0.000107019
7.92371e-05
0.000421946
0.00042864
0.000448636
0.000418536
0.000249048
3.63342e-05
0.000269503
0.000335891
0.000256944
0.000117125
7.68701e-06
8.39864e-05
0.000107019
7.92371e-05
0.000421946
0.00042864
0.000448636
0.000418536
0.000249048
3.63342e-05
0.000269503
0.000335891
0.000256944
0.000117125
7.68701e-06
8.39864e-05
0.000107019
7.92371e-05
0.000421946
0.00042864
0.000448636
0.000418536
0.000249048
3.63342e-05
0.000269503
0.000335891
0.000256944
0.000117125
7.68701e-06
8.39864e-05
0.000107019
7.92371e-05
0.000421946
0.00042864
0.000448636
0.000418536
0.000249048
3.63342e-05
0.000269503
0.000335891
0.000256944
0.000117125
7.68701e-06
8.39864e-05
0.000107019
7.92371e-05
0.000421946
0.00042864
0.000448636
0.000418536
0.000249048
3.63342e-05
0.000269503
0.000335891
0.000256944
0.000117125
7.68701e-06
8.39864e-05
0.000107019
7.92371e-05
0.000421946
0.00042864
0.000448636
0.000418536
0.000249048
3.63342e-05
0.000269503
0.000335891
0.000256944
0.000117125
7.68701e-06
8.39864e-05
0.000107019
7.92371e-05
0.000421946
0.00042864
0.000448636
0.000418536
0.000249048
3.63342e-05
0.000269503
0.000335891
0.000256944
0.000117125
7.68701e-06
8.39864e-05
0.000107019
7.92371e-05
0.000421946
0.00042864
0.000448636
0.000418536
0.000249048
3.63342e-05
0.000269503
0.000335891
0.000256944
0.000117125
7.68701e-06
8.39864e-05
0.000107019
7.92371e-05
0.000421946
0.00042864
0.000448636
0.000418536
0.000249048
3.63342e-05
0.000269503
0.000335891
0.000256944
0.000117125
7.68701e-06
8.39864e-05
0.000107019
7.92371e-05
0.000421946
0.00042864
0.000448636
0.000418536
0.000249048
3.63342e-05
0.000269503
0.000335891
0.000256944
0.000117125
7.68701e-06
8.39864e-05
0.000107019
7.92371e-05
0.000421946
0.00042864
0.000448636
0.000418536
0.000249048
3.63342e-05
0.000269503
0.000335891
0.000256944
0.000117125
7.68701e-06
8.39864e-05
0.000107019
7.92371e-05
0.000421946
0.00042864
0.000448636
0.000418536
0.000249048
3.63342e-05
0.000269503
0.000335891
0.000256944
0.000117125
7.68701e-06
8.39864e-05
0.000107019
7.92371e-05
0.000421946
0.00042864
0.000448636
0.000418536
0.000249048
3.63342e-05
0.000269503
0.000335891
0.000256944
0.000117125
7.68701e-06
8.39864e-05
0.000107019
7.92371e-05
0.000421946
0.00042864
0.000448636
0.000418536
0.000249048
3.63342e-05
0.000269503
0.000335891
0.000256944
0.000117125
7.68701e-06
8.39864e-05
0.000107019
7.92371e-05
0.000281297
0.00028576
0.000299091
0.000279027
0.000166036
2.42211e-05
0.00017967
0.00022393
0.000171296
7.80808e-05
5.12478e-06
5.59876e-05
7.13476e-05
5.28437e-05
0.000281297
0.000280947
0.000214668
0.00011099
0.000879691
0.0020192
0.00308571
0.00349709
0.00276238
0.000793015
0.00158201
0.00281637
0.00161728
0.00222238
0.000281297
0.000272246
0.000206837
1.62952e-05
0.000346269
0.000815346
0.00121301
0.00138139
0.00123245
0.000758165
9.89638e-05
0.00042275
0.000425886
0.000327398
0.000281297
0.000277757
0.000247281
0.000139887
8.88915e-05
0.000394847
0.000641844
0.000732416
0.000651029
0.000432405
0.000150831
7.95267e-05
0.000123211
0.000120345
0.000281297
0.000281561
0.000272295
0.000208291
3.89918e-05
0.000205008
0.000400849
0.000464894
0.000400427
0.00025541
8.96885e-05
3.8062e-05
6.9881e-05
3.80729e-05
0.000281297
0.000283622
0.000285521
0.000243445
0.000102638
0.000113635
0.000288136
0.000341523
0.000283421
0.000166533
4.56354e-05
4.06907e-05
6.43746e-05
5.73748e-06
0.000281297
0.000284683
0.000292269
0.000261191
0.00013437
6.86994e-05
0.000233411
0.000282053
0.000226778
0.00012223
2.10017e-05
4.68795e-05
6.63795e-05
2.88306e-05
0.000281297
0.000285219
0.000295671
0.000270099
0.000150212
4.6405e-05
0.000206422
0.000252829
0.000198895
0.000100133
8.11444e-06
5.10834e-05
6.8503e-05
4.07174e-05
0.000281297
0.000285489
0.000297379
0.00027456
0.000158126
3.52994e-05
0.000193017
0.00023834
0.000185061
8.91013e-05
1.53754e-06
5.34497e-05
6.98364e-05
4.675e-05
0.000281297
0.000285625
0.000298235
0.000276793
0.000162081
2.97569e-05
0.000186337
0.000231125
0.00017817
8.35896e-05
1.7831e-06
5.46974e-05
7.05699e-05
4.97892e-05
0.000281297
0.000285692
0.000298663
0.000277909
0.000164059
2.69882e-05
0.000183002
0.000227525
0.000174731
8.08348e-05
3.45133e-06
5.53372e-05
7.09532e-05
5.13145e-05
0.000281297
0.000285726
0.000298877
0.000278468
0.000165047
2.56045e-05
0.000181336
0.000225727
0.000173013
7.94577e-05
4.28741e-06
5.56611e-05
7.1149e-05
5.20786e-05
0.000281297
0.000285743
0.000298984
0.000278747
0.000165541
2.49127e-05
0.000180503
0.000224829
0.000172154
7.87693e-05
4.70593e-06
5.5824e-05
7.1248e-05
5.2461e-05
0.000281297
0.000285752
0.000299038
0.000278887
0.000165789
2.45669e-05
0.000180087
0.000224379
0.000171725
7.8425e-05
4.91532e-06
5.59057e-05
7.12977e-05
5.26523e-05
0.000281297
0.000285756
0.000299064
0.000278957
0.000165912
2.4394e-05
0.000179879
0.000224155
0.00017151
7.82529e-05
5.02004e-06
5.59466e-05
7.13226e-05
5.2748e-05
0.000281297
0.000285758
0.000299078
0.000278992
0.000165974
2.43076e-05
0.000179774
0.000224043
0.000171403
7.81669e-05
5.07241e-06
5.59671e-05
7.13351e-05
5.27958e-05
0.000281297
0.000285759
0.000299084
0.000279009
0.000166005
2.42644e-05
0.000179722
0.000223986
0.000171349
7.81238e-05
5.09859e-06
5.59773e-05
7.13413e-05
5.28197e-05
0.000281297
0.00028576
0.000299088
0.000279018
0.00016602
2.42428e-05
0.000179696
0.000223958
0.000171323
7.81023e-05
5.11169e-06
5.59824e-05
7.13445e-05
5.28317e-05
0.000281297
0.00028576
0.000299089
0.000279022
0.000166028
2.4232e-05
0.000179683
0.000223944
0.000171309
7.80916e-05
5.11823e-06
5.5985e-05
7.1346e-05
5.28377e-05
0.000281297
0.00028576
0.00029909
0.000279024
0.000166032
2.42265e-05
0.000179677
0.000223937
0.000171303
7.80862e-05
5.12151e-06
5.59863e-05
7.13468e-05
5.28407e-05
0.000281297
0.00028576
0.000299091
0.000279025
0.000166034
2.42238e-05
0.000179674
0.000223934
0.000171299
7.80835e-05
5.12314e-06
5.59869e-05
7.13472e-05
5.28422e-05
0.000281297
0.00028576
0.000299091
0.000279026
0.000166035
2.42225e-05
0.000179672
0.000223932
0.000171298
7.80822e-05
5.12396e-06
5.59872e-05
7.13474e-05
5.28429e-05
0.000281297
0.00028576
0.000299091
0.000279026
0.000166035
2.42218e-05
0.000179671
0.000223931
0.000171297
7.80815e-05
5.12437e-06
5.59874e-05
7.13475e-05
5.28433e-05
0.000281297
0.00028576
0.000299091
0.000279026
0.000166035
2.42215e-05
0.000179671
0.000223931
0.000171296
7.80812e-05
5.12458e-06
5.59875e-05
7.13475e-05
5.28435e-05
0.000281297
0.00028576
0.000299091
0.000279026
0.000166036
2.42213e-05
0.000179671
0.000223931
0.000171296
7.8081e-05
5.12468e-06
5.59875e-05
7.13476e-05
5.28436e-05
0.000281297
0.00028576
0.000299091
0.000279027
0.000166036
2.42212e-05
0.000179671
0.00022393
0.000171296
7.80809e-05
5.12473e-06
5.59875e-05
7.13476e-05
5.28436e-05
0.000281297
0.00028576
0.000299091
0.000279027
0.000166036
2.42212e-05
0.00017967
0.00022393
0.000171296
7.80809e-05
5.12476e-06
5.59875e-05
7.13476e-05
5.28436e-05
0.000281297
0.00028576
0.000299091
0.000279027
0.000166036
2.42212e-05
0.00017967
0.00022393
0.000171296
7.80808e-05
5.12477e-06
5.59876e-05
7.13476e-05
5.28436e-05
0.000281297
0.00028576
0.000299091
0.000279027
0.000166036
2.42212e-05
0.00017967
0.00022393
0.000171296
7.80808e-05
5.12478e-06
5.59876e-05
7.13476e-05
5.28436e-05
0.000281297
0.00028576
0.000299091
0.000279027
0.000166036
2.42212e-05
0.00017967
0.00022393
0.000171296
7.80808e-05
5.12478e-06
5.59876e-05
7.13476e-05
5.28436e-05
0.000281297
0.00028576
0.000299091
0.000279027
0.000166036
2.42211e-05
0.00017967
0.00022393
0.000171296
7.80808e-05
5.12478e-06
5.59876e-05
7.13476e-05
5.28436e-05
0.000281297
0.00028576
0.000299091
0.000279027
0.000166036
2.42211e-05
0.00017967
0.00022393
0.000171296
7.80808e-05
5.12478e-06
5.59876e-05
7.13476e-05
5.28436e-05
0.000281297
0.00028576
0.000299091
0.000279027
0.000166036
2.42211e-05
0.00017967
0.00022393
0.000171296
7.80808e-05
5.12478e-06
5.59876e-05
7.13476e-05
5.28436e-05
0.000281297
0.00028576
0.000299091
0.000279027
0.000166036
2.42211e-05
0.00017967
0.00022393
0.000171296
7.80808e-05
5.12478e-06
5.59876e-05
7.13476e-05
5.28437e-05
0.000281297
0.00028576
0.000299091
0.000279027
0.000166036
2.42211e-05
0.00017967
0.00022393
0.000171296
7.80808e-05
5.12478e-06
5.59876e-05
7.13476e-05
5.28437e-05
0.000281297
0.00028576
0.000299091
0.000279027
0.000166036
2.42211e-05
0.00017967
0.00022393
0.000171296
7.80808e-05
5.12478e-06
5.59876e-05
7.13476e-05
5.28437e-05
0.000281297
0.00028576
0.000299091
0.000279027
0.000166036
2.42211e-05
0.00017967
0.00022393
0.000171296
7.80808e-05
5.12478e-06
5.59876e-05
7.13476e-05
5.28437e-05
0.000281297
0.00028576
0.000299091
0.000279027
0.000166036
2.42211e-05
0.00017967
0.00022393
0.000171296
7.80808e-05
5.12478e-06
5.59876e-05
7.13476e-05
5.28437e-05
0.000281297
0.00028576
0.000299091
0.000279027
0.000166036
2.42211e-05
0.00017967
0.00022393
0.000171296
7.80808e-05
5.12478e-06
5.59876e-05
7.13476e-05
5.28437e-05
0.000281297
0.00028576
0.000299091
0.000279027
0.000166036
2.42211e-05
0.00017967
0.00022393
0.000171296
7.80808e-05
5.12478e-06
5.59876e-05
7.13476e-05
5.28437e-05
0.000281297
0.00028576
0.000299091
0.000279027
0.000166036
2.42211e-05
0.00017967
0.00022393
0.000171296
7.80808e-05
5.12478e-06
5.59876e-05
7.13476e-05
5.28437e-05
0.000281297
0.00028576
0.000299091
0.000279027
0.000166036
2.42211e-05
0.00017967
0.00022393
0.000171296
7.80808e-05
5.12478e-06
5.59876e-05
7.13476e-05
5.28437e-05
0.000281297
0.00028576
0.000299091
0.000279027
0.000166036
2.42211e-05
0.00017967
0.00022393
0.000171296
7.80808e-05
5.12478e-06
5.59876e-05
7.13476e-05
5.28437e-05
0.000281297
0.00028576
0.000299091
0.000279027
0.000166036
2.42211e-05
0.00017967
0.00022393
0.000171296
7.80808e-05
5.12478e-06
5.59876e-05
7.13476e-05
5.28437e-05
0.000281297
0.00028576
0.000299091
0.000279027
0.000166036
2.42211e-05
0.00017967
0.00022393
0.000171296
7.80808e-05
5.12478e-06
5.59876e-05
7.13476e-05
5.28437e-05
0.000281297
0.00028576
0.000299091
0.000279027
0.000166036
2.42211e-05
0.00017967
0.00022393
0.000171296
7.80808e-05
5.12478e-06
5.59876e-05
7.13476e-05
5.28437e-05
0.000281297
0.00028576
0.000299091
0.000279027
0.000166036
2.42211e-05
0.00017967
0.00022393
0.000171296
7.80808e-05
5.12478e-06
5.59876e-05
7.13476e-05
5.28437e-05
0.000281297
0.00028576
0.000299091
0.000279027
0.000166036
2.42211e-05
0.00017967
0.00022393
0.000171296
7.80808e-05
5.12478e-06
5.59876e-05
7.13476e-05
5.28437e-05
0.000281297
0.00028576
0.000299091
0.000279027
0.000166036
2.42211e-05
0.00017967
0.00022393
0.000171296
7.80808e-05
5.12478e-06
5.59876e-05
7.13476e-05
5.28437e-05
0.000281297
0.00028576
0.000299091
0.000279027
0.000166036
2.42211e-05
0.00017967
0.00022393
0.000171296
7.80808e-05
5.12478e-06
5.59876e-05
7.13476e-05
5.28437e-05
0.000281297
0.00028576
0.000299091
0.000279027
0.000166036
2.42211e-05
0.00017967
0.00022393
0.000171296
7.80808e-05
5.12478e-06
5.59876e-05
7.13476e-05
5.28437e-05
0.000281297
0.00028576
0.000299091
0.000279027
0.000166036
2.42211e-05
0.00017967
0.00022393
0.000171296
7.80808e-05
5.12478e-06
5.59876e-05
7.13476e-05
5.28437e-05
0.000281297
0.00028576
0.000299091
0.000279027
0.000166036
2.42211e-05
0.00017967
0.00022393
0.000171296
7.80808e-05
5.12478e-06
5.59876e-05
7.13476e-05
5.28437e-05
0.000281297
0.00028576
0.000299091
0.000279027
0.000166036
2.42211e-05
0.00017967
0.00022393
0.000171296
7.80808e-05
5.12478e-06
5.59876e-05
7.13476e-05
5.28437e-05
0.000281297
0.00028576
0.000299091
0.000279027
0.000166036
2.42211e-05
0.00017967
0.00022393
0.000171296
7.80808e-05
5.12478e-06
5.59876e-05
7.13476e-05
5.28437e-05
0.000281297
0.00028576
0.000299091
0.000279027
0.000166036
2.42211e-05
0.00017967
0.00022393
0.000171296
7.80808e-05
5.12478e-06
5.59876e-05
7.13476e-05
5.28437e-05
0.000281297
0.00028576
0.000299091
0.000279027
0.000166036
2.42211e-05
0.00017967
0.00022393
0.000171296
7.80808e-05
5.12478e-06
5.59876e-05
7.13476e-05
5.28437e-05
0.000281297
0.00028576
0.000299091
0.000279027
0.000166036
2.42211e-05
0.00017967
0.00022393
0.000171296
7.80808e-05
5.12478e-06
5.59876e-05
7.13476e-05
5.28437e-05
0.000281297
0.00028576
0.000299091
0.000279027
0.000166036
2.42211e-05
0.00017967
0.00022393
0.000171296
7.80808e-05
5.12478e-06
5.59876e-05
7.13476e-05
5.28437e-05
0.000281297
0.00028576
0.000299091
0.000279027
0.000166036
2.42211e-05
0.00017967
0.00022393
0.000171296
7.80808e-05
5.12478e-06
5.59876e-05
7.13476e-05
5.28437e-05
0.000281297
0.00028576
0.000299091
0.000279027
0.000166036
2.42211e-05
0.00017967
0.00022393
0.000171296
7.80808e-05
5.12478e-06
5.59876e-05
7.13476e-05
5.28437e-05
0.000281297
0.00028576
0.000299091
0.000279027
0.000166036
2.42211e-05
0.00017967
0.00022393
0.000171296
7.80808e-05
5.12478e-06
5.59876e-05
7.13476e-05
5.28437e-05
0.000281297
0.00028576
0.000299091
0.000279027
0.000166036
2.42211e-05
0.00017967
0.00022393
0.000171296
7.80808e-05
5.12478e-06
5.59876e-05
7.13476e-05
5.28437e-05
0.000281297
0.00028576
0.000299091
0.000279027
0.000166036
2.42211e-05
0.00017967
0.00022393
0.000171296
7.80808e-05
5.12478e-06
5.59876e-05
7.13476e-05
5.28437e-05
0.000281297
0.00028576
0.000299091
0.000279027
0.000166036
2.42211e-05
0.00017967
0.00022393
0.000171296
7.80808e-05
5.12478e-06
5.59876e-05
7.13476e-05
5.28437e-05
0.000281297
0.00028576
0.000299091
0.000279027
0.000166036
2.42211e-05
0.00017967
0.00022393
0.000171296
7.80808e-05
5.12478e-06
5.59876e-05
7.13476e-05
5.28437e-05
0.000281297
0.00028576
0.000299091
0.000279027
0.000166036
2.42211e-05
0.00017967
0.00022393
0.000171296
7.80808e-05
5.12478e-06
5.59876e-05
7.13476e-05
5.28437e-05
0.000281297
0.00028576
0.000299091
0.000279027
0.000166036
2.42211e-05
0.00017967
0.00022393
0.000171296
7.80808e-05
5.12478e-06
5.59876e-05
7.13476e-05
5.28437e-05
0.000281297
0.00028576
0.000299091
0.000279027
0.000166036
2.42211e-05
0.00017967
0.00022393
0.000171296
7.80808e-05
5.12478e-06
5.59876e-05
7.13476e-05
5.28437e-05
0.000281297
0.00028576
0.000299091
0.000279027
0.000166036
2.42211e-05
0.00017967
0.00022393
0.000171296
7.80808e-05
5.12478e-06
5.59876e-05
7.13476e-05
5.28437e-05
0.000281297
0.00028576
0.000299091
0.000279027
0.000166036
2.42211e-05
0.00017967
0.00022393
0.000171296
7.80808e-05
5.12478e-06
5.59876e-05
7.13476e-05
5.28437e-05
0.000281297
0.00028576
0.000299091
0.000279027
0.000166036
2.42211e-05
0.00017967
0.00022393
0.000171296
7.80808e-05
5.12478e-06
5.59876e-05
7.13476e-05
5.28437e-05
0.000281297
0.00028576
0.000299091
0.000279027
0.000166036
2.42211e-05
0.00017967
0.00022393
0.000171296
7.80808e-05
5.12478e-06
5.59876e-05
7.13476e-05
5.28437e-05
0.000281297
0.00028576
0.000299091
0.000279027
0.000166036
2.42211e-05
0.00017967
0.00022393
0.000171296
7.80808e-05
5.12478e-06
5.59876e-05
7.13476e-05
5.28437e-05
0.000281297
0.00028576
0.000299091
0.000279027
0.000166036
2.42211e-05
0.00017967
0.00022393
0.000171296
7.80808e-05
5.12478e-06
5.59876e-05
7.13476e-05
5.28437e-05
0.000281297
0.00028576
0.000299091
0.000279027
0.000166036
2.42211e-05
0.00017967
0.00022393
0.000171296
7.80808e-05
5.12478e-06
5.59876e-05
7.13476e-05
5.28437e-05
0.000281297
0.00028576
0.000299091
0.000279027
0.000166036
2.42211e-05
0.00017967
0.00022393
0.000171296
7.80808e-05
5.12478e-06
5.59876e-05
7.13476e-05
5.28437e-05
0.000281297
0.00028576
0.000299091
0.000279027
0.000166036
2.42211e-05
0.00017967
0.00022393
0.000171296
7.80808e-05
5.12478e-06
5.59876e-05
7.13476e-05
5.28437e-05
0.000281297
0.00028576
0.000299091
0.000279027
0.000166036
2.42211e-05
0.00017967
0.00022393
0.000171296
7.80808e-05
5.12478e-06
5.59876e-05
7.13476e-05
5.28437e-05
0.000281297
0.00028576
0.000299091
0.000279027
0.000166036
2.42211e-05
0.00017967
0.00022393
0.000171296
7.80808e-05
5.12478e-06
5.59876e-05
7.13476e-05
5.28437e-05
0.000281297
0.00028576
0.000299091
0.000279027
0.000166036
2.42211e-05
0.00017967
0.00022393
0.000171296
7.80808e-05
5.12478e-06
5.59876e-05
7.13476e-05
5.28437e-05
0.000281297
0.00028576
0.000299091
0.000279027
0.000166036
2.42211e-05
0.00017967
0.00022393
0.000171296
7.80808e-05
5.12478e-06
5.59876e-05
7.13476e-05
5.28437e-05
0.000281297
0.00028576
0.000299091
0.000279027
0.000166036
2.42211e-05
0.00017967
0.00022393
0.000171296
7.80808e-05
5.12478e-06
5.59876e-05
7.13476e-05
5.28437e-05
0.000281297
0.00028576
0.000299091
0.000279027
0.000166036
2.42211e-05
0.00017967
0.00022393
0.000171296
7.80808e-05
5.12478e-06
5.59876e-05
7.13476e-05
5.28437e-05
0.000281297
0.00028576
0.000299091
0.000279027
0.000166036
2.42211e-05
0.00017967
0.00022393
0.000171296
7.80808e-05
5.12478e-06
5.59876e-05
7.13476e-05
5.28437e-05
0.000281297
0.00028576
0.000299091
0.000279027
0.000166036
2.42211e-05
0.00017967
0.00022393
0.000171296
7.80808e-05
5.12478e-06
5.59876e-05
7.13476e-05
5.28437e-05
0.000281297
0.00028576
0.000299091
0.000279027
0.000166036
2.42211e-05
0.00017967
0.00022393
0.000171296
7.80808e-05
5.12478e-06
5.59876e-05
7.13476e-05
5.28437e-05
0.000281297
0.00028576
0.000299091
0.000279027
0.000166036
2.42211e-05
0.00017967
0.00022393
0.000171296
7.80808e-05
5.12478e-06
5.59876e-05
7.13476e-05
5.28437e-05
0.000281297
0.00028576
0.000299091
0.000279027
0.000166036
2.42211e-05
0.00017967
0.00022393
0.000171296
7.80808e-05
5.12478e-06
5.59876e-05
7.13476e-05
5.28437e-05
0.000281297
0.00028576
0.000299091
0.000279027
0.000166036
2.42211e-05
0.00017967
0.00022393
0.000171296
7.80808e-05
5.12478e-06
5.59876e-05
7.13476e-05
5.28437e-05
0.000281297
0.00028576
0.000299091
0.000279027
0.000166036
2.42211e-05
0.00017967
0.00022393
0.000171296
7.80808e-05
5.12478e-06
5.59876e-05
7.13476e-05
5.28437e-05
0.000281297
0.00028576
0.000299091
0.000279027
0.000166036
2.42211e-05
0.00017967
0.00022393
0.000171296
7.80808e-05
5.12478e-06
5.59876e-05
7.13476e-05
5.28437e-05
0.000281297
0.00028576
0.000299091
0.000279027
0.000166036
2.42211e-05
0.00017967
0.00022393
0.000171296
7.80808e-05
5.12478e-06
5.59876e-05
7.13476e-05
5.28437e-05
0.000281297
0.00028576
0.000299091
0.000279027
0.000166036
2.42211e-05
0.00017967
0.00022393
0.000171296
7.80808e-05
5.12478e-06
5.59876e-05
7.13476e-05
5.28437e-05
0.000281297
0.00028576
0.000299091
0.000279027
0.000166036
2.42211e-05
0.00017967
0.00022393
0.000171296
7.80808e-05
5.12478e-06
5.59876e-05
7.13476e-05
5.28437e-05
0.000281297
0.00028576
0.000299091
0.000279027
0.000166036
2.42211e-05
0.00017967
0.00022393
0.000171296
7.80808e-05
5.12478e-06
5.59876e-05
7.13476e-05
5.28437e-05
0.000281297
0.00028576
0.000299091
0.000279027
0.000166036
2.42211e-05
0.00017967
0.00022393
0.000171296
7.80808e-05
5.12478e-06
5.59876e-05
7.13476e-05
5.28437e-05
0.000281297
0.00028576
0.000299091
0.000279027
0.000166036
2.42211e-05
0.00017967
0.00022393
0.000171296
7.80808e-05
5.12478e-06
5.59876e-05
7.13476e-05
5.28437e-05
0.000281297
0.00028576
0.000299091
0.000279027
0.000166036
2.42211e-05
0.00017967
0.00022393
0.000171296
7.80808e-05
5.12478e-06
5.59876e-05
7.13476e-05
5.28437e-05
0.000281297
0.00028576
0.000299091
0.000279027
0.000166036
2.42211e-05
0.00017967
0.00022393
0.000171296
7.80808e-05
5.12478e-06
5.59876e-05
7.13476e-05
5.28437e-05
0.000281297
0.00028576
0.000299091
0.000279027
0.000166036
2.42211e-05
0.00017967
0.00022393
0.000171296
7.80808e-05
5.12478e-06
5.59876e-05
7.13476e-05
5.28437e-05
0.000281297
0.00028576
0.000299091
0.000279027
0.000166036
2.42211e-05
0.00017967
0.00022393
0.000171296
7.80808e-05
5.12478e-06
5.59876e-05
7.13476e-05
5.28437e-05
0.000281297
0.00028576
0.000299091
0.000279027
0.000166036
2.42211e-05
0.00017967
0.00022393
0.000171296
7.80808e-05
5.12478e-06
5.59876e-05
7.13476e-05
5.28437e-05
0.000281297
0.00028576
0.000299091
0.000279027
0.000166036
2.42211e-05
0.00017967
0.00022393
0.000171296
7.80808e-05
5.12478e-06
5.59876e-05
7.13476e-05
5.28437e-05
0.000281297
0.00028576
0.000299091
0.000279027
0.000166036
2.42211e-05
0.00017967
0.00022393
0.000171296
7.80808e-05
5.12478e-06
5.59876e-05
7.13476e-05
5.28437e-05
0.000281297
0.00028576
0.000299091
0.000279027
0.000166036
2.42211e-05
0.00017967
0.00022393
0.000171296
7.80808e-05
5.12478e-06
5.59876e-05
7.13476e-05
5.28437e-05
0.000281297
0.00028576
0.000299091
0.000279027
0.000166036
2.42211e-05
0.00017967
0.00022393
0.000171296
7.80808e-05
5.12478e-06
5.59876e-05
7.13476e-05
5.28437e-05
0.000281297
0.00028576
0.000299091
0.000279027
0.000166036
2.42211e-05
0.00017967
0.00022393
0.000171296
7.80808e-05
5.12478e-06
5.59876e-05
7.13476e-05
5.28437e-05
0.000281297
0.00028576
0.000299091
0.000279027
0.000166036
2.42211e-05
0.00017967
0.00022393
0.000171296
7.80808e-05
5.12478e-06
5.59876e-05
7.13476e-05
5.28437e-05
0.000281297
0.00028576
0.000299091
0.000279027
0.000166036
2.42211e-05
0.00017967
0.00022393
0.000171296
7.80808e-05
5.12478e-06
5.59876e-05
7.13476e-05
5.28437e-05
0.000281297
0.00028576
0.000299091
0.000279027
0.000166036
2.42211e-05
0.00017967
0.00022393
0.000171296
7.80808e-05
5.12478e-06
5.59876e-05
7.13476e-05
5.28437e-05
0.000281297
0.00028576
0.000299091
0.000279027
0.000166036
2.42211e-05
0.00017967
0.00022393
0.000171296
7.80808e-05
5.12478e-06
5.59876e-05
7.13476e-05
5.28437e-05
0.000281297
0.00028576
0.000299091
0.000279027
0.000166036
2.42211e-05
0.00017967
0.00022393
0.000171296
7.80808e-05
5.12478e-06
5.59876e-05
7.13476e-05
5.28437e-05
0.000281297
0.00028576
0.000299091
0.000279027
0.000166036
2.42211e-05
0.00017967
0.00022393
0.000171296
7.80808e-05
5.12478e-06
5.59876e-05
7.13476e-05
5.28437e-05
0.000281297
0.00028576
0.000299091
0.000279027
0.000166036
2.42211e-05
0.00017967
0.00022393
0.000171296
7.80808e-05
5.12478e-06
5.59876e-05
7.13476e-05
5.28437e-05
0.000281297
0.00028576
0.000299091
0.000279027
0.000166036
2.42211e-05
0.00017967
0.00022393
0.000171296
7.80808e-05
5.12478e-06
5.59876e-05
7.13476e-05
5.28437e-05
0.000281297
0.00028576
0.000299091
0.000279027
0.000166036
2.42211e-05
0.00017967
0.00022393
0.000171296
7.80808e-05
5.12478e-06
5.59876e-05
7.13476e-05
5.28437e-05
0.000281297
0.00028576
0.000299091
0.000279027
0.000166036
2.42211e-05
0.00017967
0.00022393
0.000171296
7.80808e-05
5.12478e-06
5.59876e-05
7.13476e-05
5.28437e-05
0.000281297
0.00028576
0.000299091
0.000279027
0.000166036
2.42211e-05
0.00017967
0.00022393
0.000171296
7.80808e-05
5.12478e-06
5.59876e-05
7.13476e-05
5.28437e-05
0.000281297
0.00028576
0.000299091
0.000279027
0.000166036
2.42211e-05
0.00017967
0.00022393
0.000171296
7.80808e-05
5.12478e-06
5.59876e-05
7.13476e-05
5.28437e-05
0.000281297
0.00028576
0.000299091
0.000279027
0.000166036
2.42211e-05
0.00017967
0.00022393
0.000171296
7.80808e-05
5.12478e-06
5.59876e-05
7.13476e-05
5.28437e-05
