0.0018292
0.00181316
0.00171354
0.00148382
0.00112663
0.000716795
0.000373821
0.000148366
4.13856e-05
4.68085e-05
0.000140035
0.000281538
0.000439352
0.000590738
0.0018292
0.00170434
0.000847193
0.00131458
0.00483493
0.00889994
0.0119948
0.0124961
0.00907098
0.00164804
0.00592586
0.00851177
0.00285299
0.0123601
0.0018292
0.00172518
0.00114436
3.05391e-05
0.00158653
0.00312093
0.00426451
0.00470311
0.00414782
0.00252996
0.000324124
0.001318
0.00107395
0.00191008
0.0018292
0.00176623
0.00141812
0.0007237
0.000184205
0.00106457
0.00171129
0.00201751
0.00190635
0.00135814
0.000521577
0.000223514
0.000378158
0.000437255
0.0018292
0.00178935
0.00156489
0.00110533
0.000482083
0.000146706
0.00062376
0.000883018
0.000898197
0.000666632
0.000261643
0.000142612
0.00031943
8.65896e-05
0.0018292
0.00180121
0.00163915
0.0012952
0.000807054
0.000291197
0.000115041
0.000355866
0.000420331
0.000311193
7.5019e-05
0.000188473
0.000358611
0.000337819
0.0018292
0.00180717
0.00167635
0.00138969
0.000967515
0.000505466
0.000131728
0.000101047
0.000187522
0.000132368
2.93342e-05
0.000229555
0.000394009
0.000463766
0.0018292
0.00181016
0.00169495
0.00143681
0.00104724
0.00061149
0.000253342
2.4316e-05
7.25888e-05
4.28078e-05
8.39352e-05
0.000254238
0.000415467
0.000527093
0.0018292
0.00181166
0.00170425
0.00146033
0.00108698
0.000664232
0.000313721
8.65029e-05
1.54829e-05
1.99521e-06
0.000111803
0.000267568
0.00042711
0.000558872
0.0018292
0.00181241
0.00170889
0.00147208
0.00110681
0.000690535
0.000343806
0.000117475
1.29809e-05
2.44008e-05
0.000125874
0.000274474
0.000433157
0.000574793
0.0018292
0.00181278
0.00171122
0.00147795
0.00111672
0.000703671
0.000358822
0.000132931
2.71906e-05
3.56044e-05
0.000132943
0.000277986
0.000436236
0.000582763
0.0018292
0.00181297
0.00171238
0.00148089
0.00112168
0.000710234
0.000366324
0.000140651
3.42899e-05
4.12064e-05
0.000136486
0.000279757
0.00043779
0.000586749
0.0018292
0.00181306
0.00171296
0.00148236
0.00112415
0.000713515
0.000370073
0.000144509
3.78382e-05
4.40074e-05
0.00013826
0.000280647
0.00043857
0.000588743
0.0018292
0.00181311
0.00171325
0.00148309
0.00112539
0.000715155
0.000371947
0.000146438
3.9612e-05
4.54079e-05
0.000139147
0.000281092
0.000438961
0.00058974
0.0018292
0.00181313
0.0017134
0.00148346
0.00112601
0.000715975
0.000372884
0.000147402
4.04988e-05
4.61082e-05
0.000139591
0.000281315
0.000439157
0.000590239
0.0018292
0.00181314
0.00171347
0.00148364
0.00112632
0.000716385
0.000373353
0.000147884
4.09422e-05
4.64583e-05
0.000139813
0.000281427
0.000439254
0.000590488
0.0018292
0.00181315
0.00171351
0.00148373
0.00112647
0.00071659
0.000373587
0.000148125
4.11639e-05
4.66334e-05
0.000139924
0.000281483
0.000439303
0.000590613
0.0018292
0.00181315
0.00171352
0.00148378
0.00112655
0.000716693
0.000373704
0.000148246
4.12747e-05
4.67209e-05
0.000139979
0.00028151
0.000439328
0.000590675
0.0018292
0.00181316
0.00171353
0.0014838
0.00112659
0.000716744
0.000373762
0.000148306
4.13301e-05
4.67647e-05
0.000140007
0.000281524
0.00043934
0.000590707
0.0018292
0.00181316
0.00171354
0.00148381
0.00112661
0.000716769
0.000373792
0.000148336
4.13578e-05
4.67866e-05
0.000140021
0.000281531
0.000439346
0.000590722
0.0018292
0.00181316
0.00171354
0.00148382
0.00112662
0.000716782
0.000373806
0.000148351
4.13717e-05
4.67975e-05
0.000140028
0.000281535
0.000439349
0.00059073
0.0018292
0.00181316
0.00171354
0.00148382
0.00112662
0.000716789
0.000373814
0.000148359
4.13786e-05
4.6803e-05
0.000140031
0.000281537
0.000439351
0.000590734
0.0018292
0.00181316
0.00171354
0.00148382
0.00112662
0.000716792
0.000373817
0.000148363
4.13821e-05
4.68057e-05
0.000140033
0.000281537
0.000439352
0.000590736
0.0018292
0.00181316
0.00171354
0.00148382
0.00112663
0.000716793
0.000373819
0.000148365
4.13838e-05
4.68071e-05
0.000140034
0.000281538
0.000439352
0.000590737
0.0018292
0.00181316
0.00171354
0.00148382
0.00112663
0.000716794
0.00037382
0.000148366
4.13847e-05
4.68078e-05
0.000140034
0.000281538
0.000439352
0.000590737
0.0018292
0.00181316
0.00171354
0.00148382
0.00112663
0.000716795
0.000373821
0.000148366
4.13851e-05
4.68081e-05
0.000140035
0.000281538
0.000439352
0.000590737
0.0018292
0.00181316
0.00171354
0.00148382
0.00112663
0.000716795
0.000373821
0.000148366
4.13853e-05
4.68083e-05
0.000140035
0.000281538
0.000439352
0.000590738
0.0018292
0.00181316
0.00171354
0.00148382
0.00112663
0.000716795
0.000373821
0.000148366
4.13854e-05
4.68084e-05
0.000140035
0.000281538
0.000439352
0.000590738
0.0018292
0.00181316
0.00171354
0.00148382
0.00112663
0.000716795
0.000373821
0.000148366
4.13855e-05
4.68084e-05
0.000140035
0.000281538
0.000439352
0.000590738
0.0018292
0.00181316
0.00171354
0.00148382
0.00112663
0.000716795
0.000373821
0.000148366
4.13855e-05
4.68085e-05
0.000140035
0.000281538
0.000439352
0.000590738
0.0018292
0.00181316
0.00171354
0.00148382
0.00112663
0.000716795
0.000373821
0.000148366
4.13855e-05
4.68085e-05
0.000140035
0.000281538
0.000439352
0.000590738
0.0018292
0.00181316
0.00171354
0.00148382
0.00112663
0.000716795
0.000373821
0.000148366
4.13855e-05
4.68085e-05
0.000140035
0.000281538
0.000439352
0.000590738
0.0018292
0.00181316
0.00171354
0.00148382
0.00112663
0.000716795
0.000373821
0.000148366
4.13856e-05
4.68085e-05
0.000140035
0.000281538
0.000439352
0.000590738
0.0018292
0.00181316
0.00171354
0.00148382
0.00112663
0.000716795
0.000373821
0.000148366
4.13856e-05
4.68085e-05
0.000140035
0.000281538
0.000439352
0.000590738
0.0018292
0.00181316
0.00171354
0.00148382
0.00112663
0.000716795
0.000373821
0.000148366
4.13856e-05
4.68085e-05
0.000140035
0.000281538
0.000439352
0.000590738
0.0018292
0.00181316
0.00171354
0.00148382
0.00112663
0.000716795
0.000373821
0.000148366
4.13856e-05
4.68085e-05
0.000140035
0.000281538
0.000439352
0.000590738
0.0018292
0.00181316
0.00171354
0.00148382
0.00112663
0.000716795
0.000373821
0.000148366
4.13856e-05
4.68085e-05
0.000140035
0.000281538
0.000439352
0.000590738
0.0018292
0.00181316
0.00171354
0.00148382
0.00112663
0.000716795
0.000373821
0.000148366
4.13856e-05
4.68085e-05
0.000140035
0.000281538
0.000439352
0.000590738
0.0018292
0.00181316
0.00171354
0.00148382
0.00112663
0.000716795
0.000373821
0.000148366
4.13856e-05
4.68085e-05
0.000140035
0.000281538
0.000439352
0.000590738
0.0018292
0.00181316
0.00171354
0.00148382
0.00112663
0.000716795
0.000373821
0.000148366
4.13856e-05
4.68085e-05
0.000140035
0.000281538
0.000439352
0.000590738
0.0018292
0.00181316
0.00171354
0.00148382
0.00112663
0.000716795
0.000373821
0.000148366
4.13856e-05
4.68085e-05
0.000140035
0.000281538
0.000439352
0.000590738
0.0018292
0.00181316
0.00171354
0.00148382
0.00112663
0.000716795
0.000373821
0.000148366
4.13856e-05
4.68085e-05
0.000140035
0.000281538
0.000439352
0.000590738
0.0018292
0.00181316
0.00171354
0.00148382
0.00112663
0.000716795
0.000373821
0.000148366
4.13856e-05
4.68085e-05
0.000140035
0.000281538
0.000439352
0.000590738
0.0018292
0.00181316
0.00171354
0.00148382
0.00112663
0.000716795
0.000373821
0.000148366
4.13856e-05
4.68085e-05
0.000140035
0.000281538
0.000439352
0.000590738
0.0018292
0.00181316
0.00171354
0.00148382
0.00112663
0.000716795
0.000373821
0.000148366
4.13856e-05
4.68085e-05
0.000140035
0.000281538
0.000439352
0.000590738
0.0018292
0.00181316
0.00171354
0.00148382
0.00112663
0.000716795
0.000373821
0.000148366
4.13856e-05
4.68085e-05
0.000140035
0.000281538
0.000439352
0.000590738
0.0018292
0.00181316
0.00171354
0.00148382
0.00112663
0.000716795
0.000373821
0.000148366
4.13856e-05
4.68085e-05
0.000140035
0.000281538
0.000439352
0.000590738
0.0018292
0.00181316
0.00171354
0.00148382
0.00112663
0.000716795
0.000373821
0.000148366
4.13856e-05
4.68085e-05
0.000140035
0.000281538
0.000439352
0.000590738
0.0018292
0.00181316
0.00171354
0.00148382
0.00112663
0.000716795
0.000373821
0.000148366
4.13856e-05
4.68085e-05
0.000140035
0.000281538
0.000439352
0.000590738
0.0018292
0.00181316
0.00171354
0.00148382
0.00112663
0.000716795
0.000373821
0.000148366
4.13856e-05
4.68085e-05
0.000140035
0.000281538
0.000439352
0.000590738
0.0018292
0.00181316
0.00171354
0.00148382
0.00112663
0.000716795
0.000373821
0.000148366
4.13856e-05
4.68085e-05
0.000140035
0.000281538
0.000439352
0.000590738
0.0018292
0.00181316
0.00171354
0.00148382
0.00112663
0.000716795
0.000373821
0.000148366
4.13856e-05
4.68085e-05
0.000140035
0.000281538
0.000439352
0.000590738
0.0018292
0.00181316
0.00171354
0.00148382
0.00112663
0.000716795
0.000373821
0.000148366
4.13856e-05
4.68085e-05
0.000140035
0.000281538
0.000439352
0.000590738
0.0018292
0.00181316
0.00171354
0.00148382
0.00112663
0.000716795
0.000373821
0.000148366
4.13856e-05
4.68085e-05
0.000140035
0.000281538
0.000439352
0.000590738
0.0018292
0.00181316
0.00171354
0.00148382
0.00112663
0.000716795
0.000373821
0.000148366
4.13856e-05
4.68085e-05
0.000140035
0.000281538
0.000439352
0.000590738
0.0018292
0.00181316
0.00171354
0.00148382
0.00112663
0.000716795
0.000373821
0.000148366
4.13856e-05
4.68085e-05
0.000140035
0.000281538
0.000439352
0.000590738
0.0018292
0.00181316
0.00171354
0.00148382
0.00112663
0.000716795
0.000373821
0.000148366
4.13856e-05
4.68085e-05
0.000140035
0.000281538
0.000439352
0.000590738
0.0018292
0.00181316
0.00171354
0.00148382
0.00112663
0.000716795
0.000373821
0.000148366
4.13856e-05
4.68085e-05
0.000140035
0.000281538
0.000439352
0.000590738
0.0018292
0.00181316
0.00171354
0.00148382
0.00112663
0.000716795
0.000373821
0.000148366
4.13856e-05
4.68085e-05
0.000140035
0.000281538
0.000439352
0.000590738
0.0018292
0.00181316
0.00171354
0.00148382
0.00112663
0.000716795
0.000373821
0.000148366
4.13856e-05
4.68085e-05
0.000140035
0.000281538
0.000439352
0.000590738
0.0018292
0.00181316
0.00171354
0.00148382
0.00112663
0.000716795
0.000373821
0.000148366
4.13856e-05
4.68085e-05
0.000140035
0.000281538
0.000439352
0.000590738
0.0018292
0.00181316
0.00171354
0.00148382
0.00112663
0.000716795
0.000373821
0.000148366
4.13856e-05
4.68085e-05
0.000140035
0.000281538
0.000439352
0.000590738
0.0018292
0.00181316
0.00171354
0.00148382
0.00112663
0.000716795
0.000373821
0.000148366
4.13856e-05
4.68085e-05
0.000140035
0.000281538
0.000439352
0.000590738
0.0018292
0.00181316
0.00171354
0.00148382
0.00112663
0.000716795
0.000373821
0.000148366
4.13856e-05
4.68085e-05
0.000140035
0.000281538
0.000439352
0.000590738
0.0018292
0.00181316
0.00171354
0.00148382
0.00112663
0.000716795
0.000373821
0.000148366
4.13856e-05
4.68085e-05
0.000140035
0.000281538
0.000439352
0.000590738
0.0018292
0.00181316
0.00171354
0.00148382
0.00112663
0.000716795
0.000373821
0.000148366
4.13856e-05
4.68085e-05
0.000140035
0.000281538
0.000439352
0.000590738
0.0018292
0.00181316
0.00171354
0.00148382
0.00112663
0.000716795
0.000373821
0.000148366
4.13856e-05
4.68085e-05
0.000140035
0.000281538
0.000439352
0.000590738
0.0018292
0.00181316
0.00171354
0.00148382
0.00112663
0.000716795
0.000373821
0.000148366
4.13856e-05
4.68085e-05
0.000140035
0.000281538
0.000439352
0.000590738
0.0018292
0.00181316
0.00171354
0.00148382
0.00112663
0.000716795
0.000373821
0.000148366
4.13856e-05
4.68085e-05
0.000140035
0.000281538
0.000439352
0.000590738
0.0018292
0.00181316
0.00171354
0.00148382
0.00112663
0.000716795
0.000373821
0.000148366
4.13856e-05
4.68085e-05
0.000140035
0.000281538
0.000439352
0.000590738
0.0018292
0.00181316
0.00171354
0.00148382
0.00112663
0.000716795
0.000373821
0.000148366
4.13856e-05
4.68085e-05
0.000140035
0.000281538
0.000439352
0.000590738
0.0018292
0.00181316
0.00171354
0.00148382
0.00112663
0.000716795
0.000373821
0.000148366
4.13856e-05
4.68085e-05
0.000140035
0.000281538
0.000439352
0.000590738
0.0018292
0.00181316
0.00171354
0.00148382
0.00112663
0.000716795
0.000373821
0.000148366
4.13856e-05
4.68085e-05
0.000140035
0.000281538
0.000439352
0.000590738
0.0018292
0.00181316
0.00171354
0.00148382
0.00112663
0.000716795
0.000373821
0.000148366
4.13856e-05
4.68085e-05
0.000140035
0.000281538
0.000439352
0.000590738
0.0018292
0.00181316
0.00171354
0.00148382
0.00112663
0.000716795
0.000373821
0.000148366
4.13856e-05
4.68085e-05
0.000140035
0.000281538
0.000439352
0.000590738
0.0018292
0.00181316
0.00171354
0.00148382
0.00112663
0.000716795
0.000373821
0.000148366
4.13856e-05
4.68085e-05
0.000140035
0.000281538
0.000439352
0.000590738
0.0018292
0.00181316
0.00171354
0.00148382
0.00112663
0.000716795
0.000373821
0.000148366
4.13856e-05
4.68085e-05
0.000140035
0.000281538
0.000439352
0.000590738
0.0018292
0.00181316
0.00171354
0.00148382
0.00112663
0.000716795
0.000373821
0.000148366
4.13856e-05
4.68085e-05
0.000140035
0.000281538
0.000439352
0.000590738
0.0018292
0.00181316
0.00171354
0.00148382
0.00112663
0.000716795
0.000373821
0.000148366
4.13856e-05
4.68085e-05
0.000140035
0.000281538
0.000439352
0.000590738
0.0018292
0.00181316
0.00171354
0.00148382
0.00112663
0.000716795
0.000373821
0.000148366
4.13856e-05
4.68085e-05
0.000140035
0.000281538
0.000439352
0.000590738
0.0018292
0.00181316
0.00171354
0.00148382
0.00112663
0.000716795
0.000373821
0.000148366
4.13856e-05
4.68085e-05
0.000140035
0.000281538
0.000439352
0.000590738
0.0018292
0.00181316
0.00171354
0.00148382
0.00112663
0.000716795
0.000373821
0.000148366
4.13856e-05
4.68085e-05
0.000140035
0.000281538
0.000439352
0.000590738
0.0018292
0.00181316
0.00171354
0.00148382
0.00112663
0.000716795
0.000373821
0.000148366
4.13856e-05
4.68085e-05
0.000140035
0.000281538
0.000439352
0.000590738
0.0018292
0.00181316
0.00171354
0.00148382
0.00112663
0.000716795
0.000373821
0.000148366
4.13856e-05
4.68085e-05
0.000140035
0.000281538
0.000439352
0.000590738
0.0018292
0.00181316
0.00171354
0.00148382
0.00112663
0.000716795
0.000373821
0.000148366
4.13856e-05
4.68085e-05
0.000140035
0.000281538
0.000439352
0.000590738
0.0018292
0.00181316
0.00171354
0.00148382
0.00112663
0.000716795
0.000373821
0.000148366
4.13856e-05
4.68085e-05
0.000140035
0.000281538
0.000439352
0.000590738
0.0018292
0.00181316
0.00171354
0.00148382
0.00112663
0.000716795
0.000373821
0.000148366
4.13856e-05
4.68085e-05
0.000140035
0.000281538
0.000439352
0.000590738
0.0018292
0.00181316
0.00171354
0.00148382
0.00112663
0.000716795
0.000373821
0.000148366
4.13856e-05
4.68085e-05
0.000140035
0.000281538
0.000439352
0.000590738
0.0018292
0.00181316
0.00171354
0.00148382
0.00112663
0.000716795
0.000373821
0.000148366
4.13856e-05
4.68085e-05
0.000140035
0.000281538
0.000439352
0.000590738
0.0018292
0.00181316
0.00171354
0.00148382
0.00112663
0.000716795
0.000373821
0.000148366
4.13856e-05
4.68085e-05
0.000140035
0.000281538
0.000439352
0.000590738
0.0018292
0.00181316
0.00171354
0.00148382
0.00112663
0.000716795
0.000373821
0.000148366
4.13856e-05
4.68085e-05
0.000140035
0.000281538
0.000439352
0.000590738
0.0018292
0.00181316
0.00171354
0.00148382
0.00112663
0.000716795
0.000373821
0.000148366
4.13856e-05
4.68085e-05
0.000140035
0.000281538
0.000439352
0.000590738
0.0018292
0.00181316
0.00171354
0.00148382
0.00112663
0.000716795
0.000373821
0.000148366
4.13856e-05
4.68085e-05
0.000140035
0.000281538
0.000439352
0.000590738
0.0018292
0.00181316
0.00171354
0.00148382
0.00112663
0.000716795
0.000373821
0.000148366
4.13856e-05
4.68085e-05
0.000140035
0.000281538
0.000439352
0.000590738
0.0018292
0.00181316
0.00171354
0.00148382
0.00112663
0.000716795
0.000373821
0.000148366
4.13856e-05
4.68085e-05
0.000140035
0.000281538
0.000439352
0.000590738
0.0018292
0.00181316
0.00171354
0.00148382
0.00112663
0.000716795
0.000373821
0.000148366
4.13856e-05
4.68085e-05
0.000140035
0.000281538
0.000439352
0.000590738
0.0018292
0.00181316
0.00171354
0.00148382
0.00112663
0.000716795
0.000373821
0.000148366
4.13856e-05
4.68085e-05
0.000140035
0.000281538
0.000439352
0.000590738
0.0018292
0.00181316
0.00171354
0.00148382
0.00112663
0.000716795
0.000373821
0.000148366
4.13856e-05
4.68085e-05
0.000140035
0.000281538
0.000439352
0.000590738
0.0018292
0.00181316
0.00171354
0.00148382
0.00112663
0.000716795
0.000373821
0.000148366
4.13856e-05
4.68085e-05
0.000140035
0.000281538
0.000439352
0.000590738
0.0018292
0.00181316
0.00171354
0.00148382
0.00112663
0.000716795
0.000373821
0.000148366
4.13856e-05
4.68085e-05
0.000140035
0.000281538
0.000439352
0.000590738
0.0018292
0.00181316
0.00171354
0.00148382
0.00112663
0.000716795
0.000373821
0.000148366
4.13856e-05
4.68085e-05
0.000140035
0.000281538
0.000439352
0.000590738
0.0018292
0.00181316
0.00171354
0.00148382
0.00112663
0.000716795
0.000373821
0.000148366
4.13856e-05
4.68085e-05
0.000140035
0.000281538
0.000439352
0.000590738
0.0018292
0.00181316
0.00171354
0.00148382
0.00112663
0.000716795
0.000373821
0.000148366
4.13856e-05
4.68085e-05
0.000140035
0.000281538
0.000439352
0.000590738
0.0018292
0.00181316
0.00171354
0.00148382
0.00112663
0.000716795
0.000373821
0.000148366
4.13856e-05
4.68085e-05
0.000140035
0.000281538
0.000439352
0.000590738
0.0018292
0.00181316
0.00171354
0.00148382
0.00112663
0.000716795
0.000373821
0.000148366
4.13856e-05
4.68085e-05
0.000140035
0.000281538
0.000439352
0.000590738
0.0018292
0.00181316
0.00171354
0.00148382
0.00112663
0.000716795
0.000373821
0.000148366
4.13856e-05
4.68085e-05
0.000140035
0.000281538
0.000439352
0.000590738
0.0018292
0.00181316
0.00171354
0.00148382
0.00112663
0.000716795
0.000373821
0.000148366
4.13856e-05
4.68085e-05
0.000140035
0.000281538
0.000439352
0.000590738
0.0018292
0.00181316
0.00171354
0.00148382
0.00112663
0.000716795
0.000373821
0.000148366
4.13856e-05
4.68085e-05
0.000140035
0.000281538
0.000439352
0.000590738
0.0018292
0.00181316
0.00171354
0.00148382
0.00112663
0.000716795
0.000373821
0.000148366
4.13856e-05
4.68085e-05
0.000140035
0.000281538
0.000439352
0.000590738
0.0018292
0.00181316
0.00171354
0.00148382
0.00112663
0.000716795
0.000373821
0.000148366
4.13856e-05
4.68085e-05
0.000140035
0.000281538
0.000439352
0.000590738
0.0018292
0.00181316
0.00171354
0.00148382
0.00112663
0.000716795
0.000373821
0.000148366
4.13856e-05
4.68085e-05
0.000140035
0.000281538
0.000439352
0.000590738
0.0018292
0.00181316
0.00171354
0.00148382
0.00112663
0.000716795
0.000373821
0.000148366
4.13856e-05
4.68085e-05
0.000140035
0.000281538
0.000439352
0.000590738
0.0018292
0.00181316
0.00171354
0.00148382
0.00112663
0.000716795
0.000373821
0.000148366
4.13856e-05
4.68085e-05
0.000140035
0.000281538
0.000439352
0.000590738
0.0018292
0.00181316
0.00171354
0.00148382
0.00112663
0.000716795
0.000373821
0.000148366
4.13856e-05
4.68085e-05
0.000140035
0.000281538
0.000439352
0.000590738
0.0018292
0.00181316
0.00171354
0.00148382
0.00112663
0.000716795
0.000373821
0.000148366
4.13856e-05
4.68085e-05
0.000140035
0.000281538
0.000439352
0.000590738
0.0018292
0.00181316
0.00171354
0.00148382
0.00112663
0.000716795
0.000373821
0.000148366
4.13856e-05
4.68085e-05
0.000140035
0.000281538
0.000439352
0.000590738
0.0018292
0.00181316
0.00171354
0.00148382
0.00112663
0.000716795
0.000373821
0.000148366
4.13856e-05
4.68085e-05
0.000140035
0.000281538
0.000439352
0.000590738
0.0018292
0.00181316
0.00171354
0.00148382
0.00112663
0.000716795
0.000373821
0.000148366
4.13856e-05
4.68085e-05
0.000140035
0.000281538
0.000439352
0.000590738
0.0018292
0.00181316
0.00171354
0.00148382
0.00112663
0.000716795
0.000373821
0.000148366
4.13856e-05
4.68085e-05
0.000140035
0.000281538
0.000439352
0.000590738
0.0018292
0.00181316
0.00171354
0.00148382
0.00112663
0.000716795
0.000373821
0.000148366
4.13856e-05
4.68085e-05
0.000140035
0.000281538
0.000439352
0.000590738
0.0018292
0.00181316
0.00171354
0.00148382
0.00112663
0.000716795
0.000373821
0.000148366
4.13856e-05
4.68085e-05
0.000140035
0.000281538
0.000439352
0.000590738
0.000914601
0.00090932
0.000872207
0.000775933
0.000610973
0.000408946
0.000231542
0.000107081
3.99963e-05
3.22894e-05
7.58007e-05
0.000151969
0.000242879
0.000332779
0.000914601
0.000874662
0.000556543
0.00034092
0.00193649
0.00393535
0.00560762
0.00607023
0.00458424
0.00100108
0.00290475
0.00449568
0.00214225
0.00514613
0.000914601
0.000872883
0.000632692
0.000127529
0.000574868
0.00131061
0.00190364
0.00218365
0.00198042
0.00122808
0.000135455
0.000733453
0.000706906
0.000663505
0.000914601
0.000889184
0.000744478
0.000444462
3.28815e-05
0.000389329
0.000721862
0.00090404
0.000885197
0.000640779
0.000232637
0.000154853
0.000268663
9.05349e-05
0.000914601
0.000898984
0.000807309
0.000609707
0.000325586
2.1737e-05
0.000223552
0.000372259
0.000403612
0.000307056
0.000111534
9.89854e-05
0.000208745
0.000120243
0.000914601
0.000904105
0.000839591
0.00069283
0.000469207
0.000218017
8.72925e-06
0.0001268
0.000177402
0.000137467
2.44717e-05
0.000113827
0.000214981
0.00022493
0.000914601
0.000906703
0.000855868
0.000734398
0.000540324
0.000314118
0.000121246
8.49921e-06
6.76449e-05
5.25494e-05
2.41943e-05
0.000130211
0.000226349
0.000278339
0.000914601
0.000908009
0.000864031
0.000755172
0.000575707
0.000361687
0.000176663
4.96207e-05
1.35652e-05
1.01135e-05
4.9651e-05
0.000140446
0.000233985
0.000305418
0.000914601
0.000908664
0.000868117
0.000765554
0.000593355
0.000385355
0.000204169
7.84321e-05
1.32796e-05
1.10929e-05
6.26418e-05
0.00014605
0.000238276
0.000319062
0.000914601
0.000908992
0.000870162
0.000770744
0.000602168
0.00039716
0.000217872
9.27767e-05
2.66539e-05
2.16925e-05
6.92005e-05
0.00014897
0.000240539
0.000325911
0.000914601
0.000909156
0.000871185
0.000773339
0.000606571
0.000403056
0.000224711
9.99338e-05
3.33291e-05
2.69913e-05
7.24955e-05
0.00015046
0.000241699
0.000329343
0.000914601
0.000909238
0.000871696
0.000774636
0.000608772
0.000406001
0.000228128
0.000103509
3.66637e-05
2.96404e-05
7.41468e-05
0.000151212
0.000242287
0.000331061
0.000914601
0.000909279
0.000871952
0.000775284
0.000609873
0.000407474
0.000229835
0.000105295
3.83303e-05
3.0965e-05
7.49735e-05
0.00015159
0.000242582
0.00033192
0.000914601
0.0009093
0.000872079
0.000775609
0.000610423
0.00040821
0.000230689
0.000106188
3.91634e-05
3.16272e-05
7.5387e-05
0.00015178
0.00024273
0.000332349
0.000914601
0.00090931
0.000872143
0.000775771
0.000610698
0.000408578
0.000231116
0.000106635
3.95799e-05
3.19583e-05
7.55938e-05
0.000151874
0.000242805
0.000332564
0.000914601
0.000909315
0.000872175
0.000775852
0.000610835
0.000408762
0.000231329
0.000106858
3.97881e-05
3.21239e-05
7.56973e-05
0.000151922
0.000242842
0.000332672
0.000914601
0.000909318
0.000872191
0.000775892
0.000610904
0.000408854
0.000231436
0.000106969
3.98922e-05
3.22066e-05
7.5749e-05
0.000151946
0.00024286
0.000332726
0.000914601
0.000909319
0.000872199
0.000775913
0.000610939
0.0004089
0.000231489
0.000107025
3.99443e-05
3.2248e-05
7.57749e-05
0.000151958
0.00024287
0.000332752
0.000914601
0.00090932
0.000872203
0.000775923
0.000610956
0.000408923
0.000231516
0.000107053
3.99703e-05
3.22687e-05
7.57878e-05
0.000151963
0.000242874
0.000332766
0.000914601
0.00090932
0.000872205
0.000775928
0.000610964
0.000408935
0.000231529
0.000107067
3.99833e-05
3.22791e-05
7.57943e-05
0.000151966
0.000242877
0.000332773
0.000914601
0.00090932
0.000872206
0.00077593
0.000610969
0.00040894
0.000231536
0.000107074
3.99898e-05
3.22843e-05
7.57975e-05
0.000151968
0.000242878
0.000332776
0.000914601
0.00090932
0.000872207
0.000775932
0.000610971
0.000408943
0.000231539
0.000107077
3.99931e-05
3.22868e-05
7.57991e-05
0.000151969
0.000242878
0.000332778
0.000914601
0.00090932
0.000872207
0.000775932
0.000610972
0.000408945
0.000231541
0.000107079
3.99947e-05
3.22881e-05
7.57999e-05
0.000151969
0.000242879
0.000332778
0.000914601
0.00090932
0.000872207
0.000775933
0.000610972
0.000408945
0.000231542
0.00010708
3.99955e-05
3.22888e-05
7.58003e-05
0.000151969
0.000242879
0.000332779
0.000914601
0.00090932
0.000872207
0.000775933
0.000610973
0.000408946
0.000231542
0.000107081
3.99959e-05
3.22891e-05
7.58005e-05
0.000151969
0.000242879
0.000332779
0.000914601
0.00090932
0.000872207
0.000775933
0.000610973
0.000408946
0.000231542
0.000107081
3.99961e-05
3.22893e-05
7.58006e-05
0.000151969
0.000242879
0.000332779
0.000914601
0.00090932
0.000872207
0.000775933
0.000610973
0.000408946
0.000231542
0.000107081
3.99962e-05
3.22893e-05
7.58007e-05
0.000151969
0.000242879
0.000332779
0.000914601
0.00090932
0.000872207
0.000775933
0.000610973
0.000408946
0.000231542
0.000107081
3.99963e-05
3.22894e-05
7.58007e-05
0.000151969
0.000242879
0.000332779
0.000914601
0.00090932
0.000872207
0.000775933
0.000610973
0.000408946
0.000231542
0.000107081
3.99963e-05
3.22894e-05
7.58007e-05
0.000151969
0.000242879
0.000332779
0.000914601
0.00090932
0.000872207
0.000775933
0.000610973
0.000408946
0.000231542
0.000107081
3.99963e-05
3.22894e-05
7.58007e-05
0.000151969
0.000242879
0.000332779
0.000914601
0.00090932
0.000872207
0.000775933
0.000610973
0.000408946
0.000231542
0.000107081
3.99963e-05
3.22894e-05
7.58007e-05
0.000151969
0.000242879
0.000332779
0.000914601
0.00090932
0.000872207
0.000775933
0.000610973
0.000408946
0.000231542
0.000107081
3.99963e-05
3.22894e-05
7.58007e-05
0.000151969
0.000242879
0.000332779
0.000914601
0.00090932
0.000872207
0.000775933
0.000610973
0.000408946
0.000231542
0.000107081
3.99963e-05
3.22894e-05
7.58007e-05
0.000151969
0.000242879
0.000332779
0.000914601
0.00090932
0.000872207
0.000775933
0.000610973
0.000408946
0.000231542
0.000107081
3.99963e-05
3.22894e-05
7.58007e-05
0.000151969
0.000242879
0.000332779
0.000914601
0.00090932
0.000872207
0.000775933
0.000610973
0.000408946
0.000231542
0.000107081
3.99963e-05
3.22894e-05
7.58007e-05
0.000151969
0.000242879
0.000332779
0.000914601
0.00090932
0.000872207
0.000775933
0.000610973
0.000408946
0.000231542
0.000107081
3.99963e-05
3.22894e-05
7.58007e-05
0.000151969
0.000242879
0.000332779
0.000914601
0.00090932
0.000872207
0.000775933
0.000610973
0.000408946
0.000231542
0.000107081
3.99963e-05
3.22894e-05
7.58007e-05
0.000151969
0.000242879
0.000332779
0.000914601
0.00090932
0.000872207
0.000775933
0.000610973
0.000408946
0.000231542
0.000107081
3.99963e-05
3.22894e-05
7.58007e-05
0.000151969
0.000242879
0.000332779
0.000914601
0.00090932
0.000872207
0.000775933
0.000610973
0.000408946
0.000231542
0.000107081
3.99963e-05
3.22894e-05
7.58007e-05
0.000151969
0.000242879
0.000332779
0.000914601
0.00090932
0.000872207
0.000775933
0.000610973
0.000408946
0.000231542
0.000107081
3.99963e-05
3.22894e-05
7.58007e-05
0.000151969
0.000242879
0.000332779
0.000914601
0.00090932
0.000872207
0.000775933
0.000610973
0.000408946
0.000231542
0.000107081
3.99963e-05
3.22894e-05
7.58007e-05
0.000151969
0.000242879
0.000332779
0.000914601
0.00090932
0.000872207
0.000775933
0.000610973
0.000408946
0.000231542
0.000107081
3.99963e-05
3.22894e-05
7.58007e-05
0.000151969
0.000242879
0.000332779
0.000914601
0.00090932
0.000872207
0.000775933
0.000610973
0.000408946
0.000231542
0.000107081
3.99963e-05
3.22894e-05
7.58007e-05
0.000151969
0.000242879
0.000332779
0.000914601
0.00090932
0.000872207
0.000775933
0.000610973
0.000408946
0.000231542
0.000107081
3.99963e-05
3.22894e-05
7.58007e-05
0.000151969
0.000242879
0.000332779
0.000914601
0.00090932
0.000872207
0.000775933
0.000610973
0.000408946
0.000231542
0.000107081
3.99963e-05
3.22894e-05
7.58007e-05
0.000151969
0.000242879
0.000332779
0.000914601
0.00090932
0.000872207
0.000775933
0.000610973
0.000408946
0.000231542
0.000107081
3.99963e-05
3.22894e-05
7.58007e-05
0.000151969
0.000242879
0.000332779
0.000914601
0.00090932
0.000872207
0.000775933
0.000610973
0.000408946
0.000231542
0.000107081
3.99963e-05
3.22894e-05
7.58007e-05
0.000151969
0.000242879
0.000332779
0.000914601
0.00090932
0.000872207
0.000775933
0.000610973
0.000408946
0.000231542
0.000107081
3.99963e-05
3.22894e-05
7.58007e-05
0.000151969
0.000242879
0.000332779
0.000914601
0.00090932
0.000872207
0.000775933
0.000610973
0.000408946
0.000231542
0.000107081
3.99963e-05
3.22894e-05
7.58007e-05
0.000151969
0.000242879
0.000332779
0.000914601
0.00090932
0.000872207
0.000775933
0.000610973
0.000408946
0.000231542
0.000107081
3.99963e-05
3.22894e-05
7.58007e-05
0.000151969
0.000242879
0.000332779
0.000914601
0.00090932
0.000872207
0.000775933
0.000610973
0.000408946
0.000231542
0.000107081
3.99963e-05
3.22894e-05
7.58007e-05
0.000151969
0.000242879
0.000332779
0.000914601
0.00090932
0.000872207
0.000775933
0.000610973
0.000408946
0.000231542
0.000107081
3.99963e-05
3.22894e-05
7.58007e-05
0.000151969
0.000242879
0.000332779
0.000914601
0.00090932
0.000872207
0.000775933
0.000610973
0.000408946
0.000231542
0.000107081
3.99963e-05
3.22894e-05
7.58007e-05
0.000151969
0.000242879
0.000332779
0.000914601
0.00090932
0.000872207
0.000775933
0.000610973
0.000408946
0.000231542
0.000107081
3.99963e-05
3.22894e-05
7.58007e-05
0.000151969
0.000242879
0.000332779
0.000914601
0.00090932
0.000872207
0.000775933
0.000610973
0.000408946
0.000231542
0.000107081
3.99963e-05
3.22894e-05
7.58007e-05
0.000151969
0.000242879
0.000332779
0.000914601
0.00090932
0.000872207
0.000775933
0.000610973
0.000408946
0.000231542
0.000107081
3.99963e-05
3.22894e-05
7.58007e-05
0.000151969
0.000242879
0.000332779
0.000914601
0.00090932
0.000872207
0.000775933
0.000610973
0.000408946
0.000231542
0.000107081
3.99963e-05
3.22894e-05
7.58007e-05
0.000151969
0.000242879
0.000332779
0.000914601
0.00090932
0.000872207
0.000775933
0.000610973
0.000408946
0.000231542
0.000107081
3.99963e-05
3.22894e-05
7.58007e-05
0.000151969
0.000242879
0.000332779
0.000914601
0.00090932
0.000872207
0.000775933
0.000610973
0.000408946
0.000231542
0.000107081
3.99963e-05
3.22894e-05
7.58007e-05
0.000151969
0.000242879
0.000332779
0.000914601
0.00090932
0.000872207
0.000775933
0.000610973
0.000408946
0.000231542
0.000107081
3.99963e-05
3.22894e-05
7.58007e-05
0.000151969
0.000242879
0.000332779
0.000914601
0.00090932
0.000872207
0.000775933
0.000610973
0.000408946
0.000231542
0.000107081
3.99963e-05
3.22894e-05
7.58007e-05
0.000151969
0.000242879
0.000332779
0.000914601
0.00090932
0.000872207
0.000775933
0.000610973
0.000408946
0.000231542
0.000107081
3.99963e-05
3.22894e-05
7.58007e-05
0.000151969
0.000242879
0.000332779
0.000914601
0.00090932
0.000872207
0.000775933
0.000610973
0.000408946
0.000231542
0.000107081
3.99963e-05
3.22894e-05
7.58007e-05
0.000151969
0.000242879
0.000332779
0.000914601
0.00090932
0.000872207
0.000775933
0.000610973
0.000408946
0.000231542
0.000107081
3.99963e-05
3.22894e-05
7.58007e-05
0.000151969
0.000242879
0.000332779
0.000914601
0.00090932
0.000872207
0.000775933
0.000610973
0.000408946
0.000231542
0.000107081
3.99963e-05
3.22894e-05
7.58007e-05
0.000151969
0.000242879
0.000332779
0.000914601
0.00090932
0.000872207
0.000775933
0.000610973
0.000408946
0.000231542
0.000107081
3.99963e-05
3.22894e-05
7.58007e-05
0.000151969
0.000242879
0.000332779
0.000914601
0.00090932
0.000872207
0.000775933
0.000610973
0.000408946
0.000231542
0.000107081
3.99963e-05
3.22894e-05
7.58007e-05
0.000151969
0.000242879
0.000332779
0.000914601
0.00090932
0.000872207
0.000775933
0.000610973
0.000408946
0.000231542
0.000107081
3.99963e-05
3.22894e-05
7.58007e-05
0.000151969
0.000242879
0.000332779
0.000914601
0.00090932
0.000872207
0.000775933
0.000610973
0.000408946
0.000231542
0.000107081
3.99963e-05
3.22894e-05
7.58007e-05
0.000151969
0.000242879
0.000332779
0.000914601
0.00090932
0.000872207
0.000775933
0.000610973
0.000408946
0.000231542
0.000107081
3.99963e-05
3.22894e-05
7.58007e-05
0.000151969
0.000242879
0.000332779
0.000914601
0.00090932
0.000872207
0.000775933
0.000610973
0.000408946
0.000231542
0.000107081
3.99963e-05
3.22894e-05
7.58007e-05
0.000151969
0.000242879
0.000332779
0.000914601
0.00090932
0.000872207
0.000775933
0.000610973
0.000408946
0.000231542
0.000107081
3.99963e-05
3.22894e-05
7.58007e-05
0.000151969
0.000242879
0.000332779
0.000914601
0.00090932
0.000872207
0.000775933
0.000610973
0.000408946
0.000231542
0.000107081
3.99963e-05
3.22894e-05
7.58007e-05
0.000151969
0.000242879
0.000332779
0.000914601
0.00090932
0.000872207
0.000775933
0.000610973
0.000408946
0.000231542
0.000107081
3.99963e-05
3.22894e-05
7.58007e-05
0.000151969
0.000242879
0.000332779
0.000914601
0.00090932
0.000872207
0.000775933
0.000610973
0.000408946
0.000231542
0.000107081
3.99963e-05
3.22894e-05
7.58007e-05
0.000151969
0.000242879
0.000332779
0.000914601
0.00090932
0.000872207
0.000775933
0.000610973
0.000408946
0.000231542
0.000107081
3.99963e-05
3.22894e-05
7.58007e-05
0.000151969
0.000242879
0.000332779
0.000914601
0.00090932
0.000872207
0.000775933
0.000610973
0.000408946
0.000231542
0.000107081
3.99963e-05
3.22894e-05
7.58007e-05
0.000151969
0.000242879
0.000332779
0.000914601
0.00090932
0.000872207
0.000775933
0.000610973
0.000408946
0.000231542
0.000107081
3.99963e-05
3.22894e-05
7.58007e-05
0.000151969
0.000242879
0.000332779
0.000914601
0.00090932
0.000872207
0.000775933
0.000610973
0.000408946
0.000231542
0.000107081
3.99963e-05
3.22894e-05
7.58007e-05
0.000151969
0.000242879
0.000332779
0.000914601
0.00090932
0.000872207
0.000775933
0.000610973
0.000408946
0.000231542
0.000107081
3.99963e-05
3.22894e-05
7.58007e-05
0.000151969
0.000242879
0.000332779
0.000914601
0.00090932
0.000872207
0.000775933
0.000610973
0.000408946
0.000231542
0.000107081
3.99963e-05
3.22894e-05
7.58007e-05
0.000151969
0.000242879
0.000332779
0.000914601
0.00090932
0.000872207
0.000775933
0.000610973
0.000408946
0.000231542
0.000107081
3.99963e-05
3.22894e-05
7.58007e-05
0.000151969
0.000242879
0.000332779
0.000914601
0.00090932
0.000872207
0.000775933
0.000610973
0.000408946
0.000231542
0.000107081
3.99963e-05
3.22894e-05
7.58007e-05
0.000151969
0.000242879
0.000332779
0.000914601
0.00090932
0.000872207
0.000775933
0.000610973
0.000408946
0.000231542
0.000107081
3.99963e-05
3.22894e-05
7.58007e-05
0.000151969
0.000242879
0.000332779
0.000914601
0.00090932
0.000872207
0.000775933
0.000610973
0.000408946
0.000231542
0.000107081
3.99963e-05
3.22894e-05
7.58007e-05
0.000151969
0.000242879
0.000332779
0.000914601
0.00090932
0.000872207
0.000775933
0.000610973
0.000408946
0.000231542
0.000107081
3.99963e-05
3.22894e-05
7.58007e-05
0.000151969
0.000242879
0.000332779
0.000914601
0.00090932
0.000872207
0.000775933
0.000610973
0.000408946
0.000231542
0.000107081
3.99963e-05
3.22894e-05
7.58007e-05
0.000151969
0.000242879
0.000332779
0.000914601
0.00090932
0.000872207
0.000775933
0.000610973
0.000408946
0.000231542
0.000107081
3.99963e-05
3.22894e-05
7.58007e-05
0.000151969
0.000242879
0.000332779
0.000914601
0.00090932
0.000872207
0.000775933
0.000610973
0.000408946
0.000231542
0.000107081
3.99963e-05
3.22894e-05
7.58007e-05
0.000151969
0.000242879
0.000332779
0.000914601
0.00090932
0.000872207
0.000775933
0.000610973
0.000408946
0.000231542
0.000107081
3.99963e-05
3.22894e-05
7.58007e-05
0.000151969
0.000242879
0.000332779
0.000914601
0.00090932
0.000872207
0.000775933
0.000610973
0.000408946
0.000231542
0.000107081
3.99963e-05
3.22894e-05
7.58007e-05
0.000151969
0.000242879
0.000332779
0.000914601
0.00090932
0.000872207
0.000775933
0.000610973
0.000408946
0.000231542
0.000107081
3.99963e-05
3.22894e-05
7.58007e-05
0.000151969
0.000242879
0.000332779
0.000914601
0.00090932
0.000872207
0.000775933
0.000610973
0.000408946
0.000231542
0.000107081
3.99963e-05
3.22894e-05
7.58007e-05
0.000151969
0.000242879
0.000332779
0.000914601
0.00090932
0.000872207
0.000775933
0.000610973
0.000408946
0.000231542
0.000107081
3.99963e-05
3.22894e-05
7.58007e-05
0.000151969
0.000242879
0.000332779
0.000914601
0.00090932
0.000872207
0.000775933
0.000610973
0.000408946
0.000231542
0.000107081
3.99963e-05
3.22894e-05
7.58007e-05
0.000151969
0.000242879
0.000332779
0.000914601
0.00090932
0.000872207
0.000775933
0.000610973
0.000408946
0.000231542
0.000107081
3.99963e-05
3.22894e-05
7.58007e-05
0.000151969
0.000242879
0.000332779
0.000914601
0.00090932
0.000872207
0.000775933
0.000610973
0.000408946
0.000231542
0.000107081
3.99963e-05
3.22894e-05
7.58007e-05
0.000151969
0.000242879
0.000332779
0.000914601
0.00090932
0.000872207
0.000775933
0.000610973
0.000408946
0.000231542
0.000107081
3.99963e-05
3.22894e-05
7.58007e-05
0.000151969
0.000242879
0.000332779
0.000914601
0.00090932
0.000872207
0.000775933
0.000610973
0.000408946
0.000231542
0.000107081
3.99963e-05
3.22894e-05
7.58007e-05
0.000151969
0.000242879
0.000332779
0.000914601
0.00090932
0.000872207
0.000775933
0.000610973
0.000408946
0.000231542
0.000107081
3.99963e-05
3.22894e-05
7.58007e-05
0.000151969
0.000242879
0.000332779
0.000914601
0.00090932
0.000872207
0.000775933
0.000610973
0.000408946
0.000231542
0.000107081
3.99963e-05
3.22894e-05
7.58007e-05
0.000151969
0.000242879
0.000332779
0.000914601
0.00090932
0.000872207
0.000775933
0.000610973
0.000408946
0.000231542
0.000107081
3.99963e-05
3.22894e-05
7.58007e-05
0.000151969
0.000242879
0.000332779
0.000914601
0.00090932
0.000872207
0.000775933
0.000610973
0.000408946
0.000231542
0.000107081
3.99963e-05
3.22894e-05
7.58007e-05
0.000151969
0.000242879
0.000332779
0.000914601
0.00090932
0.000872207
0.000775933
0.000610973
0.000408946
0.000231542
0.000107081
3.99963e-05
3.22894e-05
7.58007e-05
0.000151969
0.000242879
0.000332779
0.000914601
0.00090932
0.000872207
0.000775933
0.000610973
0.000408946
0.000231542
0.000107081
3.99963e-05
3.22894e-05
7.58007e-05
0.000151969
0.000242879
0.000332779
0.000914601
0.00090932
0.000872207
0.000775933
0.000610973
0.000408946
0.000231542
0.000107081
3.99963e-05
3.22894e-05
7.58007e-05
0.000151969
0.000242879
0.000332779
0.000914601
0.00090932
0.000872207
0.000775933
0.000610973
0.000408946
0.000231542
0.000107081
3.99963e-05
3.22894e-05
7.58007e-05
0.000151969
0.000242879
0.000332779
0.000914601
0.00090932
0.000872207
0.000775933
0.000610973
0.000408946
0.000231542
0.000107081
3.99963e-05
3.22894e-05
7.58007e-05
0.000151969
0.000242879
0.000332779
0.000914601
0.00090932
0.000872207
0.000775933
0.000610973
0.000408946
0.000231542
0.000107081
3.99963e-05
3.22894e-05
7.58007e-05
0.000151969
0.000242879
0.000332779
0.000914601
0.00090932
0.000872207
0.000775933
0.000610973
0.000408946
0.000231542
0.000107081
3.99963e-05
3.22894e-05
7.58007e-05
0.000151969
0.000242879
0.000332779
0.000914601
0.00090932
0.000872207
0.000775933
0.000610973
0.000408946
0.000231542
0.000107081
3.99963e-05
3.22894e-05
7.58007e-05
0.000151969
0.000242879
0.000332779
0.000914601
0.00090932
0.000872207
0.000775933
0.000610973
0.000408946
0.000231542
0.000107081
3.99963e-05
3.22894e-05
7.58007e-05
0.000151969
0.000242879
0.000332779
0.000914601
0.00090932
0.000872207
0.000775933
0.000610973
0.000408946
0.000231542
0.000107081
3.99963e-05
3.22894e-05
7.58007e-05
0.000151969
0.000242879
0.000332779
0.000914601
0.00090932
0.000872207
0.000775933
0.000610973
0.000408946
0.000231542
0.000107081
3.99963e-05
3.22894e-05
7.58007e-05
0.000151969
0.000242879
0.000332779
0.000914601
0.00090932
0.000872207
0.000775933
0.000610973
0.000408946
0.000231542
0.000107081
3.99963e-05
3.22894e-05
7.58007e-05
0.000151969
0.000242879
0.000332779
0.000914601
0.00090932
0.000872207
0.000775933
0.000610973
0.000408946
0.000231542
0.000107081
3.99963e-05
3.22894e-05
7.58007e-05
0.000151969
0.000242879
0.000332779
0.000914601
0.00090932
0.000872207
0.000775933
0.000610973
0.000408946
0.000231542
0.000107081
3.99963e-05
3.22894e-05
7.58007e-05
0.000151969
0.000242879
0.000332779
0.000914601
0.00090932
0.000872207
0.000775933
0.000610973
0.000408946
0.000231542
0.000107081
3.99963e-05
3.22894e-05
7.58007e-05
0.000151969
0.000242879
0.000332779
0.000914601
0.00090932
0.000872207
0.000775933
0.000610973
0.000408946
0.000231542
0.000107081
3.99963e-05
3.22894e-05
7.58007e-05
0.000151969
0.000242879
0.000332779
0.000914601
0.00090932
0.000872207
0.000775933
0.000610973
0.000408946
0.000231542
0.000107081
3.99963e-05
3.22894e-05
7.58007e-05
0.000151969
0.000242879
0.000332779
0.000914601
0.00090932
0.000872207
0.000775933
0.000610973
0.000408946
0.000231542
0.000107081
3.99963e-05
3.22894e-05
7.58007e-05
0.000151969
0.000242879
0.000332779
0.000609734
0.000606213
0.000581469
0.000517285
0.000407316
0.000272642
0.000154385
7.1421e-05
2.66979e-05
2.15433e-05
5.05161e-05
0.000101249
0.00016181
0.000221713
0.000609734
0.000588514
0.000403196
0.000150369
0.00117337
0.00249661
0.00364189
0.00400446
0.00307377
0.000721219
0.00191363
0.00305573
0.00161445
0.00314296
0.000609734
0.000584022
0.000434274
0.000114722
0.000337441
0.000820852
0.00122008
0.00141906
0.0012994
0.000810515
8.45827e-05
0.000506186
0.000511719
0.000373017
0.000609734
0.000593723
0.000501882
0.000309603
4.26109e-05
0.000235179
0.000457674
0.000583323
0.000576584
0.00041877
0.000148723
0.000112124
0.000194737
3.56972e-05
0.000609734
0.000599763
0.000540836
0.000412775
0.000226919
2.62204e-05
0.000137498
0.000238375
0.000261797
0.000199752
7.05173e-05
7.05809e-05
0.000146287
9.08354e-05
0.000609734
0.00060295
0.000561006
0.000464956
0.000317621
0.000151104
1.15333e-05
7.96066e-05
0.000114515
8.90076e-05
1.42617e-05
7.81949e-05
0.000146708
0.000154902
0.000609734
0.000604574
0.000571208
0.000491112
0.000362597
0.00021227
8.3683e-05
3.18415e-06
4.31818e-05
3.36712e-05
1.71799e-05
8.79424e-05
0.000152512
0.000187893
0.000609734
0.000605391
0.000576332
0.000504198
0.000384989
0.000242553
0.000119209
3.43386e-05
8.06412e-06
6.04466e-06
3.36249e-05
9.41689e-05
0.000156736
0.000204692
0.000609734
0.000605802
0.000578899
0.000510742
0.000396161
0.000257621
0.00013684
5.2934e-05
9.36088e-06
7.7546e-06
4.20164e-05
9.76045e-05
0.000159168
0.000213174
0.000609734
0.000606007
0.000580183
0.000514013
0.00040174
0.000265137
0.000145624
6.2191e-05
1.80403e-05
1.46503e-05
4.62529e-05
9.9401e-05
0.000160463
0.000217436
0.000609734
0.00060611
0.000580826
0.000515649
0.000404529
0.000268891
0.000150007
6.68093e-05
2.23719e-05
1.80972e-05
4.83812e-05
0.000100319
0.00016113
0.000219573
0.000609734
0.000606161
0.000581147
0.000516467
0.000405923
0.000270767
0.000152197
6.9116e-05
2.45356e-05
1.98203e-05
4.94478e-05
0.000100782
0.000161469
0.000220643
0.000609734
0.000606187
0.000581308
0.000516876
0.000406619
0.000271704
0.000153291
7.02687e-05
2.56169e-05
2.06818e-05
4.99818e-05
0.000101015
0.000161639
0.000221178
0.000609734
0.0006062
0.000581389
0.000517081
0.000406968
0.000272173
0.000153838
7.08449e-05
2.61575e-05
2.11126e-05
5.02489e-05
0.000101132
0.000161725
0.000221446
0.000609734
0.000606206
0.000581429
0.000517183
0.000407142
0.000272407
0.000154112
7.1133e-05
2.64277e-05
2.13279e-05
5.03825e-05
0.000101191
0.000161767
0.000221579
0.000609734
0.00060621
0.000581449
0.000517234
0.000407229
0.000272524
0.000154249
7.1277e-05
2.65628e-05
2.14356e-05
5.04493e-05
0.00010122
0.000161789
0.000221646
0.000609734
0.000606211
0.000581459
0.00051726
0.000407273
0.000272583
0.000154317
7.1349e-05
2.66304e-05
2.14894e-05
5.04827e-05
0.000101235
0.0001618
0.00022168
0.000609734
0.000606212
0.000581464
0.000517272
0.000407294
0.000272612
0.000154351
7.1385e-05
2.66642e-05
2.15164e-05
5.04994e-05
0.000101242
0.000161805
0.000221697
0.000609734
0.000606213
0.000581466
0.000517279
0.000407305
0.000272627
0.000154368
7.1403e-05
2.66811e-05
2.15298e-05
5.05078e-05
0.000101246
0.000161808
0.000221705
0.000609734
0.000606213
0.000581468
0.000517282
0.000407311
0.000272634
0.000154377
7.1412e-05
2.66895e-05
2.15366e-05
5.05119e-05
0.000101247
0.000161809
0.000221709
0.000609734
0.000606213
0.000581468
0.000517284
0.000407313
0.000272638
0.000154381
7.14165e-05
2.66937e-05
2.15399e-05
5.0514e-05
0.000101248
0.00016181
0.000221711
0.000609734
0.000606213
0.000581469
0.000517284
0.000407315
0.00027264
0.000154383
7.14188e-05
2.66958e-05
2.15416e-05
5.05151e-05
0.000101249
0.00016181
0.000221712
0.000609734
0.000606213
0.000581469
0.000517285
0.000407315
0.000272641
0.000154384
7.14199e-05
2.66969e-05
2.15424e-05
5.05156e-05
0.000101249
0.00016181
0.000221713
0.000609734
0.000606213
0.000581469
0.000517285
0.000407316
0.000272641
0.000154385
7.14205e-05
2.66974e-05
2.15429e-05
5.05159e-05
0.000101249
0.00016181
0.000221713
0.000609734
0.000606213
0.000581469
0.000517285
0.000407316
0.000272641
0.000154385
7.14208e-05
2.66977e-05
2.15431e-05
5.0516e-05
0.000101249
0.00016181
0.000221713
0.000609734
0.000606213
0.000581469
0.000517285
0.000407316
0.000272642
0.000154385
7.14209e-05
2.66978e-05
2.15432e-05
5.0516e-05
0.000101249
0.00016181
0.000221713
0.000609734
0.000606213
0.000581469
0.000517285
0.000407316
0.000272642
0.000154385
7.1421e-05
2.66979e-05
2.15432e-05
5.05161e-05
0.000101249
0.00016181
0.000221713
0.000609734
0.000606213
0.000581469
0.000517285
0.000407316
0.000272642
0.000154385
7.1421e-05
2.66979e-05
2.15433e-05
5.05161e-05
0.000101249
0.00016181
0.000221713
0.000609734
0.000606213
0.000581469
0.000517285
0.000407316
0.000272642
0.000154385
7.1421e-05
2.66979e-05
2.15433e-05
5.05161e-05
0.000101249
0.00016181
0.000221713
0.000609734
0.000606213
0.000581469
0.000517285
0.000407316
0.000272642
0.000154385
7.1421e-05
2.66979e-05
2.15433e-05
5.05161e-05
0.000101249
0.00016181
0.000221713
0.000609734
0.000606213
0.000581469
0.000517285
0.000407316
0.000272642
0.000154385
7.1421e-05
2.66979e-05
2.15433e-05
5.05161e-05
0.000101249
0.00016181
0.000221713
0.000609734
0.000606213
0.000581469
0.000517285
0.000407316
0.000272642
0.000154385
7.1421e-05
2.66979e-05
2.15433e-05
5.05161e-05
0.000101249
0.00016181
0.000221713
0.000609734
0.000606213
0.000581469
0.000517285
0.000407316
0.000272642
0.000154385
7.1421e-05
2.66979e-05
2.15433e-05
5.05161e-05
0.000101249
0.00016181
0.000221713
0.000609734
0.000606213
0.000581469
0.000517285
0.000407316
0.000272642
0.000154385
7.1421e-05
2.66979e-05
2.15433e-05
5.05161e-05
0.000101249
0.00016181
0.000221713
0.000609734
0.000606213
0.000581469
0.000517285
0.000407316
0.000272642
0.000154385
7.1421e-05
2.66979e-05
2.15433e-05
5.05161e-05
0.000101249
0.00016181
0.000221713
0.000609734
0.000606213
0.000581469
0.000517285
0.000407316
0.000272642
0.000154385
7.1421e-05
2.66979e-05
2.15433e-05
5.05161e-05
0.000101249
0.00016181
0.000221713
0.000609734
0.000606213
0.000581469
0.000517285
0.000407316
0.000272642
0.000154385
7.1421e-05
2.66979e-05
2.15433e-05
5.05161e-05
0.000101249
0.00016181
0.000221713
0.000609734
0.000606213
0.000581469
0.000517285
0.000407316
0.000272642
0.000154385
7.1421e-05
2.66979e-05
2.15433e-05
5.05161e-05
0.000101249
0.00016181
0.000221713
0.000609734
0.000606213
0.000581469
0.000517285
0.000407316
0.000272642
0.000154385
7.1421e-05
2.66979e-05
2.15433e-05
5.05161e-05
0.000101249
0.00016181
0.000221713
0.000609734
0.000606213
0.000581469
0.000517285
0.000407316
0.000272642
0.000154385
7.1421e-05
2.66979e-05
2.15433e-05
5.05161e-05
0.000101249
0.00016181
0.000221713
0.000609734
0.000606213
0.000581469
0.000517285
0.000407316
0.000272642
0.000154385
7.1421e-05
2.66979e-05
2.15433e-05
5.05161e-05
0.000101249
0.00016181
0.000221713
0.000609734
0.000606213
0.000581469
0.000517285
0.000407316
0.000272642
0.000154385
7.1421e-05
2.66979e-05
2.15433e-05
5.05161e-05
0.000101249
0.00016181
0.000221713
0.000609734
0.000606213
0.000581469
0.000517285
0.000407316
0.000272642
0.000154385
7.1421e-05
2.66979e-05
2.15433e-05
5.05161e-05
0.000101249
0.00016181
0.000221713
0.000609734
0.000606213
0.000581469
0.000517285
0.000407316
0.000272642
0.000154385
7.1421e-05
2.66979e-05
2.15433e-05
5.05161e-05
0.000101249
0.00016181
0.000221713
0.000609734
0.000606213
0.000581469
0.000517285
0.000407316
0.000272642
0.000154385
7.1421e-05
2.66979e-05
2.15433e-05
5.05161e-05
0.000101249
0.00016181
0.000221713
0.000609734
0.000606213
0.000581469
0.000517285
0.000407316
0.000272642
0.000154385
7.1421e-05
2.66979e-05
2.15433e-05
5.05161e-05
0.000101249
0.00016181
0.000221713
0.000609734
0.000606213
0.000581469
0.000517285
0.000407316
0.000272642
0.000154385
7.1421e-05
2.66979e-05
2.15433e-05
5.05161e-05
0.000101249
0.00016181
0.000221713
0.000609734
0.000606213
0.000581469
0.000517285
0.000407316
0.000272642
0.000154385
7.1421e-05
2.66979e-05
2.15433e-05
5.05161e-05
0.000101249
0.00016181
0.000221713
0.000609734
0.000606213
0.000581469
0.000517285
0.000407316
0.000272642
0.000154385
7.1421e-05
2.66979e-05
2.15433e-05
5.05161e-05
0.000101249
0.00016181
0.000221713
0.000609734
0.000606213
0.000581469
0.000517285
0.000407316
0.000272642
0.000154385
7.1421e-05
2.66979e-05
2.15433e-05
5.05161e-05
0.000101249
0.00016181
0.000221713
0.000609734
0.000606213
0.000581469
0.000517285
0.000407316
0.000272642
0.000154385
7.1421e-05
2.66979e-05
2.15433e-05
5.05161e-05
0.000101249
0.00016181
0.000221713
0.000609734
0.000606213
0.000581469
0.000517285
0.000407316
0.000272642
0.000154385
7.1421e-05
2.66979e-05
2.15433e-05
5.05161e-05
0.000101249
0.00016181
0.000221713
0.000609734
0.000606213
0.000581469
0.000517285
0.000407316
0.000272642
0.000154385
7.1421e-05
2.66979e-05
2.15433e-05
5.05161e-05
0.000101249
0.00016181
0.000221713
0.000609734
0.000606213
0.000581469
0.000517285
0.000407316
0.000272642
0.000154385
7.1421e-05
2.66979e-05
2.15433e-05
5.05161e-05
0.000101249
0.00016181
0.000221713
0.000609734
0.000606213
0.000581469
0.000517285
0.000407316
0.000272642
0.000154385
7.1421e-05
2.66979e-05
2.15433e-05
5.05161e-05
0.000101249
0.00016181
0.000221713
0.000609734
0.000606213
0.000581469
0.000517285
0.000407316
0.000272642
0.000154385
7.1421e-05
2.66979e-05
2.15433e-05
5.05161e-05
0.000101249
0.00016181
0.000221713
0.000609734
0.000606213
0.000581469
0.000517285
0.000407316
0.000272642
0.000154385
7.1421e-05
2.66979e-05
2.15433e-05
5.05161e-05
0.000101249
0.00016181
0.000221713
0.000609734
0.000606213
0.000581469
0.000517285
0.000407316
0.000272642
0.000154385
7.1421e-05
2.66979e-05
2.15433e-05
5.05161e-05
0.000101249
0.00016181
0.000221713
0.000609734
0.000606213
0.000581469
0.000517285
0.000407316
0.000272642
0.000154385
7.1421e-05
2.66979e-05
2.15433e-05
5.05161e-05
0.000101249
0.00016181
0.000221713
0.000609734
0.000606213
0.000581469
0.000517285
0.000407316
0.000272642
0.000154385
7.1421e-05
2.66979e-05
2.15433e-05
5.05161e-05
0.000101249
0.00016181
0.000221713
0.000609734
0.000606213
0.000581469
0.000517285
0.000407316
0.000272642
0.000154385
7.1421e-05
2.66979e-05
2.15433e-05
5.05161e-05
0.000101249
0.00016181
0.000221713
0.000609734
0.000606213
0.000581469
0.000517285
0.000407316
0.000272642
0.000154385
7.1421e-05
2.66979e-05
2.15433e-05
5.05161e-05
0.000101249
0.00016181
0.000221713
0.000609734
0.000606213
0.000581469
0.000517285
0.000407316
0.000272642
0.000154385
7.1421e-05
2.66979e-05
2.15433e-05
5.05161e-05
0.000101249
0.00016181
0.000221713
0.000609734
0.000606213
0.000581469
0.000517285
0.000407316
0.000272642
0.000154385
7.1421e-05
2.66979e-05
2.15433e-05
5.05161e-05
0.000101249
0.00016181
0.000221713
0.000609734
0.000606213
0.000581469
0.000517285
0.000407316
0.000272642
0.000154385
7.1421e-05
2.66979e-05
2.15433e-05
5.05161e-05
0.000101249
0.00016181
0.000221713
0.000609734
0.000606213
0.000581469
0.000517285
0.000407316
0.000272642
0.000154385
7.1421e-05
2.66979e-05
2.15433e-05
5.05161e-05
0.000101249
0.00016181
0.000221713
0.000609734
0.000606213
0.000581469
0.000517285
0.000407316
0.000272642
0.000154385
7.1421e-05
2.66979e-05
2.15433e-05
5.05161e-05
0.000101249
0.00016181
0.000221713
0.000609734
0.000606213
0.000581469
0.000517285
0.000407316
0.000272642
0.000154385
7.1421e-05
2.66979e-05
2.15433e-05
5.05161e-05
0.000101249
0.00016181
0.000221713
0.000609734
0.000606213
0.000581469
0.000517285
0.000407316
0.000272642
0.000154385
7.1421e-05
2.66979e-05
2.15433e-05
5.05161e-05
0.000101249
0.00016181
0.000221713
0.000609734
0.000606213
0.000581469
0.000517285
0.000407316
0.000272642
0.000154385
7.1421e-05
2.66979e-05
2.15433e-05
5.05161e-05
0.000101249
0.00016181
0.000221713
0.000609734
0.000606213
0.000581469
0.000517285
0.000407316
0.000272642
0.000154385
7.1421e-05
2.66979e-05
2.15433e-05
5.05161e-05
0.000101249
0.00016181
0.000221713
0.000609734
0.000606213
0.000581469
0.000517285
0.000407316
0.000272642
0.000154385
7.1421e-05
2.66979e-05
2.15433e-05
5.05161e-05
0.000101249
0.00016181
0.000221713
0.000609734
0.000606213
0.000581469
0.000517285
0.000407316
0.000272642
0.000154385
7.1421e-05
2.66979e-05
2.15433e-05
5.05161e-05
0.000101249
0.00016181
0.000221713
0.000609734
0.000606213
0.000581469
0.000517285
0.000407316
0.000272642
0.000154385
7.1421e-05
2.66979e-05
2.15433e-05
5.05161e-05
0.000101249
0.00016181
0.000221713
0.000609734
0.000606213
0.000581469
0.000517285
0.000407316
0.000272642
0.000154385
7.1421e-05
2.66979e-05
2.15433e-05
5.05161e-05
0.000101249
0.00016181
0.000221713
0.000609734
0.000606213
0.000581469
0.000517285
0.000407316
0.000272642
0.000154385
7.1421e-05
2.66979e-05
2.15433e-05
5.05161e-05
0.000101249
0.00016181
0.000221713
0.000609734
0.000606213
0.000581469
0.000517285
0.000407316
0.000272642
0.000154385
7.1421e-05
2.66979e-05
2.15433e-05
5.05161e-05
0.000101249
0.00016181
0.000221713
0.000609734
0.000606213
0.000581469
0.000517285
0.000407316
0.000272642
0.000154385
7.1421e-05
2.66979e-05
2.15433e-05
5.05161e-05
0.000101249
0.00016181
0.000221713
0.000609734
0.000606213
0.000581469
0.000517285
0.000407316
0.000272642
0.000154385
7.1421e-05
2.66979e-05
2.15433e-05
5.05161e-05
0.000101249
0.00016181
0.000221713
0.000609734
0.000606213
0.000581469
0.000517285
0.000407316
0.000272642
0.000154385
7.1421e-05
2.66979e-05
2.15433e-05
5.05161e-05
0.000101249
0.00016181
0.000221713
0.000609734
0.000606213
0.000581469
0.000517285
0.000407316
0.000272642
0.000154385
7.1421e-05
2.66979e-05
2.15433e-05
5.05161e-05
0.000101249
0.00016181
0.000221713
0.000609734
0.000606213
0.000581469
0.000517285
0.000407316
0.000272642
0.000154385
7.1421e-05
2.66979e-05
2.15433e-05
5.05161e-05
0.000101249
0.00016181
0.000221713
0.000609734
0.000606213
0.000581469
0.000517285
0.000407316
0.000272642
0.000154385
7.1421e-05
2.66979e-05
2.15433e-05
5.05161e-05
0.000101249
0.00016181
0.000221713
0.000609734
0.000606213
0.000581469
0.000517285
0.000407316
0.000272642
0.000154385
7.1421e-05
2.66979e-05
2.15433e-05
5.05161e-05
0.000101249
0.00016181
0.000221713
0.000609734
0.000606213
0.000581469
0.000517285
0.000407316
0.000272642
0.000154385
7.1421e-05
2.66979e-05
2.15433e-05
5.05161e-05
0.000101249
0.00016181
0.000221713
0.000609734
0.000606213
0.000581469
0.000517285
0.000407316
0.000272642
0.000154385
7.1421e-05
2.66979e-05
2.15433e-05
5.05161e-05
0.000101249
0.00016181
0.000221713
0.000609734
0.000606213
0.000581469
0.000517285
0.000407316
0.000272642
0.000154385
7.1421e-05
2.66979e-05
2.15433e-05
5.05161e-05
0.000101249
0.00016181
0.000221713
0.000609734
0.000606213
0.000581469
0.000517285
0.000407316
0.000272642
0.000154385
7.1421e-05
2.66979e-05
2.15433e-05
5.05161e-05
0.000101249
0.00016181
0.000221713
0.000609734
0.000606213
0.000581469
0.000517285
0.000407316
0.000272642
0.000154385
7.1421e-05
2.66979e-05
2.15433e-05
5.05161e-05
0.000101249
0.00016181
0.000221713
0.000609734
0.000606213
0.000581469
0.000517285
0.000407316
0.000272642
0.000154385
7.1421e-05
2.66979e-05
2.15433e-05
5.05161e-05
0.000101249
0.00016181
0.000221713
0.000609734
0.000606213
0.000581469
0.000517285
0.000407316
0.000272642
0.000154385
7.1421e-05
2.66979e-05
2.15433e-05
5.05161e-05
0.000101249
0.00016181
0.000221713
0.000609734
0.000606213
0.000581469
0.000517285
0.000407316
0.000272642
0.000154385
7.1421e-05
2.66979e-05
2.15433e-05
5.05161e-05
0.000101249
0.00016181
0.000221713
0.000609734
0.000606213
0.000581469
0.000517285
0.000407316
0.000272642
0.000154385
7.1421e-05
2.66979e-05
2.15433e-05
5.05161e-05
0.000101249
0.00016181
0.000221713
0.000609734
0.000606213
0.000581469
0.000517285
0.000407316
0.000272642
0.000154385
7.1421e-05
2.66979e-05
2.15433e-05
5.05161e-05
0.000101249
0.00016181
0.000221713
0.000609734
0.000606213
0.000581469
0.000517285
0.000407316
0.000272642
0.000154385
7.1421e-05
2.66979e-05
2.15433e-05
5.05161e-05
0.000101249
0.00016181
0.000221713
0.000609734
0.000606213
0.000581469
0.000517285
0.000407316
0.000272642
0.000154385
7.1421e-05
2.66979e-05
2.15433e-05
5.05161e-05
0.000101249
0.00016181
0.000221713
0.000609734
0.000606213
0.000581469
0.000517285
0.000407316
0.000272642
0.000154385
7.1421e-05
2.66979e-05
2.15433e-05
5.05161e-05
0.000101249
0.00016181
0.000221713
0.000609734
0.000606213
0.000581469
0.000517285
0.000407316
0.000272642
0.000154385
7.1421e-05
2.66979e-05
2.15433e-05
5.05161e-05
0.000101249
0.00016181
0.000221713
0.000609734
0.000606213
0.000581469
0.000517285
0.000407316
0.000272642
0.000154385
7.1421e-05
2.66979e-05
2.15433e-05
5.05161e-05
0.000101249
0.00016181
0.000221713
0.000609734
0.000606213
0.000581469
0.000517285
0.000407316
0.000272642
0.000154385
7.1421e-05
2.66979e-05
2.15433e-05
5.05161e-05
0.000101249
0.00016181
0.000221713
0.000609734
0.000606213
0.000581469
0.000517285
0.000407316
0.000272642
0.000154385
7.1421e-05
2.66979e-05
2.15433e-05
5.05161e-05
0.000101249
0.00016181
0.000221713
0.000609734
0.000606213
0.000581469
0.000517285
0.000407316
0.000272642
0.000154385
7.1421e-05
2.66979e-05
2.15433e-05
5.05161e-05
0.000101249
0.00016181
0.000221713
0.000609734
0.000606213
0.000581469
0.000517285
0.000407316
0.000272642
0.000154385
7.1421e-05
2.66979e-05
2.15433e-05
5.05161e-05
0.000101249
0.00016181
0.000221713
0.000609734
0.000606213
0.000581469
0.000517285
0.000407316
0.000272642
0.000154385
7.1421e-05
2.66979e-05
2.15433e-05
5.05161e-05
0.000101249
0.00016181
0.000221713
0.000609734
0.000606213
0.000581469
0.000517285
0.000407316
0.000272642
0.000154385
7.1421e-05
2.66979e-05
2.15433e-05
5.05161e-05
0.000101249
0.00016181
0.000221713
0.000609734
0.000606213
0.000581469
0.000517285
0.000407316
0.000272642
0.000154385
7.1421e-05
2.66979e-05
2.15433e-05
5.05161e-05
0.000101249
0.00016181
0.000221713
0.000609734
0.000606213
0.000581469
0.000517285
0.000407316
0.000272642
0.000154385
7.1421e-05
2.66979e-05
2.15433e-05
5.05161e-05
0.000101249
0.00016181
0.000221713
0.000609734
0.000606213
0.000581469
0.000517285
0.000407316
0.000272642
0.000154385
7.1421e-05
2.66979e-05
2.15433e-05
5.05161e-05
0.000101249
0.00016181
0.000221713
0.000609734
0.000606213
0.000581469
0.000517285
0.000407316
0.000272642
0.000154385
7.1421e-05
2.66979e-05
2.15433e-05
5.05161e-05
0.000101249
0.00016181
0.000221713
0.000609734
0.000606213
0.000581469
0.000517285
0.000407316
0.000272642
0.000154385
7.1421e-05
2.66979e-05
2.15433e-05
5.05161e-05
0.000101249
0.00016181
0.000221713
0.000609734
0.000606213
0.000581469
0.000517285
0.000407316
0.000272642
0.000154385
7.1421e-05
2.66979e-05
2.15433e-05
5.05161e-05
0.000101249
0.00016181
0.000221713
0.000609734
0.000606213
0.000581469
0.000517285
0.000407316
0.000272642
0.000154385
7.1421e-05
2.66979e-05
2.15433e-05
5.05161e-05
0.000101249
0.00016181
0.000221713
0.000609734
0.000606213
0.000581469
0.000517285
0.000407316
0.000272642
0.000154385
7.1421e-05
2.66979e-05
2.15433e-05
5.05161e-05
0.000101249
0.00016181
0.000221713
0.000609734
0.000606213
0.000581469
0.000517285
0.000407316
0.000272642
0.000154385
7.1421e-05
2.66979e-05
2.15433e-05
5.05161e-05
0.000101249
0.00016181
0.000221713
0.000609734
0.000606213
0.000581469
0.000517285
0.000407316
0.000272642
0.000154385
7.1421e-05
2.66979e-05
2.15433e-05
5.05161e-05
0.000101249
0.00016181
0.000221713
0.000609734
0.000606213
0.000581469
0.000517285
0.000407316
0.000272642
0.000154385
7.1421e-05
2.66979e-05
2.15433e-05
5.05161e-05
0.000101249
0.00016181
0.000221713
0.000609734
0.000606213
0.000581469
0.000517285
0.000407316
0.000272642
0.000154385
7.1421e-05
2.66979e-05
2.15433e-05
5.05161e-05
0.000101249
0.00016181
0.000221713
0.000609734
0.000606213
0.000581469
0.000517285
0.000407316
0.000272642
0.000154385
7.1421e-05
2.66979e-05
2.15433e-05
5.05161e-05
0.000101249
0.00016181
0.000221713
0.000609734
0.000606213
0.000581469
0.000517285
0.000407316
0.000272642
0.000154385
7.1421e-05
2.66979e-05
2.15433e-05
5.05161e-05
0.000101249
0.00016181
0.000221713
0.000609734
0.000606213
0.000581469
0.000517285
0.000407316
0.000272642
0.000154385
7.1421e-05
2.66979e-05
2.15433e-05
5.05161e-05
0.000101249
0.00016181
0.000221713
0.000609734
0.000606213
0.000581469
0.000517285
0.000407316
0.000272642
0.000154385
7.1421e-05
2.66979e-05
2.15433e-05
5.05161e-05
0.000101249
0.00016181
0.000221713
