0.00145654
0.00144102
0.00135392
0.00113599
0.000676114
0
0.000566794
0.000770604
0.000628676
0.000309064
0
0.000189903
0.000246405
0.000200063
0.00145654
0.00221404
0.0154482
0.0300221
0.0370252
0.0345065
0.0245989
0.012179
0.00294595
0.00062142
0.0052502
0.013826
0.0228531
0.0288957
0.00145654
0.000512463
0.0036651
0.00987402
0.0154107
0.0177616
0.0162423
0.0119854
0.00696523
0.0032519
0.00223462
0.00410402
0.00807038
0.012816
0.00145654
0.00109805
0.000619869
0.00348374
0.00659622
0.00872956
0.00901325
0.00756308
0.00517693
0.00288978
0.00159647
0.00171019
0.00313472
0.00541327
0.00145654
0.00129209
0.000474369
0.000985691
0.00277798
0.00431005
0.00491203
0.0044368
0.00324492
0.00191363
0.000989845
0.000779013
0.00130306
0.00238126
0.00145654
0.00120151
4.30089e-05
0.00218395
0.00463976
0.00650724
0.00699599
0.00607034
0.00429721
0.00247651
0.00133258
0.00123868
0.00217514
0.00383852
0.00145654
0.00115151
0.000323608
0.00282065
0.00560595
0.00761548
0.00801341
0.00683473
0.00475872
0.0027013
0.00147327
0.00147166
0.00264308
0.00461113
0.00145654
0.0502336
0.0121527
0.0136483
0.0543848
0.0221292
0.0633463
0.0334609
0.0231968
0.0497255
0.0043934
8.34597e-06
1.66897e-07
0
0.00145654
0.0203801
0.0599642
0.068584
0.0669885
0.0463166
0.00385675
0.0325626
0.0297694
0.00211688
0.0302206
0.0423927
0.0417251
0.0682696
0.00145654
0.00258693
0.0168808
0.032114
0.0389725
0.035775
0.0246721
0.0107826
0.000298436
0.00214491
0.0040761
0.0153054
0.0268349
0.0331574
0.00145654
6.57518e-05
0.00581004
0.0140388
0.0206068
0.0225204
0.0194903
0.0133083
0.00665811
0.00222434
0.00172461
0.00521021
0.0113738
0.0181361
0.00145654
0.000728583
0.00258067
0.00768404
0.0125521
0.0150468
0.0143034
0.0110299
0.00675688
0.0032229
0.00178119
0.00289463
0.00614989
0.0105364
0.00145654
0.000963561
0.00135077
0.00508742
0.00893871
0.0113038
0.0112676
0.00914771
0.0060138
0.00317379
0.00172186
0.00212868
0.0042187
0.00735
0.00145654
0.00106275
0.000814014
0.00391543
0.00723771
0.00945081
0.00966463
0.00804206
0.00544903
0.00299242
0.00162658
0.00179378
0.00339241
0.00592604
0.00145654
0.00110836
0.000563268
0.00335871
0.00641326
0.00853074
0.00884468
0.00745074
0.00511939
0.00286078
0.00155779
0.00163201
0.00300892
0.00525528
0.00145654
0.00113023
0.000442082
0.00308738
0.00600748
0.00807249
0.00843042
0.00714578
0.00494291
0.00278454
0.00151757
0.00155176
0.0028239
0.00492993
0.00145654
0.00114094
0.00038251
0.00295345
0.00580618
0.00784383
0.00822225
0.00699101
0.00485178
0.0027438
0.00149594
0.00151171
0.00273298
0.00476972
0.00145654
0.00114624
0.000352975
0.0028869
0.00570593
0.00772961
0.00811792
0.00691305
0.00480549
0.00272277
0.00148474
0.00149168
0.0026879
0.00469022
0.00145654
0.00114888
0.000338271
0.00285374
0.00565591
0.00767254
0.00806568
0.00687394
0.00478217
0.00271209
0.00147904
0.00148167
0.00266546
0.00465062
0.00145654
0.00115019
0.000330934
0.00283718
0.00563092
0.00764401
0.00803955
0.00685434
0.00477046
0.00270671
0.00147616
0.00147666
0.00265426
0.00463086
0.00145654
0.00115085
0.00032727
0.00282891
0.00561843
0.00762974
0.00802648
0.00684454
0.00476459
0.00270401
0.00147472
0.00147416
0.00264867
0.00462099
0.00145654
0.00115118
0.000325438
0.00282478
0.00561219
0.00762261
0.00801995
0.00683963
0.00476166
0.00270266
0.00147399
0.00147291
0.00264587
0.00461606
0.00145654
0.00115134
0.000324523
0.00282271
0.00560907
0.00761904
0.00801668
0.00683718
0.00476019
0.00270198
0.00147363
0.00147228
0.00264447
0.00461359
0.00145654
0.00115142
0.000324065
0.00282168
0.00560751
0.00761726
0.00801504
0.00683595
0.00475946
0.00270164
0.00147345
0.00147197
0.00264378
0.00461236
0.00145654
0.00115146
0.000323837
0.00282116
0.00560673
0.00761637
0.00801423
0.00683534
0.00475909
0.00270147
0.00147336
0.00147181
0.00264343
0.00461174
0.00145654
0.00115148
0.000323722
0.00282091
0.00560634
0.00761593
0.00801382
0.00683503
0.00475891
0.00270139
0.00147332
0.00147173
0.00264325
0.00461144
0.00145654
0.00115149
0.000323665
0.00282078
0.00560614
0.0076157
0.00801361
0.00683488
0.00475881
0.00270135
0.00147329
0.0014717
0.00264316
0.00461128
0.00145654
0.0011515
0.000323636
0.00282071
0.00560605
0.00761559
0.00801351
0.0068348
0.00475877
0.00270132
0.00147328
0.00147168
0.00264312
0.0046112
0.00145654
0.0011515
0.000323622
0.00282068
0.005606
0.00761554
0.00801346
0.00683476
0.00475874
0.00270131
0.00147328
0.00147167
0.0026431
0.00461117
0.00145654
0.0011515
0.000323615
0.00282066
0.00560597
0.00761551
0.00801343
0.00683475
0.00475873
0.00270131
0.00147327
0.00147166
0.00264309
0.00461115
0.00145654
0.0011515
0.000323611
0.00282066
0.00560596
0.00761549
0.00801342
0.00683474
0.00475873
0.00270131
0.00147327
0.00147166
0.00264308
0.00461114
0.00145654
0.0011515
0.00032361
0.00282065
0.00560595
0.00761549
0.00801342
0.00683473
0.00475872
0.0027013
0.00147327
0.00147166
0.00264308
0.00461113
0.00145654
0.00115151
0.000323609
0.00282065
0.00560595
0.00761548
0.00801341
0.00683473
0.00475872
0.0027013
0.00147327
0.00147166
0.00264308
0.00461113
0.00145654
0.00115151
0.000323608
0.00282065
0.00560595
0.00761548
0.00801341
0.00683473
0.00475872
0.0027013
0.00147327
0.00147166
0.00264308
0.00461113
0.00145654
0.00115151
0.000323608
0.00282065
0.00560595
0.00761548
0.00801341
0.00683473
0.00475872
0.0027013
0.00147327
0.00147166
0.00264308
0.00461113
0.00145654
0.00115151
0.000323608
0.00282065
0.00560595
0.00761548
0.00801341
0.00683473
0.00475872
0.0027013
0.00147327
0.00147166
0.00264308
0.00461113
0.00145654
0.00115151
0.000323608
0.00282065
0.00560595
0.00761548
0.00801341
0.00683473
0.00475872
0.0027013
0.00147327
0.00147166
0.00264308
0.00461113
0.00145654
0.00115151
0.000323608
0.00282065
0.00560595
0.00761548
0.00801341
0.00683473
0.00475872
0.0027013
0.00147327
0.00147166
0.00264308
0.00461113
0.00145654
0.00115151
0.000323608
0.00282065
0.00560595
0.00761548
0.00801341
0.00683473
0.00475872
0.0027013
0.00147327
0.00147166
0.00264308
0.00461113
0.00145654
0.00115151
0.000323608
0.00282065
0.00560595
0.00761548
0.00801341
0.00683473
0.00475872
0.0027013
0.00147327
0.00147166
0.00264308
0.00461113
0.00145654
0.00115151
0.000323608
0.00282065
0.00560595
0.00761548
0.00801341
0.00683473
0.00475872
0.0027013
0.00147327
0.00147166
0.00264308
0.00461113
0.00145654
0.00115151
0.000323608
0.00282065
0.00560595
0.00761548
0.00801341
0.00683473
0.00475872
0.0027013
0.00147327
0.00147166
0.00264308
0.00461113
0.00145654
0.00115151
0.000323608
0.00282065
0.00560595
0.00761548
0.00801341
0.00683473
0.00475872
0.0027013
0.00147327
0.00147166
0.00264308
0.00461113
0.00145654
0.00115151
0.000323608
0.00282065
0.00560595
0.00761548
0.00801341
0.00683473
0.00475872
0.0027013
0.00147327
0.00147166
0.00264308
0.00461113
0.00145654
0.00115151
0.000323608
0.00282065
0.00560595
0.00761548
0.00801341
0.00683473
0.00475872
0.0027013
0.00147327
0.00147166
0.00264308
0.00461113
0.00145654
0.00115151
0.000323608
0.00282065
0.00560595
0.00761548
0.00801341
0.00683473
0.00475872
0.0027013
0.00147327
0.00147166
0.00264308
0.00461113
0.00145654
0.00115151
0.000323608
0.00282065
0.00560595
0.00761548
0.00801341
0.00683473
0.00475872
0.0027013
0.00147327
0.00147166
0.00264308
0.00461113
0.00145654
0.00115151
0.000323608
0.00282065
0.00560595
0.00761548
0.00801341
0.00683473
0.00475872
0.0027013
0.00147327
0.00147166
0.00264308
0.00461113
0.00145654
0.00115151
0.000323608
0.00282065
0.00560595
0.00761548
0.00801341
0.00683473
0.00475872
0.0027013
0.00147327
0.00147166
0.00264308
0.00461113
0.00145654
0.00115151
0.000323608
0.00282065
0.00560595
0.00761548
0.00801341
0.00683473
0.00475872
0.0027013
0.00147327
0.00147166
0.00264308
0.00461113
0.00145654
0.00115151
0.000323608
0.00282065
0.00560595
0.00761548
0.00801341
0.00683473
0.00475872
0.0027013
0.00147327
0.00147166
0.00264308
0.00461113
0.00145654
0.00115151
0.000323608
0.00282065
0.00560595
0.00761548
0.00801341
0.00683473
0.00475872
0.0027013
0.00147327
0.00147166
0.00264308
0.00461113
0.00145654
0.00115151
0.000323608
0.00282065
0.00560595
0.00761548
0.00801341
0.00683473
0.00475872
0.0027013
0.00147327
0.00147166
0.00264308
0.00461113
0.00145654
0.00115151
0.000323608
0.00282065
0.00560595
0.00761548
0.00801341
0.00683473
0.00475872
0.0027013
0.00147327
0.00147166
0.00264308
0.00461113
0.00145654
0.00115151
0.000323608
0.00282065
0.00560595
0.00761548
0.00801341
0.00683473
0.00475872
0.0027013
0.00147327
0.00147166
0.00264308
0.00461113
0.00145654
0.00115151
0.000323608
0.00282065
0.00560595
0.00761548
0.00801341
0.00683473
0.00475872
0.0027013
0.00147327
0.00147166
0.00264308
0.00461113
0.00145654
0.00115151
0.000323608
0.00282065
0.00560595
0.00761548
0.00801341
0.00683473
0.00475872
0.0027013
0.00147327
0.00147166
0.00264308
0.00461113
0.00145654
0.00115151
0.000323608
0.00282065
0.00560595
0.00761548
0.00801341
0.00683473
0.00475872
0.0027013
0.00147327
0.00147166
0.00264308
0.00461113
0.00145654
0.00115151
0.000323608
0.00282065
0.00560595
0.00761548
0.00801341
0.00683473
0.00475872
0.0027013
0.00147327
0.00147166
0.00264308
0.00461113
0.00145654
0.00115151
0.000323608
0.00282065
0.00560595
0.00761548
0.00801341
0.00683473
0.00475872
0.0027013
0.00147327
0.00147166
0.00264308
0.00461113
0.00145654
0.00115151
0.000323608
0.00282065
0.00560595
0.00761548
0.00801341
0.00683473
0.00475872
0.0027013
0.00147327
0.00147166
0.00264308
0.00461113
0.00145654
0.00115151
0.000323608
0.00282065
0.00560595
0.00761548
0.00801341
0.00683473
0.00475872
0.0027013
0.00147327
0.00147166
0.00264308
0.00461113
0.00145654
0.00115151
0.000323608
0.00282065
0.00560595
0.00761548
0.00801341
0.00683473
0.00475872
0.0027013
0.00147327
0.00147166
0.00264308
0.00461113
0.00145654
0.00115151
0.000323608
0.00282065
0.00560595
0.00761548
0.00801341
0.00683473
0.00475872
0.0027013
0.00147327
0.00147166
0.00264308
0.00461113
0.00145654
0.00115151
0.000323608
0.00282065
0.00560595
0.00761548
0.00801341
0.00683473
0.00475872
0.0027013
0.00147327
0.00147166
0.00264308
0.00461113
0.00145654
0.00115151
0.000323608
0.00282065
0.00560595
0.00761548
0.00801341
0.00683473
0.00475872
0.0027013
0.00147327
0.00147166
0.00264308
0.00461113
0.00145654
0.00115151
0.000323608
0.00282065
0.00560595
0.00761548
0.00801341
0.00683473
0.00475872
0.0027013
0.00147327
0.00147166
0.00264308
0.00461113
0.00145654
0.00115151
0.000323608
0.00282065
0.00560595
0.00761548
0.00801341
0.00683473
0.00475872
0.0027013
0.00147327
0.00147166
0.00264308
0.00461113
0.00145654
0.00115151
0.000323608
0.00282065
0.00560595
0.00761548
0.00801341
0.00683473
0.00475872
0.0027013
0.00147327
0.00147166
0.00264308
0.00461113
0.00145654
0.00115151
0.000323608
0.00282065
0.00560595
0.00761548
0.00801341
0.00683473
0.00475872
0.0027013
0.00147327
0.00147166
0.00264308
0.00461113
0.00145654
0.00115151
0.000323608
0.00282065
0.00560595
0.00761548
0.00801341
0.00683473
0.00475872
0.0027013
0.00147327
0.00147166
0.00264308
0.00461113
0.00145654
0.00115151
0.000323608
0.00282065
0.00560595
0.00761548
0.00801341
0.00683473
0.00475872
0.0027013
0.00147327
0.00147166
0.00264308
0.00461113
0.00145654
0.00115151
0.000323608
0.00282065
0.00560595
0.00761548
0.00801341
0.00683473
0.00475872
0.0027013
0.00147327
0.00147166
0.00264308
0.00461113
0.00145654
0.00115151
0.000323608
0.00282065
0.00560595
0.00761548
0.00801341
0.00683473
0.00475872
0.0027013
0.00147327
0.00147166
0.00264308
0.00461113
0.00145654
0.00115151
0.000323608
0.00282065
0.00560595
0.00761548
0.00801341
0.00683473
0.00475872
0.0027013
0.00147327
0.00147166
0.00264308
0.00461113
0.00145654
0.00115151
0.000323608
0.00282065
0.00560595
0.00761548
0.00801341
0.00683473
0.00475872
0.0027013
0.00147327
0.00147166
0.00264308
0.00461113
0.00145654
0.00115151
0.000323608
0.00282065
0.00560595
0.00761548
0.00801341
0.00683473
0.00475872
0.0027013
0.00147327
0.00147166
0.00264308
0.00461113
0.00145654
0.00115151
0.000323608
0.00282065
0.00560595
0.00761548
0.00801341
0.00683473
0.00475872
0.0027013
0.00147327
0.00147166
0.00264308
0.00461113
0.00145654
0.00115151
0.000323608
0.00282065
0.00560595
0.00761548
0.00801341
0.00683473
0.00475872
0.0027013
0.00147327
0.00147166
0.00264308
0.00461113
0.00145654
0.00115151
0.000323608
0.00282065
0.00560595
0.00761548
0.00801341
0.00683473
0.00475872
0.0027013
0.00147327
0.00147166
0.00264308
0.00461113
0.00145654
0.00115151
0.000323608
0.00282065
0.00560595
0.00761548
0.00801341
0.00683473
0.00475872
0.0027013
0.00147327
0.00147166
0.00264308
0.00461113
0.00145654
0.00115151
0.000323608
0.00282065
0.00560595
0.00761548
0.00801341
0.00683473
0.00475872
0.0027013
0.00147327
0.00147166
0.00264308
0.00461113
0.00145654
0.00115151
0.000323608
0.00282065
0.00560595
0.00761548
0.00801341
0.00683473
0.00475872
0.0027013
0.00147327
0.00147166
0.00264308
0.00461113
0.00145654
0.00115151
0.000323608
0.00282065
0.00560595
0.00761548
0.00801341
0.00683473
0.00475872
0.0027013
0.00147327
0.00147166
0.00264308
0.00461113
0.00145654
0.00115151
0.000323608
0.00282065
0.00560595
0.00761548
0.00801341
0.00683473
0.00475872
0.0027013
0.00147327
0.00147166
0.00264308
0.00461113
0.00145654
0.00115151
0.000323608
0.00282065
0.00560595
0.00761548
0.00801341
0.00683473
0.00475872
0.0027013
0.00147327
0.00147166
0.00264308
0.00461113
0.00145654
0.00115151
0.000323608
0.00282065
0.00560595
0.00761548
0.00801341
0.00683473
0.00475872
0.0027013
0.00147327
0.00147166
0.00264308
0.00461113
0.00145654
0.00115151
0.000323608
0.00282065
0.00560595
0.00761548
0.00801341
0.00683473
0.00475872
0.0027013
0.00147327
0.00147166
0.00264308
0.00461113
0.00145654
0.00115151
0.000323608
0.00282065
0.00560595
0.00761548
0.00801341
0.00683473
0.00475872
0.0027013
0.00147327
0.00147166
0.00264308
0.00461113
0.00145654
0.00115151
0.000323608
0.00282065
0.00560595
0.00761548
0.00801341
0.00683473
0.00475872
0.0027013
0.00147327
0.00147166
0.00264308
0.00461113
0.00145654
0.00115151
0.000323608
0.00282065
0.00560595
0.00761548
0.00801341
0.00683473
0.00475872
0.0027013
0.00147327
0.00147166
0.00264308
0.00461113
0.00145654
0.00115151
0.000323608
0.00282065
0.00560595
0.00761548
0.00801341
0.00683473
0.00475872
0.0027013
0.00147327
0.00147166
0.00264308
0.00461113
0.00145654
0.00115151
0.000323608
0.00282065
0.00560595
0.00761548
0.00801341
0.00683473
0.00475872
0.0027013
0.00147327
0.00147166
0.00264308
0.00461113
0.00145654
0.00115151
0.000323608
0.00282065
0.00560595
0.00761548
0.00801341
0.00683473
0.00475872
0.0027013
0.00147327
0.00147166
0.00264308
0.00461113
0.00145654
0.00115151
0.000323608
0.00282065
0.00560595
0.00761548
0.00801341
0.00683473
0.00475872
0.0027013
0.00147327
0.00147166
0.00264308
0.00461113
0.00145654
0.00115151
0.000323608
0.00282065
0.00560595
0.00761548
0.00801341
0.00683473
0.00475872
0.0027013
0.00147327
0.00147166
0.00264308
0.00461113
0.00145654
0.00115151
0.000323608
0.00282065
0.00560595
0.00761548
0.00801341
0.00683473
0.00475872
0.0027013
0.00147327
0.00147166
0.00264308
0.00461113
0.00145654
0.00115151
0.000323608
0.00282065
0.00560595
0.00761548
0.00801341
0.00683473
0.00475872
0.0027013
0.00147327
0.00147166
0.00264308
0.00461113
0.00145654
0.00115151
0.000323608
0.00282065
0.00560595
0.00761548
0.00801341
0.00683473
0.00475872
0.0027013
0.00147327
0.00147166
0.00264308
0.00461113
0.00145654
0.00115151
0.000323608
0.00282065
0.00560595
0.00761548
0.00801341
0.00683473
0.00475872
0.0027013
0.00147327
0.00147166
0.00264308
0.00461113
0.00145654
0.00115151
0.000323608
0.00282065
0.00560595
0.00761548
0.00801341
0.00683473
0.00475872
0.0027013
0.00147327
0.00147166
0.00264308
0.00461113
0.00145654
0.00115151
0.000323608
0.00282065
0.00560595
0.00761548
0.00801341
0.00683473
0.00475872
0.0027013
0.00147327
0.00147166
0.00264308
0.00461113
0.00145654
0.00115151
0.000323608
0.00282065
0.00560595
0.00761548
0.00801341
0.00683473
0.00475872
0.0027013
0.00147327
0.00147166
0.00264308
0.00461113
0.00145654
0.00115151
0.000323608
0.00282065
0.00560595
0.00761548
0.00801341
0.00683473
0.00475872
0.0027013
0.00147327
0.00147166
0.00264308
0.00461113
0.00145654
0.00115151
0.000323608
0.00282065
0.00560595
0.00761548
0.00801341
0.00683473
0.00475872
0.0027013
0.00147327
0.00147166
0.00264308
0.00461113
0.00145654
0.00115151
0.000323608
0.00282065
0.00560595
0.00761548
0.00801341
0.00683473
0.00475872
0.0027013
0.00147327
0.00147166
0.00264308
0.00461113
0.00145654
0.00115151
0.000323608
0.00282065
0.00560595
0.00761548
0.00801341
0.00683473
0.00475872
0.0027013
0.00147327
0.00147166
0.00264308
0.00461113
0.00145654
0.00115151
0.000323608
0.00282065
0.00560595
0.00761548
0.00801341
0.00683473
0.00475872
0.0027013
0.00147327
0.00147166
0.00264308
0.00461113
0.00145654
0.00115151
0.000323608
0.00282065
0.00560595
0.00761548
0.00801341
0.00683473
0.00475872
0.0027013
0.00147327
0.00147166
0.00264308
0.00461113
0.00145654
0.00115151
0.000323608
0.00282065
0.00560595
0.00761548
0.00801341
0.00683473
0.00475872
0.0027013
0.00147327
0.00147166
0.00264308
0.00461113
0.00145654
0.00115151
0.000323608
0.00282065
0.00560595
0.00761548
0.00801341
0.00683473
0.00475872
0.0027013
0.00147327
0.00147166
0.00264308
0.00461113
0.00145654
0.00115151
0.000323608
0.00282065
0.00560595
0.00761548
0.00801341
0.00683473
0.00475872
0.0027013
0.00147327
0.00147166
0.00264308
0.00461113
0.00145654
0.00115151
0.000323608
0.00282065
0.00560595
0.00761548
0.00801341
0.00683473
0.00475872
0.0027013
0.00147327
0.00147166
0.00264308
0.00461113
0.00145654
0.00115151
0.000323608
0.00282065
0.00560595
0.00761548
0.00801341
0.00683473
0.00475872
0.0027013
0.00147327
0.00147166
0.00264308
0.00461113
0.00145654
0.00115151
0.000323608
0.00282065
0.00560595
0.00761548
0.00801341
0.00683473
0.00475872
0.0027013
0.00147327
0.00147166
0.00264308
0.00461113
0.00145654
0.00115151
0.000323608
0.00282065
0.00560595
0.00761548
0.00801341
0.00683473
0.00475872
0.0027013
0.00147327
0.00147166
0.00264308
0.00461113
0.00145654
0.00115151
0.000323608
0.00282065
0.00560595
0.00761548
0.00801341
0.00683473
0.00475872
0.0027013
0.00147327
0.00147166
0.00264308
0.00461113
0.00145654
0.00115151
0.000323608
0.00282065
0.00560595
0.00761548
0.00801341
0.00683473
0.00475872
0.0027013
0.00147327
0.00147166
0.00264308
0.00461113
0.00145654
0.00115151
0.000323608
0.00282065
0.00560595
0.00761548
0.00801341
0.00683473
0.00475872
0.0027013
0.00147327
0.00147166
0.00264308
0.00461113
0.00145654
0.00115151
0.000323608
0.00282065
0.00560595
0.00761548
0.00801341
0.00683473
0.00475872
0.0027013
0.00147327
0.00147166
0.00264308
0.00461113
0.00145654
0.00115151
0.000323608
0.00282065
0.00560595
0.00761548
0.00801341
0.00683473
0.00475872
0.0027013
0.00147327
0.00147166
0.00264308
0.00461113
0.00145654
0.00115151
0.000323608
0.00282065
0.00560595
0.00761548
0.00801341
0.00683473
0.00475872
0.0027013
0.00147327
0.00147166
0.00264308
0.00461113
0.00145654
0.00115151
0.000323608
0.00282065
0.00560595
0.00761548
0.00801341
0.00683473
0.00475872
0.0027013
0.00147327
0.00147166
0.00264308
0.00461113
0.00145654
0.00115151
0.000323608
0.00282065
0.00560595
0.00761548
0.00801341
0.00683473
0.00475872
0.0027013
0.00147327
0.00147166
0.00264308
0.00461113
0.00145654
0.00115151
0.000323608
0.00282065
0.00560595
0.00761548
0.00801341
0.00683473
0.00475872
0.0027013
0.00147327
0.00147166
0.00264308
0.00461113
0.00145654
0.00115151
0.000323608
0.00282065
0.00560595
0.00761548
0.00801341
0.00683473
0.00475872
0.0027013
0.00147327
0.00147166
0.00264308
0.00461113
0.00145654
0.00115151
0.000323608
0.00282065
0.00560595
0.00761548
0.00801341
0.00683473
0.00475872
0.0027013
0.00147327
0.00147166
0.00264308
0.00461113
0.00072827
0.000720508
0.00067696
0.000567995
0.000338057
0
0.000283397
0.000385302
0.000314338
0.000154532
0
9.49514e-05
0.000123202
0.000100032
0.00072827
0.00110658
0.00772313
0.0150121
0.0185181
0.0172638
0.0123124
0.0060979
0.00146879
0.000289822
0.00259199
0.00687547
0.0113935
0.0144264
0.00072827
0.000256329
0.00183216
0.00493659
0.00770564
0.00888255
0.00812438
0.00599651
0.00348523
0.00162516
0.00111162
0.00204147
0.00402122
0.00639292
0.00072827
0.000549057
0.000309782
0.00174163
0.00329798
0.0043651
0.00450757
0.00378298
0.00258992
0.00144557
0.000797338
0.000852125
0.00156234
0.00270008
0.00072827
0.000340373
0.0014051
0.00405393
0.00650608
0.00766148
0.00713144
0.00534564
0.00315811
0.00152765
0.00118981
0.00236681
0.00476042
0.00767148
0.00072827
0.000455753
0.000811226
0.00282612
0.00484915
0.00601831
0.0058897
0.00468062
0.00299707
0.00156272
0.000970712
0.00146183
0.00290896
0.00490784
0.00072827
0.000504873
0.000549852
0.00226686
0.00406003
0.00519144
0.00521411
0.00425905
0.00282382
0.00152547
0.000884331
0.0011288
0.00218086
0.00373614
0.00072827
0.000527549
0.00042726
0.00200011
0.0036756
0.00477804
0.00486447
0.00402761
0.00271438
0.00149108
0.000841557
0.000984417
0.00185894
0.00320169
0.00072827
0.000538445
0.000367895
0.00186985
0.00348594
0.00457149
0.0046869
0.00390692
0.00265402
0.00146974
0.000819703
0.000916879
0.0017076
0.00294686
0.00072827
0.000543786
0.000338683
0.00180548
0.00339175
0.00446827
0.00459745
0.00384535
0.00262243
0.00145801
0.000808593
0.000884169
0.00163423
0.00282248
0.00072827
0.00054643
0.000324194
0.00177349
0.00334481
0.00441668
0.00455256
0.00381427
0.00260629
0.00145188
0.000802985
0.000868065
0.0015981
0.00276103
0.00072827
0.000547746
0.000316979
0.00175754
0.00332138
0.00439089
0.00453008
0.00379865
0.00259813
0.00144875
0.000800166
0.000860075
0.00158017
0.0027305
0.00072827
0.000548402
0.000313378
0.00174958
0.00330968
0.00437799
0.00451883
0.00379082
0.00259403
0.00144716
0.000798753
0.000856095
0.00157124
0.00271528
0.00072827
0.00054873
0.00031158
0.0017456
0.00330383
0.00437154
0.0045132
0.0037869
0.00259198
0.00144637
0.000798046
0.000854109
0.00156679
0.00270768
0.00072827
0.000548893
0.000310681
0.00174361
0.00330091
0.00436832
0.00451038
0.00378494
0.00259095
0.00144597
0.000797692
0.000853117
0.00156456
0.00270388
0.00072827
0.000548975
0.000310231
0.00174262
0.00329945
0.00436671
0.00450897
0.00378396
0.00259043
0.00144577
0.000797515
0.000852621
0.00156345
0.00270198
0.00072827
0.000549016
0.000310007
0.00174212
0.00329871
0.0043659
0.00450827
0.00378347
0.00259017
0.00144567
0.000797426
0.000852373
0.00156289
0.00270103
0.00072827
0.000549037
0.000309895
0.00174188
0.00329835
0.0043655
0.00450792
0.00378323
0.00259005
0.00144562
0.000797382
0.000852249
0.00156261
0.00270056
0.00072827
0.000549047
0.000309838
0.00174175
0.00329817
0.0043653
0.00450774
0.00378311
0.00258998
0.00144559
0.00079736
0.000852187
0.00156247
0.00270032
0.00072827
0.000549052
0.00030981
0.00174169
0.00329807
0.0043652
0.00450765
0.00378304
0.00258995
0.00144558
0.000797349
0.000852156
0.0015624
0.0027002
0.00072827
0.000549054
0.000309796
0.00174166
0.00329803
0.00436515
0.00450761
0.00378301
0.00258993
0.00144558
0.000797343
0.000852141
0.00156237
0.00270014
0.00072827
0.000549056
0.000309789
0.00174164
0.00329801
0.00436512
0.00450759
0.003783
0.00258992
0.00144557
0.00079734
0.000852133
0.00156235
0.00270011
0.00072827
0.000549056
0.000309786
0.00174163
0.003298
0.00436511
0.00450758
0.00378299
0.00258992
0.00144557
0.000797339
0.000852129
0.00156234
0.0027001
0.00072827
0.000549057
0.000309784
0.00174163
0.00329799
0.0043651
0.00450757
0.00378299
0.00258992
0.00144557
0.000797338
0.000852127
0.00156234
0.00270009
0.00072827
0.000549057
0.000309783
0.00174163
0.00329799
0.0043651
0.00450757
0.00378299
0.00258992
0.00144557
0.000797338
0.000852126
0.00156234
0.00270009
0.00072827
0.000549057
0.000309783
0.00174163
0.00329799
0.0043651
0.00450757
0.00378298
0.00258992
0.00144557
0.000797338
0.000852126
0.00156234
0.00270009
0.00072827
0.000549057
0.000309782
0.00174163
0.00329798
0.0043651
0.00450757
0.00378298
0.00258992
0.00144557
0.000797338
0.000852125
0.00156234
0.00270009
0.00072827
0.000549057
0.000309782
0.00174163
0.00329798
0.0043651
0.00450757
0.00378298
0.00258992
0.00144557
0.000797338
0.000852125
0.00156234
0.00270009
0.00072827
0.000549057
0.000309782
0.00174163
0.00329798
0.0043651
0.00450757
0.00378298
0.00258992
0.00144557
0.000797338
0.000852125
0.00156234
0.00270008
0.00072827
0.000549057
0.000309782
0.00174163
0.00329798
0.0043651
0.00450757
0.00378298
0.00258992
0.00144557
0.000797338
0.000852125
0.00156234
0.00270008
0.00072827
0.000549057
0.000309782
0.00174163
0.00329798
0.0043651
0.00450757
0.00378298
0.00258992
0.00144557
0.000797338
0.000852125
0.00156234
0.00270008
0.00072827
0.000549057
0.000309782
0.00174163
0.00329798
0.0043651
0.00450757
0.00378298
0.00258992
0.00144557
0.000797338
0.000852125
0.00156234
0.00270008
0.00072827
0.000549057
0.000309782
0.00174163
0.00329798
0.0043651
0.00450757
0.00378298
0.00258992
0.00144557
0.000797338
0.000852125
0.00156234
0.00270008
0.00072827
0.000549057
0.000309782
0.00174163
0.00329798
0.0043651
0.00450757
0.00378298
0.00258992
0.00144557
0.000797338
0.000852125
0.00156234
0.00270008
0.00072827
0.000549057
0.000309782
0.00174163
0.00329798
0.0043651
0.00450757
0.00378298
0.00258992
0.00144557
0.000797338
0.000852125
0.00156234
0.00270008
0.00072827
0.000549057
0.000309782
0.00174163
0.00329798
0.0043651
0.00450757
0.00378298
0.00258992
0.00144557
0.000797338
0.000852125
0.00156234
0.00270008
0.00072827
0.000549057
0.000309782
0.00174163
0.00329798
0.0043651
0.00450757
0.00378298
0.00258992
0.00144557
0.000797338
0.000852125
0.00156234
0.00270008
0.00072827
0.000549057
0.000309782
0.00174163
0.00329798
0.0043651
0.00450757
0.00378298
0.00258992
0.00144557
0.000797338
0.000852125
0.00156234
0.00270008
0.00072827
0.000549057
0.000309782
0.00174163
0.00329798
0.0043651
0.00450757
0.00378298
0.00258992
0.00144557
0.000797338
0.000852125
0.00156234
0.00270008
0.00072827
0.000549057
0.000309782
0.00174163
0.00329798
0.0043651
0.00450757
0.00378298
0.00258992
0.00144557
0.000797338
0.000852125
0.00156234
0.00270008
0.00072827
0.000549057
0.000309782
0.00174163
0.00329798
0.0043651
0.00450757
0.00378298
0.00258992
0.00144557
0.000797338
0.000852125
0.00156234
0.00270008
0.00072827
0.000549057
0.000309782
0.00174163
0.00329798
0.0043651
0.00450757
0.00378298
0.00258992
0.00144557
0.000797338
0.000852125
0.00156234
0.00270008
0.00072827
0.000549057
0.000309782
0.00174163
0.00329798
0.0043651
0.00450757
0.00378298
0.00258992
0.00144557
0.000797338
0.000852125
0.00156234
0.00270008
0.00072827
0.000549057
0.000309782
0.00174163
0.00329798
0.0043651
0.00450757
0.00378298
0.00258992
0.00144557
0.000797338
0.000852125
0.00156234
0.00270008
0.00072827
0.000549057
0.000309782
0.00174163
0.00329798
0.0043651
0.00450757
0.00378298
0.00258992
0.00144557
0.000797338
0.000852125
0.00156234
0.00270008
0.00072827
0.000549057
0.000309782
0.00174163
0.00329798
0.0043651
0.00450757
0.00378298
0.00258992
0.00144557
0.000797338
0.000852125
0.00156234
0.00270008
0.00072827
0.000549057
0.000309782
0.00174163
0.00329798
0.0043651
0.00450757
0.00378298
0.00258992
0.00144557
0.000797338
0.000852125
0.00156234
0.00270008
0.00072827
0.000549057
0.000309782
0.00174163
0.00329798
0.0043651
0.00450757
0.00378298
0.00258992
0.00144557
0.000797338
0.000852125
0.00156234
0.00270008
0.00072827
0.000549057
0.000309782
0.00174163
0.00329798
0.0043651
0.00450757
0.00378298
0.00258992
0.00144557
0.000797338
0.000852125
0.00156234
0.00270008
0.00072827
0.000549057
0.000309782
0.00174163
0.00329798
0.0043651
0.00450757
0.00378298
0.00258992
0.00144557
0.000797338
0.000852125
0.00156234
0.00270008
0.00072827
0.000549057
0.000309782
0.00174163
0.00329798
0.0043651
0.00450757
0.00378298
0.00258992
0.00144557
0.000797338
0.000852125
0.00156234
0.00270008
0.00072827
0.000549057
0.000309782
0.00174163
0.00329798
0.0043651
0.00450757
0.00378298
0.00258992
0.00144557
0.000797338
0.000852125
0.00156234
0.00270008
0.00072827
0.000549057
0.000309782
0.00174163
0.00329798
0.0043651
0.00450757
0.00378298
0.00258992
0.00144557
0.000797338
0.000852125
0.00156234
0.00270008
0.00072827
0.000549057
0.000309782
0.00174163
0.00329798
0.0043651
0.00450757
0.00378298
0.00258992
0.00144557
0.000797338
0.000852125
0.00156234
0.00270008
0.00072827
0.000549057
0.000309782
0.00174163
0.00329798
0.0043651
0.00450757
0.00378298
0.00258992
0.00144557
0.000797338
0.000852125
0.00156234
0.00270008
0.00072827
0.000549057
0.000309782
0.00174163
0.00329798
0.0043651
0.00450757
0.00378298
0.00258992
0.00144557
0.000797338
0.000852125
0.00156234
0.00270008
0.00072827
0.000549057
0.000309782
0.00174163
0.00329798
0.0043651
0.00450757
0.00378298
0.00258992
0.00144557
0.000797338
0.000852125
0.00156234
0.00270008
0.00072827
0.000549057
0.000309782
0.00174163
0.00329798
0.0043651
0.00450757
0.00378298
0.00258992
0.00144557
0.000797338
0.000852125
0.00156234
0.00270008
0.00072827
0.000549057
0.000309782
0.00174163
0.00329798
0.0043651
0.00450757
0.00378298
0.00258992
0.00144557
0.000797338
0.000852125
0.00156234
0.00270008
0.00072827
0.000549057
0.000309782
0.00174163
0.00329798
0.0043651
0.00450757
0.00378298
0.00258992
0.00144557
0.000797338
0.000852125
0.00156234
0.00270008
0.00072827
0.000549057
0.000309782
0.00174163
0.00329798
0.0043651
0.00450757
0.00378298
0.00258992
0.00144557
0.000797338
0.000852125
0.00156234
0.00270008
0.00072827
0.000549057
0.000309782
0.00174163
0.00329798
0.0043651
0.00450757
0.00378298
0.00258992
0.00144557
0.000797338
0.000852125
0.00156234
0.00270008
0.00072827
0.000549057
0.000309782
0.00174163
0.00329798
0.0043651
0.00450757
0.00378298
0.00258992
0.00144557
0.000797338
0.000852125
0.00156234
0.00270008
0.00072827
0.000549057
0.000309782
0.00174163
0.00329798
0.0043651
0.00450757
0.00378298
0.00258992
0.00144557
0.000797338
0.000852125
0.00156234
0.00270008
0.00072827
0.000549057
0.000309782
0.00174163
0.00329798
0.0043651
0.00450757
0.00378298
0.00258992
0.00144557
0.000797338
0.000852125
0.00156234
0.00270008
0.00072827
0.000549057
0.000309782
0.00174163
0.00329798
0.0043651
0.00450757
0.00378298
0.00258992
0.00144557
0.000797338
0.000852125
0.00156234
0.00270008
0.00072827
0.000549057
0.000309782
0.00174163
0.00329798
0.0043651
0.00450757
0.00378298
0.00258992
0.00144557
0.000797338
0.000852125
0.00156234
0.00270008
0.00072827
0.000549057
0.000309782
0.00174163
0.00329798
0.0043651
0.00450757
0.00378298
0.00258992
0.00144557
0.000797338
0.000852125
0.00156234
0.00270008
0.00072827
0.000549057
0.000309782
0.00174163
0.00329798
0.0043651
0.00450757
0.00378298
0.00258992
0.00144557
0.000797338
0.000852125
0.00156234
0.00270008
0.00072827
0.000549057
0.000309782
0.00174163
0.00329798
0.0043651
0.00450757
0.00378298
0.00258992
0.00144557
0.000797338
0.000852125
0.00156234
0.00270008
0.00072827
0.000549057
0.000309782
0.00174163
0.00329798
0.0043651
0.00450757
0.00378298
0.00258992
0.00144557
0.000797338
0.000852125
0.00156234
0.00270008
0.00072827
0.000549057
0.000309782
0.00174163
0.00329798
0.0043651
0.00450757
0.00378298
0.00258992
0.00144557
0.000797338
0.000852125
0.00156234
0.00270008
0.00072827
0.000549057
0.000309782
0.00174163
0.00329798
0.0043651
0.00450757
0.00378298
0.00258992
0.00144557
0.000797338
0.000852125
0.00156234
0.00270008
0.00072827
0.000549057
0.000309782
0.00174163
0.00329798
0.0043651
0.00450757
0.00378298
0.00258992
0.00144557
0.000797338
0.000852125
0.00156234
0.00270008
0.00072827
0.000549057
0.000309782
0.00174163
0.00329798
0.0043651
0.00450757
0.00378298
0.00258992
0.00144557
0.000797338
0.000852125
0.00156234
0.00270008
0.00072827
0.000549057
0.000309782
0.00174163
0.00329798
0.0043651
0.00450757
0.00378298
0.00258992
0.00144557
0.000797338
0.000852125
0.00156234
0.00270008
0.00072827
0.000549057
0.000309782
0.00174163
0.00329798
0.0043651
0.00450757
0.00378298
0.00258992
0.00144557
0.000797338
0.000852125
0.00156234
0.00270008
0.00072827
0.000549057
0.000309782
0.00174163
0.00329798
0.0043651
0.00450757
0.00378298
0.00258992
0.00144557
0.000797338
0.000852125
0.00156234
0.00270008
0.00072827
0.000549057
0.000309782
0.00174163
0.00329798
0.0043651
0.00450757
0.00378298
0.00258992
0.00144557
0.000797338
0.000852125
0.00156234
0.00270008
0.00072827
0.000549057
0.000309782
0.00174163
0.00329798
0.0043651
0.00450757
0.00378298
0.00258992
0.00144557
0.000797338
0.000852125
0.00156234
0.00270008
0.00072827
0.000549057
0.000309782
0.00174163
0.00329798
0.0043651
0.00450757
0.00378298
0.00258992
0.00144557
0.000797338
0.000852125
0.00156234
0.00270008
0.00072827
0.000549057
0.000309782
0.00174163
0.00329798
0.0043651
0.00450757
0.00378298
0.00258992
0.00144557
0.000797338
0.000852125
0.00156234
0.00270008
0.00072827
0.000549057
0.000309782
0.00174163
0.00329798
0.0043651
0.00450757
0.00378298
0.00258992
0.00144557
0.000797338
0.000852125
0.00156234
0.00270008
0.00072827
0.000549057
0.000309782
0.00174163
0.00329798
0.0043651
0.00450757
0.00378298
0.00258992
0.00144557
0.000797338
0.000852125
0.00156234
0.00270008
0.00072827
0.000549057
0.000309782
0.00174163
0.00329798
0.0043651
0.00450757
0.00378298
0.00258992
0.00144557
0.000797338
0.000852125
0.00156234
0.00270008
0.00072827
0.000549057
0.000309782
0.00174163
0.00329798
0.0043651
0.00450757
0.00378298
0.00258992
0.00144557
0.000797338
0.000852125
0.00156234
0.00270008
0.00072827
0.000549057
0.000309782
0.00174163
0.00329798
0.0043651
0.00450757
0.00378298
0.00258992
0.00144557
0.000797338
0.000852125
0.00156234
0.00270008
0.00072827
0.000549057
0.000309782
0.00174163
0.00329798
0.0043651
0.00450757
0.00378298
0.00258992
0.00144557
0.000797338
0.000852125
0.00156234
0.00270008
0.00072827
0.000549057
0.000309782
0.00174163
0.00329798
0.0043651
0.00450757
0.00378298
0.00258992
0.00144557
0.000797338
0.000852125
0.00156234
0.00270008
0.00072827
0.000549057
0.000309782
0.00174163
0.00329798
0.0043651
0.00450757
0.00378298
0.00258992
0.00144557
0.000797338
0.000852125
0.00156234
0.00270008
0.00072827
0.000549057
0.000309782
0.00174163
0.00329798
0.0043651
0.00450757
0.00378298
0.00258992
0.00144557
0.000797338
0.000852125
0.00156234
0.00270008
0.00072827
0.000549057
0.000309782
0.00174163
0.00329798
0.0043651
0.00450757
0.00378298
0.00258992
0.00144557
0.000797338
0.000852125
0.00156234
0.00270008
0.00072827
0.000549057
0.000309782
0.00174163
0.00329798
0.0043651
0.00450757
0.00378298
0.00258992
0.00144557
0.000797338
0.000852125
0.00156234
0.00270008
0.00072827
0.000549057
0.000309782
0.00174163
0.00329798
0.0043651
0.00450757
0.00378298
0.00258992
0.00144557
0.000797338
0.000852125
0.00156234
0.00270008
0.00072827
0.000549057
0.000309782
0.00174163
0.00329798
0.0043651
0.00450757
0.00378298
0.00258992
0.00144557
0.000797338
0.000852125
0.00156234
0.00270008
0.00072827
0.000549057
0.000309782
0.00174163
0.00329798
0.0043651
0.00450757
0.00378298
0.00258992
0.00144557
0.000797338
0.000852125
0.00156234
0.00270008
0.00072827
0.000549057
0.000309782
0.00174163
0.00329798
0.0043651
0.00450757
0.00378298
0.00258992
0.00144557
0.000797338
0.000852125
0.00156234
0.00270008
0.00072827
0.000549057
0.000309782
0.00174163
0.00329798
0.0043651
0.00450757
0.00378298
0.00258992
0.00144557
0.000797338
0.000852125
0.00156234
0.00270008
0.00072827
0.000549057
0.000309782
0.00174163
0.00329798
0.0043651
0.00450757
0.00378298
0.00258992
0.00144557
0.000797338
0.000852125
0.00156234
0.00270008
0.00072827
0.000549057
0.000309782
0.00174163
0.00329798
0.0043651
0.00450757
0.00378298
0.00258992
0.00144557
0.000797338
0.000852125
0.00156234
0.00270008
0.00072827
0.000549057
0.000309782
0.00174163
0.00329798
0.0043651
0.00450757
0.00378298
0.00258992
0.00144557
0.000797338
0.000852125
0.00156234
0.00270008
0.00072827
0.000549057
0.000309782
0.00174163
0.00329798
0.0043651
0.00450757
0.00378298
0.00258992
0.00144557
0.000797338
0.000852125
0.00156234
0.00270008
0.00072827
0.000549057
0.000309782
0.00174163
0.00329798
0.0043651
0.00450757
0.00378298
0.00258992
0.00144557
0.000797338
0.000852125
0.00156234
0.00270008
0.00072827
0.000549057
0.000309782
0.00174163
0.00329798
0.0043651
0.00450757
0.00378298
0.00258992
0.00144557
0.000797338
0.000852125
0.00156234
0.00270008
0.00072827
0.000549057
0.000309782
0.00174163
0.00329798
0.0043651
0.00450757
0.00378298
0.00258992
0.00144557
0.000797338
0.000852125
0.00156234
0.00270008
0.00072827
0.000549057
0.000309782
0.00174163
0.00329798
0.0043651
0.00450757
0.00378298
0.00258992
0.00144557
0.000797338
0.000852125
0.00156234
0.00270008
0.00072827
0.000549057
0.000309782
0.00174163
0.00329798
0.0043651
0.00450757
0.00378298
0.00258992
0.00144557
0.000797338
0.000852125
0.00156234
0.00270008
0.00072827
0.000549057
0.000309782
0.00174163
0.00329798
0.0043651
0.00450757
0.00378298
0.00258992
0.00144557
0.000797338
0.000852125
0.00156234
0.00270008
0.00072827
0.000549057
0.000309782
0.00174163
0.00329798
0.0043651
0.00450757
0.00378298
0.00258992
0.00144557
0.000797338
0.000852125
0.00156234
0.00270008
0.00072827
0.000549057
0.000309782
0.00174163
0.00329798
0.0043651
0.00450757
0.00378298
0.00258992
0.00144557
0.000797338
0.000852125
0.00156234
0.00270008
0.00072827
0.000549057
0.000309782
0.00174163
0.00329798
0.0043651
0.00450757
0.00378298
0.00258992
0.00144557
0.000797338
0.000852125
0.00156234
0.00270008
0.00072827
0.000549057
0.000309782
0.00174163
0.00329798
0.0043651
0.00450757
0.00378298
0.00258992
0.00144557
0.000797338
0.000852125
0.00156234
0.00270008
0.00072827
0.000549057
0.000309782
0.00174163
0.00329798
0.0043651
0.00450757
0.00378298
0.00258992
0.00144557
0.000797338
0.000852125
0.00156234
0.00270008
0.00072827
0.000549057
0.000309782
0.00174163
0.00329798
0.0043651
0.00450757
0.00378298
0.00258992
0.00144557
0.000797338
0.000852125
0.00156234
0.00270008
0.00072827
0.000549057
0.000309782
0.00174163
0.00329798
0.0043651
0.00450757
0.00378298
0.00258992
0.00144557
0.000797338
0.000852125
0.00156234
0.00270008
0.00072827
0.000549057
0.000309782
0.00174163
0.00329798
0.0043651
0.00450757
0.00378298
0.00258992
0.00144557
0.000797338
0.000852125
0.00156234
0.00270008
0.00072827
0.000549057
0.000309782
0.00174163
0.00329798
0.0043651
0.00450757
0.00378298
0.00258992
0.00144557
0.000797338
0.000852125
0.00156234
0.00270008
0.00072827
0.000549057
0.000309782
0.00174163
0.00329798
0.0043651
0.00450757
0.00378298
0.00258992
0.00144557
0.000797338
0.000852125
0.00156234
0.00270008
0.00072827
0.000549057
0.000309782
0.00174163
0.00329798
0.0043651
0.00450757
0.00378298
0.00258992
0.00144557
0.000797338
0.000852125
0.00156234
0.00270008
0.00072827
0.000549057
0.000309782
0.00174163
0.00329798
0.0043651
0.00450757
0.00378298
0.00258992
0.00144557
0.000797338
0.000852125
0.00156234
0.00270008
0.00072827
0.000549057
0.000309782
0.00174163
0.00329798
0.0043651
0.00450757
0.00378298
0.00258992
0.00144557
0.000797338
0.000852125
0.00156234
0.00270008
0.00072827
0.000549057
0.000309782
0.00174163
0.00329798
0.0043651
0.00450757
0.00378298
0.00258992
0.00144557
0.000797338
0.000852125
0.00156234
0.00270008
0.00072827
0.000549057
0.000309782
0.00174163
0.00329798
0.0043651
0.00450757
0.00378298
0.00258992
0.00144557
0.000797338
0.000852125
0.00156234
0.00270008
0.00072827
0.000549057
0.000309782
0.00174163
0.00329798
0.0043651
0.00450757
0.00378298
0.00258992
0.00144557
0.000797338
0.000852125
0.00156234
0.00270008
0.000485513
0.000480339
0.000451307
0.000378663
0.000225371
0
0.000188931
0.000256868
0.000209559
0.000103021
0
6.33009e-05
8.21349e-05
6.66877e-05
0.000485513
0.000737619
0.00514853
0.0100083
0.0123467
0.0115115
0.00821116
0.00406715
0.00097827
0.00018858
0.00172064
0.0045753
0.00758828
0.00961281
0.000485513
0.000170908
0.00122135
0.00329096
0.00513716
0.00592209
0.00541697
0.00399852
0.00232407
0.00108326
0.000739818
0.00135864
0.00267771
0.0042586
0.000485513
0.000366045
0.000206487
0.00116103
0.00219863
0.00291013
0.00300525
0.00252231
0.00172693
0.000963864
0.000531359
0.000567424
0.00104044
0.0017986
0.000485513
0.000204278
0.00104995
0.00292968
0.00463109
0.00538338
0.00494707
0.00365385
0.00212177
0.00102989
0.000881027
0.00180038
0.00354515
0.00558983
0.000485513
0.00029483
0.000588087
0.00198377
0.00337081
0.00415351
0.00403876
0.00318858
0.00202725
0.00105546
0.000678076
0.00105235
0.00208034
0.00347346
0.000485513
0.000332567
0.000388134
0.00155785
0.00277331
0.00353191
0.00353557
0.00287886
0.00190264
0.00102689
0.000603689
0.000785083
0.00151434
0.0025809
0.000485513
0.000349806
0.000295124
0.00135591
0.00248309
0.00322087
0.00327356
0.00270622
0.00182112
0.000999937
0.000567908
0.000670987
0.0012668
0.00217635
0.000485513
0.000358047
0.000250272
0.0012576
0.00234013
0.00306545
0.00314017
0.00261565
0.0017756
0.000983068
0.000549803
0.000618001
0.00115109
0.00198419
0.000485513
0.000362076
0.000228247
0.0012091
0.0022692
0.00298777
0.00307289
0.00256932
0.00175166
0.000973761
0.000540632
0.000592425
0.00109514
0.00189058
0.000485513
0.000364068
0.000217334
0.00118501
0.00223387
0.00294895
0.00303912
0.0025459
0.00173939
0.000968886
0.000536009
0.000579854
0.00106764
0.00184439
0.000485513
0.000365059
0.000211903
0.00117301
0.00221624
0.00292954
0.0030222
0.00253413
0.00173319
0.000966394
0.000533688
0.000573621
0.001054
0.00182144
0.000485513
0.000365552
0.000209193
0.00116701
0.00220743
0.00291984
0.00301373
0.00252822
0.00173007
0.000965133
0.000532524
0.000570518
0.00104721
0.00181001
0.000485513
0.000365799
0.00020784
0.00116402
0.00220303
0.00291498
0.00300949
0.00252527
0.0017285
0.0009645
0.000531942
0.00056897
0.00104382
0.0018043
0.000485513
0.000365922
0.000207163
0.00116253
0.00220083
0.00291256
0.00300737
0.00252379
0.00172772
0.000964182
0.00053165
0.000568197
0.00104213
0.00180145
0.000485513
0.000365984
0.000206825
0.00116178
0.00219973
0.00291135
0.00300631
0.00252305
0.00172733
0.000964023
0.000531504
0.00056781
0.00104129
0.00180002
0.000485513
0.000366015
0.000206656
0.0011614
0.00219918
0.00291074
0.00300578
0.00252268
0.00172713
0.000963943
0.000531431
0.000567617
0.00104086
0.00179931
0.000485513
0.00036603
0.000206572
0.00116122
0.0021989
0.00291044
0.00300552
0.00252249
0.00172703
0.000963904
0.000531395
0.00056752
0.00104065
0.00179896
0.000485513
0.000366038
0.000206529
0.00116112
0.00219876
0.00291028
0.00300539
0.0025224
0.00172698
0.000963884
0.000531377
0.000567472
0.00104055
0.00179878
0.000485513
0.000366041
0.000206508
0.00116108
0.0021987
0.00291021
0.00300532
0.00252235
0.00172696
0.000963874
0.000531368
0.000567448
0.00104049
0.00179869
0.000485513
0.000366043
0.000206498
0.00116105
0.00219866
0.00291017
0.00300529
0.00252233
0.00172695
0.000963869
0.000531363
0.000567436
0.00104047
0.00179864
0.000485513
0.000366044
0.000206492
0.00116104
0.00219864
0.00291015
0.00300527
0.00252232
0.00172694
0.000963866
0.000531361
0.00056743
0.00104045
0.00179862
0.000485513
0.000366045
0.00020649
0.00116104
0.00219864
0.00291014
0.00300526
0.00252231
0.00172694
0.000963865
0.00053136
0.000567427
0.00104045
0.00179861
0.000485513
0.000366045
0.000206489
0.00116103
0.00219863
0.00291014
0.00300526
0.00252231
0.00172693
0.000963864
0.000531359
0.000567425
0.00104044
0.00179861
0.000485513
0.000366045
0.000206488
0.00116103
0.00219863
0.00291014
0.00300525
0.00252231
0.00172693
0.000963864
0.000531359
0.000567424
0.00104044
0.0017986
0.000485513
0.000366045
0.000206488
0.00116103
0.00219863
0.00291013
0.00300525
0.00252231
0.00172693
0.000963864
0.000531359
0.000567424
0.00104044
0.0017986
0.000485513
0.000366045
0.000206487
0.00116103
0.00219863
0.00291013
0.00300525
0.00252231
0.00172693
0.000963864
0.000531359
0.000567424
0.00104044
0.0017986
0.000485513
0.000366045
0.000206487
0.00116103
0.00219863
0.00291013
0.00300525
0.00252231
0.00172693
0.000963864
0.000531359
0.000567424
0.00104044
0.0017986
0.000485513
0.000366045
0.000206487
0.00116103
0.00219863
0.00291013
0.00300525
0.00252231
0.00172693
0.000963864
0.000531359
0.000567424
0.00104044
0.0017986
0.000485513
0.000366045
0.000206487
0.00116103
0.00219863
0.00291013
0.00300525
0.00252231
0.00172693
0.000963864
0.000531359
0.000567424
0.00104044
0.0017986
0.000485513
0.000366045
0.000206487
0.00116103
0.00219863
0.00291013
0.00300525
0.00252231
0.00172693
0.000963864
0.000531359
0.000567424
0.00104044
0.0017986
0.000485513
0.000366045
0.000206487
0.00116103
0.00219863
0.00291013
0.00300525
0.00252231
0.00172693
0.000963864
0.000531359
0.000567424
0.00104044
0.0017986
0.000485513
0.000366045
0.000206487
0.00116103
0.00219863
0.00291013
0.00300525
0.00252231
0.00172693
0.000963864
0.000531359
0.000567424
0.00104044
0.0017986
0.000485513
0.000366045
0.000206487
0.00116103
0.00219863
0.00291013
0.00300525
0.00252231
0.00172693
0.000963864
0.000531359
0.000567424
0.00104044
0.0017986
0.000485513
0.000366045
0.000206487
0.00116103
0.00219863
0.00291013
0.00300525
0.00252231
0.00172693
0.000963864
0.000531359
0.000567424
0.00104044
0.0017986
0.000485513
0.000366045
0.000206487
0.00116103
0.00219863
0.00291013
0.00300525
0.00252231
0.00172693
0.000963864
0.000531359
0.000567424
0.00104044
0.0017986
0.000485513
0.000366045
0.000206487
0.00116103
0.00219863
0.00291013
0.00300525
0.00252231
0.00172693
0.000963864
0.000531359
0.000567424
0.00104044
0.0017986
0.000485513
0.000366045
0.000206487
0.00116103
0.00219863
0.00291013
0.00300525
0.00252231
0.00172693
0.000963864
0.000531359
0.000567424
0.00104044
0.0017986
0.000485513
0.000366045
0.000206487
0.00116103
0.00219863
0.00291013
0.00300525
0.00252231
0.00172693
0.000963864
0.000531359
0.000567424
0.00104044
0.0017986
0.000485513
0.000366045
0.000206487
0.00116103
0.00219863
0.00291013
0.00300525
0.00252231
0.00172693
0.000963864
0.000531359
0.000567424
0.00104044
0.0017986
0.000485513
0.000366045
0.000206487
0.00116103
0.00219863
0.00291013
0.00300525
0.00252231
0.00172693
0.000963864
0.000531359
0.000567424
0.00104044
0.0017986
0.000485513
0.000366045
0.000206487
0.00116103
0.00219863
0.00291013
0.00300525
0.00252231
0.00172693
0.000963864
0.000531359
0.000567424
0.00104044
0.0017986
0.000485513
0.000366045
0.000206487
0.00116103
0.00219863
0.00291013
0.00300525
0.00252231
0.00172693
0.000963864
0.000531359
0.000567424
0.00104044
0.0017986
0.000485513
0.000366045
0.000206487
0.00116103
0.00219863
0.00291013
0.00300525
0.00252231
0.00172693
0.000963864
0.000531359
0.000567424
0.00104044
0.0017986
0.000485513
0.000366045
0.000206487
0.00116103
0.00219863
0.00291013
0.00300525
0.00252231
0.00172693
0.000963864
0.000531359
0.000567424
0.00104044
0.0017986
0.000485513
0.000366045
0.000206487
0.00116103
0.00219863
0.00291013
0.00300525
0.00252231
0.00172693
0.000963864
0.000531359
0.000567424
0.00104044
0.0017986
0.000485513
0.000366045
0.000206487
0.00116103
0.00219863
0.00291013
0.00300525
0.00252231
0.00172693
0.000963864
0.000531359
0.000567424
0.00104044
0.0017986
0.000485513
0.000366045
0.000206487
0.00116103
0.00219863
0.00291013
0.00300525
0.00252231
0.00172693
0.000963864
0.000531359
0.000567424
0.00104044
0.0017986
0.000485513
0.000366045
0.000206487
0.00116103
0.00219863
0.00291013
0.00300525
0.00252231
0.00172693
0.000963864
0.000531359
0.000567424
0.00104044
0.0017986
0.000485513
0.000366045
0.000206487
0.00116103
0.00219863
0.00291013
0.00300525
0.00252231
0.00172693
0.000963864
0.000531359
0.000567424
0.00104044
0.0017986
0.000485513
0.000366045
0.000206487
0.00116103
0.00219863
0.00291013
0.00300525
0.00252231
0.00172693
0.000963864
0.000531359
0.000567424
0.00104044
0.0017986
0.000485513
0.000366045
0.000206487
0.00116103
0.00219863
0.00291013
0.00300525
0.00252231
0.00172693
0.000963864
0.000531359
0.000567424
0.00104044
0.0017986
0.000485513
0.000366045
0.000206487
0.00116103
0.00219863
0.00291013
0.00300525
0.00252231
0.00172693
0.000963864
0.000531359
0.000567424
0.00104044
0.0017986
0.000485513
0.000366045
0.000206487
0.00116103
0.00219863
0.00291013
0.00300525
0.00252231
0.00172693
0.000963864
0.000531359
0.000567424
0.00104044
0.0017986
0.000485513
0.000366045
0.000206487
0.00116103
0.00219863
0.00291013
0.00300525
0.00252231
0.00172693
0.000963864
0.000531359
0.000567424
0.00104044
0.0017986
0.000485513
0.000366045
0.000206487
0.00116103
0.00219863
0.00291013
0.00300525
0.00252231
0.00172693
0.000963864
0.000531359
0.000567424
0.00104044
0.0017986
0.000485513
0.000366045
0.000206487
0.00116103
0.00219863
0.00291013
0.00300525
0.00252231
0.00172693
0.000963864
0.000531359
0.000567424
0.00104044
0.0017986
0.000485513
0.000366045
0.000206487
0.00116103
0.00219863
0.00291013
0.00300525
0.00252231
0.00172693
0.000963864
0.000531359
0.000567424
0.00104044
0.0017986
0.000485513
0.000366045
0.000206487
0.00116103
0.00219863
0.00291013
0.00300525
0.00252231
0.00172693
0.000963864
0.000531359
0.000567424
0.00104044
0.0017986
0.000485513
0.000366045
0.000206487
0.00116103
0.00219863
0.00291013
0.00300525
0.00252231
0.00172693
0.000963864
0.000531359
0.000567424
0.00104044
0.0017986
0.000485513
0.000366045
0.000206487
0.00116103
0.00219863
0.00291013
0.00300525
0.00252231
0.00172693
0.000963864
0.000531359
0.000567424
0.00104044
0.0017986
0.000485513
0.000366045
0.000206487
0.00116103
0.00219863
0.00291013
0.00300525
0.00252231
0.00172693
0.000963864
0.000531359
0.000567424
0.00104044
0.0017986
0.000485513
0.000366045
0.000206487
0.00116103
0.00219863
0.00291013
0.00300525
0.00252231
0.00172693
0.000963864
0.000531359
0.000567424
0.00104044
0.0017986
0.000485513
0.000366045
0.000206487
0.00116103
0.00219863
0.00291013
0.00300525
0.00252231
0.00172693
0.000963864
0.000531359
0.000567424
0.00104044
0.0017986
0.000485513
0.000366045
0.000206487
0.00116103
0.00219863
0.00291013
0.00300525
0.00252231
0.00172693
0.000963864
0.000531359
0.000567424
0.00104044
0.0017986
0.000485513
0.000366045
0.000206487
0.00116103
0.00219863
0.00291013
0.00300525
0.00252231
0.00172693
0.000963864
0.000531359
0.000567424
0.00104044
0.0017986
0.000485513
0.000366045
0.000206487
0.00116103
0.00219863
0.00291013
0.00300525
0.00252231
0.00172693
0.000963864
0.000531359
0.000567424
0.00104044
0.0017986
0.000485513
0.000366045
0.000206487
0.00116103
0.00219863
0.00291013
0.00300525
0.00252231
0.00172693
0.000963864
0.000531359
0.000567424
0.00104044
0.0017986
0.000485513
0.000366045
0.000206487
0.00116103
0.00219863
0.00291013
0.00300525
0.00252231
0.00172693
0.000963864
0.000531359
0.000567424
0.00104044
0.0017986
0.000485513
0.000366045
0.000206487
0.00116103
0.00219863
0.00291013
0.00300525
0.00252231
0.00172693
0.000963864
0.000531359
0.000567424
0.00104044
0.0017986
0.000485513
0.000366045
0.000206487
0.00116103
0.00219863
0.00291013
0.00300525
0.00252231
0.00172693
0.000963864
0.000531359
0.000567424
0.00104044
0.0017986
0.000485513
0.000366045
0.000206487
0.00116103
0.00219863
0.00291013
0.00300525
0.00252231
0.00172693
0.000963864
0.000531359
0.000567424
0.00104044
0.0017986
0.000485513
0.000366045
0.000206487
0.00116103
0.00219863
0.00291013
0.00300525
0.00252231
0.00172693
0.000963864
0.000531359
0.000567424
0.00104044
0.0017986
0.000485513
0.000366045
0.000206487
0.00116103
0.00219863
0.00291013
0.00300525
0.00252231
0.00172693
0.000963864
0.000531359
0.000567424
0.00104044
0.0017986
0.000485513
0.000366045
0.000206487
0.00116103
0.00219863
0.00291013
0.00300525
0.00252231
0.00172693
0.000963864
0.000531359
0.000567424
0.00104044
0.0017986
0.000485513
0.000366045
0.000206487
0.00116103
0.00219863
0.00291013
0.00300525
0.00252231
0.00172693
0.000963864
0.000531359
0.000567424
0.00104044
0.0017986
0.000485513
0.000366045
0.000206487
0.00116103
0.00219863
0.00291013
0.00300525
0.00252231
0.00172693
0.000963864
0.000531359
0.000567424
0.00104044
0.0017986
0.000485513
0.000366045
0.000206487
0.00116103
0.00219863
0.00291013
0.00300525
0.00252231
0.00172693
0.000963864
0.000531359
0.000567424
0.00104044
0.0017986
0.000485513
0.000366045
0.000206487
0.00116103
0.00219863
0.00291013
0.00300525
0.00252231
0.00172693
0.000963864
0.000531359
0.000567424
0.00104044
0.0017986
0.000485513
0.000366045
0.000206487
0.00116103
0.00219863
0.00291013
0.00300525
0.00252231
0.00172693
0.000963864
0.000531359
0.000567424
0.00104044
0.0017986
0.000485513
0.000366045
0.000206487
0.00116103
0.00219863
0.00291013
0.00300525
0.00252231
0.00172693
0.000963864
0.000531359
0.000567424
0.00104044
0.0017986
0.000485513
0.000366045
0.000206487
0.00116103
0.00219863
0.00291013
0.00300525
0.00252231
0.00172693
0.000963864
0.000531359
0.000567424
0.00104044
0.0017986
0.000485513
0.000366045
0.000206487
0.00116103
0.00219863
0.00291013
0.00300525
0.00252231
0.00172693
0.000963864
0.000531359
0.000567424
0.00104044
0.0017986
0.000485513
0.000366045
0.000206487
0.00116103
0.00219863
0.00291013
0.00300525
0.00252231
0.00172693
0.000963864
0.000531359
0.000567424
0.00104044
0.0017986
0.000485513
0.000366045
0.000206487
0.00116103
0.00219863
0.00291013
0.00300525
0.00252231
0.00172693
0.000963864
0.000531359
0.000567424
0.00104044
0.0017986
0.000485513
0.000366045
0.000206487
0.00116103
0.00219863
0.00291013
0.00300525
0.00252231
0.00172693
0.000963864
0.000531359
0.000567424
0.00104044
0.0017986
0.000485513
0.000366045
0.000206487
0.00116103
0.00219863
0.00291013
0.00300525
0.00252231
0.00172693
0.000963864
0.000531359
0.000567424
0.00104044
0.0017986
0.000485513
0.000366045
0.000206487
0.00116103
0.00219863
0.00291013
0.00300525
0.00252231
0.00172693
0.000963864
0.000531359
0.000567424
0.00104044
0.0017986
0.000485513
0.000366045
0.000206487
0.00116103
0.00219863
0.00291013
0.00300525
0.00252231
0.00172693
0.000963864
0.000531359
0.000567424
0.00104044
0.0017986
0.000485513
0.000366045
0.000206487
0.00116103
0.00219863
0.00291013
0.00300525
0.00252231
0.00172693
0.000963864
0.000531359
0.000567424
0.00104044
0.0017986
0.000485513
0.000366045
0.000206487
0.00116103
0.00219863
0.00291013
0.00300525
0.00252231
0.00172693
0.000963864
0.000531359
0.000567424
0.00104044
0.0017986
0.000485513
0.000366045
0.000206487
0.00116103
0.00219863
0.00291013
0.00300525
0.00252231
0.00172693
0.000963864
0.000531359
0.000567424
0.00104044
0.0017986
0.000485513
0.000366045
0.000206487
0.00116103
0.00219863
0.00291013
0.00300525
0.00252231
0.00172693
0.000963864
0.000531359
0.000567424
0.00104044
0.0017986
0.000485513
0.000366045
0.000206487
0.00116103
0.00219863
0.00291013
0.00300525
0.00252231
0.00172693
0.000963864
0.000531359
0.000567424
0.00104044
0.0017986
0.000485513
0.000366045
0.000206487
0.00116103
0.00219863
0.00291013
0.00300525
0.00252231
0.00172693
0.000963864
0.000531359
0.000567424
0.00104044
0.0017986
0.000485513
0.000366045
0.000206487
0.00116103
0.00219863
0.00291013
0.00300525
0.00252231
0.00172693
0.000963864
0.000531359
0.000567424
0.00104044
0.0017986
0.000485513
0.000366045
0.000206487
0.00116103
0.00219863
0.00291013
0.00300525
0.00252231
0.00172693
0.000963864
0.000531359
0.000567424
0.00104044
0.0017986
0.000485513
0.000366045
0.000206487
0.00116103
0.00219863
0.00291013
0.00300525
0.00252231
0.00172693
0.000963864
0.000531359
0.000567424
0.00104044
0.0017986
0.000485513
0.000366045
0.000206487
0.00116103
0.00219863
0.00291013
0.00300525
0.00252231
0.00172693
0.000963864
0.000531359
0.000567424
0.00104044
0.0017986
0.000485513
0.000366045
0.000206487
0.00116103
0.00219863
0.00291013
0.00300525
0.00252231
0.00172693
0.000963864
0.000531359
0.000567424
0.00104044
0.0017986
0.000485513
0.000366045
0.000206487
0.00116103
0.00219863
0.00291013
0.00300525
0.00252231
0.00172693
0.000963864
0.000531359
0.000567424
0.00104044
0.0017986
0.000485513
0.000366045
0.000206487
0.00116103
0.00219863
0.00291013
0.00300525
0.00252231
0.00172693
0.000963864
0.000531359
0.000567424
0.00104044
0.0017986
0.000485513
0.000366045
0.000206487
0.00116103
0.00219863
0.00291013
0.00300525
0.00252231
0.00172693
0.000963864
0.000531359
0.000567424
0.00104044
0.0017986
0.000485513
0.000366045
0.000206487
0.00116103
0.00219863
0.00291013
0.00300525
0.00252231
0.00172693
0.000963864
0.000531359
0.000567424
0.00104044
0.0017986
0.000485513
0.000366045
0.000206487
0.00116103
0.00219863
0.00291013
0.00300525
0.00252231
0.00172693
0.000963864
0.000531359
0.000567424
0.00104044
0.0017986
0.000485513
0.000366045
0.000206487
0.00116103
0.00219863
0.00291013
0.00300525
0.00252231
0.00172693
0.000963864
0.000531359
0.000567424
0.00104044
0.0017986
0.000485513
0.000366045
0.000206487
0.00116103
0.00219863
0.00291013
0.00300525
0.00252231
0.00172693
0.000963864
0.000531359
0.000567424
0.00104044
0.0017986
0.000485513
0.000366045
0.000206487
0.00116103
0.00219863
0.00291013
0.00300525
0.00252231
0.00172693
0.000963864
0.000531359
0.000567424
0.00104044
0.0017986
0.000485513
0.000366045
0.000206487
0.00116103
0.00219863
0.00291013
0.00300525
0.00252231
0.00172693
0.000963864
0.000531359
0.000567424
0.00104044
0.0017986
0.000485513
0.000366045
0.000206487
0.00116103
0.00219863
0.00291013
0.00300525
0.00252231
0.00172693
0.000963864
0.000531359
0.000567424
0.00104044
0.0017986
0.000485513
0.000366045
0.000206487
0.00116103
0.00219863
0.00291013
0.00300525
0.00252231
0.00172693
0.000963864
0.000531359
0.000567424
0.00104044
0.0017986
0.000485513
0.000366045
0.000206487
0.00116103
0.00219863
0.00291013
0.00300525
0.00252231
0.00172693
0.000963864
0.000531359
0.000567424
0.00104044
0.0017986
0.000485513
0.000366045
0.000206487
0.00116103
0.00219863
0.00291013
0.00300525
0.00252231
0.00172693
0.000963864
0.000531359
0.000567424
0.00104044
0.0017986
0.000485513
0.000366045
0.000206487
0.00116103
0.00219863
0.00291013
0.00300525
0.00252231
0.00172693
0.000963864
0.000531359
0.000567424
0.00104044
0.0017986
0.000485513
0.000366045
0.000206487
0.00116103
0.00219863
0.00291013
0.00300525
0.00252231
0.00172693
0.000963864
0.000531359
0.000567424
0.00104044
0.0017986
0.000485513
0.000366045
0.000206487
0.00116103
0.00219863
0.00291013
0.00300525
0.00252231
0.00172693
0.000963864
0.000531359
0.000567424
0.00104044
0.0017986
0.000485513
0.000366045
0.000206487
0.00116103
0.00219863
0.00291013
0.00300525
0.00252231
0.00172693
0.000963864
0.000531359
0.000567424
0.00104044
0.0017986
0.000485513
0.000366045
0.000206487
0.00116103
0.00219863
0.00291013
0.00300525
0.00252231
0.00172693
0.000963864
0.000531359
0.000567424
0.00104044
0.0017986
0.000485513
0.000366045
0.000206487
0.00116103
0.00219863
0.00291013
0.00300525
0.00252231
0.00172693
0.000963864
0.000531359
0.000567424
0.00104044
0.0017986
0.000485513
0.000366045
0.000206487
0.00116103
0.00219863
0.00291013
0.00300525
0.00252231
0.00172693
0.000963864
0.000531359
0.000567424
0.00104044
0.0017986
0.000485513
0.000366045
0.000206487
0.00116103
0.00219863
0.00291013
0.00300525
0.00252231
0.00172693
0.000963864
0.000531359
0.000567424
0.00104044
0.0017986
0.000485513
0.000366045
0.000206487
0.00116103
0.00219863
0.00291013
0.00300525
0.00252231
0.00172693
0.000963864
0.000531359
0.000567424
0.00104044
0.0017986
0.000485513
0.000366045
0.000206487
0.00116103
0.00219863
0.00291013
0.00300525
0.00252231
0.00172693
0.000963864
0.000531359
0.000567424
0.00104044
0.0017986
0.000485513
0.000366045
0.000206487
0.00116103
0.00219863
0.00291013
0.00300525
0.00252231
0.00172693
0.000963864
0.000531359
0.000567424
0.00104044
0.0017986
