0.00307213
0.00304426
0.00286513
0.00243559
0.0017966
0.00115572
0.000677286
0.000350605
0.000153492
0.000114526
0.00023359
0.000452536
0.00070712
0.000951162
0.00307213
0.00277945
0.000923918
0.00351375
0.0103333
0.0174225
0.0219602
0.0218358
0.0149339
0.00174736
0.0088103
0.0109645
0.00102038
0.0256404
0.00307213
0.00287304
0.00176433
0.000485356
0.00339034
0.00604439
0.00781938
0.00831215
0.00711749
0.00422366
0.000614318
0.00176174
0.000994315
0.00432854
0.00307213
0.00295657
0.00231422
0.00101858
0.000632906
0.00210058
0.00306649
0.00346767
0.00322133
0.00229131
0.000933568
0.000207168
0.000342986
0.0011036
0.00307213
0.00300043
0.00259188
0.00174052
0.000620035
0.000400601
0.00109257
0.00145188
0.00146789
0.00110911
0.000472139
0.000153588
0.000396556
2.418e-05
0.00307213
0.0030224
0.00272927
0.00209165
0.00121762
0.000394193
0.000184566
0.000526414
0.000641174
0.000499309
0.000143455
0.000265152
0.000521526
0.000469691
0.00307213
0.00303335
0.00279741
0.00226454
0.00150941
0.00077897
0.00025186
8.21311e-05
0.000239916
0.000192581
3.97191e-05
0.000350103
0.000607047
0.000711352
0.00307213
0.00303881
0.00283133
0.0023503
0.00165357
0.00096833
0.000465916
0.000135647
4.22415e-05
3.90394e-05
0.000135399
0.000399224
0.000655306
0.000831423
0.00307213
0.00304154
0.00284824
0.00239301
0.00172523
0.00106227
0.000571933
0.000243474
5.58663e-05
3.77444e-05
0.00018419
0.000425367
0.000680774
0.000891326
0.00307213
0.0030429
0.00285669
0.00241431
0.00176095
0.00110905
0.000624692
0.000297126
0.000104739
7.6136e-05
0.000208815
0.000438825
0.000693838
0.000921252
0.00307213
0.00304358
0.00286091
0.00242496
0.00177878
0.0011324
0.00065101
0.000323887
0.00012913
9.53313e-05
0.000221184
0.000445649
0.000700452
0.000936209
0.00307213
0.00304392
0.00286302
0.00243028
0.00178769
0.00114406
0.000664153
0.000337252
0.000141315
0.000104929
0.000227382
0.000449084
0.00070378
0.000943686
0.00307213
0.00304409
0.00286407
0.00243293
0.00179215
0.00114989
0.000670721
0.00034393
0.000147404
0.000109727
0.000230485
0.000450808
0.000705448
0.000947424
0.00307213
0.00304418
0.0028646
0.00243426
0.00179437
0.0011528
0.000674004
0.000347268
0.000150448
0.000112127
0.000232037
0.000451672
0.000706284
0.000949293
0.00307213
0.00304422
0.00286487
0.00243493
0.00179548
0.00115426
0.000675645
0.000348937
0.00015197
0.000113326
0.000232813
0.000452104
0.000706702
0.000950228
0.00307213
0.00304424
0.002865
0.00243526
0.00179604
0.00115499
0.000676466
0.000349771
0.000152731
0.000113926
0.000233201
0.00045232
0.000706911
0.000950695
0.00307213
0.00304425
0.00286506
0.00243543
0.00179632
0.00115535
0.000676876
0.000350188
0.000153111
0.000114226
0.000233395
0.000452428
0.000707016
0.000950929
0.00307213
0.00304426
0.0028651
0.00243551
0.00179646
0.00115553
0.000677081
0.000350397
0.000153301
0.000114376
0.000233492
0.000452482
0.000707068
0.000951046
0.00307213
0.00304426
0.00286511
0.00243555
0.00179653
0.00115563
0.000677184
0.000350501
0.000153397
0.000114451
0.000233541
0.000452509
0.000707094
0.000951104
0.00307213
0.00304426
0.00286512
0.00243557
0.00179656
0.00115567
0.000677235
0.000350553
0.000153444
0.000114489
0.000233565
0.000452522
0.000707107
0.000951133
0.00307213
0.00304426
0.00286513
0.00243558
0.00179658
0.00115569
0.000677261
0.000350579
0.000153468
0.000114507
0.000233577
0.000452529
0.000707114
0.000951148
0.00307213
0.00304426
0.00286513
0.00243559
0.00179659
0.00115571
0.000677273
0.000350592
0.00015348
0.000114517
0.000233583
0.000452533
0.000707117
0.000951155
0.00307213
0.00304426
0.00286513
0.00243559
0.00179659
0.00115571
0.00067728
0.000350599
0.000153486
0.000114521
0.000233587
0.000452534
0.000707119
0.000951159
0.00307213
0.00304426
0.00286513
0.00243559
0.0017966
0.00115571
0.000677283
0.000350602
0.000153489
0.000114524
0.000233588
0.000452535
0.00070712
0.000951161
0.00307213
0.00304426
0.00286513
0.00243559
0.0017966
0.00115572
0.000677285
0.000350604
0.00015349
0.000114525
0.000233589
0.000452535
0.00070712
0.000951161
0.00307213
0.00304426
0.00286513
0.00243559
0.0017966
0.00115572
0.000677285
0.000350605
0.000153491
0.000114525
0.000233589
0.000452536
0.00070712
0.000951162
0.00307213
0.00304426
0.00286513
0.00243559
0.0017966
0.00115572
0.000677286
0.000350605
0.000153491
0.000114526
0.000233589
0.000452536
0.00070712
0.000951162
0.00307213
0.00304426
0.00286513
0.00243559
0.0017966
0.00115572
0.000677286
0.000350605
0.000153491
0.000114526
0.000233589
0.000452536
0.00070712
0.000951162
0.00307213
0.00304426
0.00286513
0.00243559
0.0017966
0.00115572
0.000677286
0.000350605
0.000153492
0.000114526
0.00023359
0.000452536
0.00070712
0.000951162
0.00307213
0.00304426
0.00286513
0.00243559
0.0017966
0.00115572
0.000677286
0.000350605
0.000153492
0.000114526
0.00023359
0.000452536
0.00070712
0.000951162
0.00307213
0.00304426
0.00286513
0.00243559
0.0017966
0.00115572
0.000677286
0.000350605
0.000153492
0.000114526
0.00023359
0.000452536
0.00070712
0.000951162
0.00307213
0.00304426
0.00286513
0.00243559
0.0017966
0.00115572
0.000677286
0.000350605
0.000153492
0.000114526
0.00023359
0.000452536
0.00070712
0.000951162
0.00307213
0.00304426
0.00286513
0.00243559
0.0017966
0.00115572
0.000677286
0.000350605
0.000153492
0.000114526
0.00023359
0.000452536
0.00070712
0.000951162
0.00307213
0.00304426
0.00286513
0.00243559
0.0017966
0.00115572
0.000677286
0.000350605
0.000153492
0.000114526
0.00023359
0.000452536
0.00070712
0.000951162
0.00307213
0.00304426
0.00286513
0.00243559
0.0017966
0.00115572
0.000677286
0.000350605
0.000153492
0.000114526
0.00023359
0.000452536
0.00070712
0.000951162
0.00307213
0.00304426
0.00286513
0.00243559
0.0017966
0.00115572
0.000677286
0.000350605
0.000153492
0.000114526
0.00023359
0.000452536
0.00070712
0.000951162
0.00307213
0.00304426
0.00286513
0.00243559
0.0017966
0.00115572
0.000677286
0.000350605
0.000153492
0.000114526
0.00023359
0.000452536
0.00070712
0.000951162
0.00307213
0.00304426
0.00286513
0.00243559
0.0017966
0.00115572
0.000677286
0.000350605
0.000153492
0.000114526
0.00023359
0.000452536
0.00070712
0.000951162
0.00307213
0.00304426
0.00286513
0.00243559
0.0017966
0.00115572
0.000677286
0.000350605
0.000153492
0.000114526
0.00023359
0.000452536
0.00070712
0.000951162
0.00307213
0.00304426
0.00286513
0.00243559
0.0017966
0.00115572
0.000677286
0.000350605
0.000153492
0.000114526
0.00023359
0.000452536
0.00070712
0.000951162
0.00307213
0.00304426
0.00286513
0.00243559
0.0017966
0.00115572
0.000677286
0.000350605
0.000153492
0.000114526
0.00023359
0.000452536
0.00070712
0.000951162
0.00307213
0.00304426
0.00286513
0.00243559
0.0017966
0.00115572
0.000677286
0.000350605
0.000153492
0.000114526
0.00023359
0.000452536
0.00070712
0.000951162
0.00307213
0.00304426
0.00286513
0.00243559
0.0017966
0.00115572
0.000677286
0.000350605
0.000153492
0.000114526
0.00023359
0.000452536
0.00070712
0.000951162
0.00307213
0.00304426
0.00286513
0.00243559
0.0017966
0.00115572
0.000677286
0.000350605
0.000153492
0.000114526
0.00023359
0.000452536
0.00070712
0.000951162
0.00307213
0.00304426
0.00286513
0.00243559
0.0017966
0.00115572
0.000677286
0.000350605
0.000153492
0.000114526
0.00023359
0.000452536
0.00070712
0.000951162
0.00307213
0.00304426
0.00286513
0.00243559
0.0017966
0.00115572
0.000677286
0.000350605
0.000153492
0.000114526
0.00023359
0.000452536
0.00070712
0.000951162
0.00307213
0.00304426
0.00286513
0.00243559
0.0017966
0.00115572
0.000677286
0.000350605
0.000153492
0.000114526
0.00023359
0.000452536
0.00070712
0.000951162
0.00307213
0.00304426
0.00286513
0.00243559
0.0017966
0.00115572
0.000677286
0.000350605
0.000153492
0.000114526
0.00023359
0.000452536
0.00070712
0.000951162
0.00307213
0.00304426
0.00286513
0.00243559
0.0017966
0.00115572
0.000677286
0.000350605
0.000153492
0.000114526
0.00023359
0.000452536
0.00070712
0.000951162
0.00307213
0.00304426
0.00286513
0.00243559
0.0017966
0.00115572
0.000677286
0.000350605
0.000153492
0.000114526
0.00023359
0.000452536
0.00070712
0.000951162
0.00307213
0.00304426
0.00286513
0.00243559
0.0017966
0.00115572
0.000677286
0.000350605
0.000153492
0.000114526
0.00023359
0.000452536
0.00070712
0.000951162
0.00307213
0.00304426
0.00286513
0.00243559
0.0017966
0.00115572
0.000677286
0.000350605
0.000153492
0.000114526
0.00023359
0.000452536
0.00070712
0.000951162
0.00307213
0.00304426
0.00286513
0.00243559
0.0017966
0.00115572
0.000677286
0.000350605
0.000153492
0.000114526
0.00023359
0.000452536
0.00070712
0.000951162
0.00307213
0.00304426
0.00286513
0.00243559
0.0017966
0.00115572
0.000677286
0.000350605
0.000153492
0.000114526
0.00023359
0.000452536
0.00070712
0.000951162
0.00307213
0.00304426
0.00286513
0.00243559
0.0017966
0.00115572
0.000677286
0.000350605
0.000153492
0.000114526
0.00023359
0.000452536
0.00070712
0.000951162
0.00307213
0.00304426
0.00286513
0.00243559
0.0017966
0.00115572
0.000677286
0.000350605
0.000153492
0.000114526
0.00023359
0.000452536
0.00070712
0.000951162
0.00307213
0.00304426
0.00286513
0.00243559
0.0017966
0.00115572
0.000677286
0.000350605
0.000153492
0.000114526
0.00023359
0.000452536
0.00070712
0.000951162
0.00307213
0.00304426
0.00286513
0.00243559
0.0017966
0.00115572
0.000677286
0.000350605
0.000153492
0.000114526
0.00023359
0.000452536
0.00070712
0.000951162
0.00307213
0.00304426
0.00286513
0.00243559
0.0017966
0.00115572
0.000677286
0.000350605
0.000153492
0.000114526
0.00023359
0.000452536
0.00070712
0.000951162
0.00307213
0.00304426
0.00286513
0.00243559
0.0017966
0.00115572
0.000677286
0.000350605
0.000153492
0.000114526
0.00023359
0.000452536
0.00070712
0.000951162
0.00307213
0.00304426
0.00286513
0.00243559
0.0017966
0.00115572
0.000677286
0.000350605
0.000153492
0.000114526
0.00023359
0.000452536
0.00070712
0.000951162
0.00307213
0.00304426
0.00286513
0.00243559
0.0017966
0.00115572
0.000677286
0.000350605
0.000153492
0.000114526
0.00023359
0.000452536
0.00070712
0.000951162
0.00307213
0.00304426
0.00286513
0.00243559
0.0017966
0.00115572
0.000677286
0.000350605
0.000153492
0.000114526
0.00023359
0.000452536
0.00070712
0.000951162
0.00307213
0.00304426
0.00286513
0.00243559
0.0017966
0.00115572
0.000677286
0.000350605
0.000153492
0.000114526
0.00023359
0.000452536
0.00070712
0.000951162
0.00307213
0.00304426
0.00286513
0.00243559
0.0017966
0.00115572
0.000677286
0.000350605
0.000153492
0.000114526
0.00023359
0.000452536
0.00070712
0.000951162
0.00307213
0.00304426
0.00286513
0.00243559
0.0017966
0.00115572
0.000677286
0.000350605
0.000153492
0.000114526
0.00023359
0.000452536
0.00070712
0.000951162
0.00307213
0.00304426
0.00286513
0.00243559
0.0017966
0.00115572
0.000677286
0.000350605
0.000153492
0.000114526
0.00023359
0.000452536
0.00070712
0.000951162
0.00307213
0.00304426
0.00286513
0.00243559
0.0017966
0.00115572
0.000677286
0.000350605
0.000153492
0.000114526
0.00023359
0.000452536
0.00070712
0.000951162
0.00307213
0.00304426
0.00286513
0.00243559
0.0017966
0.00115572
0.000677286
0.000350605
0.000153492
0.000114526
0.00023359
0.000452536
0.00070712
0.000951162
0.00307213
0.00304426
0.00286513
0.00243559
0.0017966
0.00115572
0.000677286
0.000350605
0.000153492
0.000114526
0.00023359
0.000452536
0.00070712
0.000951162
0.00307213
0.00304426
0.00286513
0.00243559
0.0017966
0.00115572
0.000677286
0.000350605
0.000153492
0.000114526
0.00023359
0.000452536
0.00070712
0.000951162
0.00307213
0.00304426
0.00286513
0.00243559
0.0017966
0.00115572
0.000677286
0.000350605
0.000153492
0.000114526
0.00023359
0.000452536
0.00070712
0.000951162
0.00307213
0.00304426
0.00286513
0.00243559
0.0017966
0.00115572
0.000677286
0.000350605
0.000153492
0.000114526
0.00023359
0.000452536
0.00070712
0.000951162
0.00307213
0.00304426
0.00286513
0.00243559
0.0017966
0.00115572
0.000677286
0.000350605
0.000153492
0.000114526
0.00023359
0.000452536
0.00070712
0.000951162
0.00307213
0.00304426
0.00286513
0.00243559
0.0017966
0.00115572
0.000677286
0.000350605
0.000153492
0.000114526
0.00023359
0.000452536
0.00070712
0.000951162
0.00307213
0.00304426
0.00286513
0.00243559
0.0017966
0.00115572
0.000677286
0.000350605
0.000153492
0.000114526
0.00023359
0.000452536
0.00070712
0.000951162
0.00307213
0.00304426
0.00286513
0.00243559
0.0017966
0.00115572
0.000677286
0.000350605
0.000153492
0.000114526
0.00023359
0.000452536
0.00070712
0.000951162
0.00307213
0.00304426
0.00286513
0.00243559
0.0017966
0.00115572
0.000677286
0.000350605
0.000153492
0.000114526
0.00023359
0.000452536
0.00070712
0.000951162
0.00307213
0.00304426
0.00286513
0.00243559
0.0017966
0.00115572
0.000677286
0.000350605
0.000153492
0.000114526
0.00023359
0.000452536
0.00070712
0.000951162
0.00307213
0.00304426
0.00286513
0.00243559
0.0017966
0.00115572
0.000677286
0.000350605
0.000153492
0.000114526
0.00023359
0.000452536
0.00070712
0.000951162
0.00307213
0.00304426
0.00286513
0.00243559
0.0017966
0.00115572
0.000677286
0.000350605
0.000153492
0.000114526
0.00023359
0.000452536
0.00070712
0.000951162
0.00307213
0.00304426
0.00286513
0.00243559
0.0017966
0.00115572
0.000677286
0.000350605
0.000153492
0.000114526
0.00023359
0.000452536
0.00070712
0.000951162
0.00307213
0.00304426
0.00286513
0.00243559
0.0017966
0.00115572
0.000677286
0.000350605
0.000153492
0.000114526
0.00023359
0.000452536
0.00070712
0.000951162
0.00307213
0.00304426
0.00286513
0.00243559
0.0017966
0.00115572
0.000677286
0.000350605
0.000153492
0.000114526
0.00023359
0.000452536
0.00070712
0.000951162
0.00307213
0.00304426
0.00286513
0.00243559
0.0017966
0.00115572
0.000677286
0.000350605
0.000153492
0.000114526
0.00023359
0.000452536
0.00070712
0.000951162
0.00307213
0.00304426
0.00286513
0.00243559
0.0017966
0.00115572
0.000677286
0.000350605
0.000153492
0.000114526
0.00023359
0.000452536
0.00070712
0.000951162
0.00307213
0.00304426
0.00286513
0.00243559
0.0017966
0.00115572
0.000677286
0.000350605
0.000153492
0.000114526
0.00023359
0.000452536
0.00070712
0.000951162
0.00307213
0.00304426
0.00286513
0.00243559
0.0017966
0.00115572
0.000677286
0.000350605
0.000153492
0.000114526
0.00023359
0.000452536
0.00070712
0.000951162
0.00307213
0.00304426
0.00286513
0.00243559
0.0017966
0.00115572
0.000677286
0.000350605
0.000153492
0.000114526
0.00023359
0.000452536
0.00070712
0.000951162
0.00307213
0.00304426
0.00286513
0.00243559
0.0017966
0.00115572
0.000677286
0.000350605
0.000153492
0.000114526
0.00023359
0.000452536
0.00070712
0.000951162
0.00307213
0.00304426
0.00286513
0.00243559
0.0017966
0.00115572
0.000677286
0.000350605
0.000153492
0.000114526
0.00023359
0.000452536
0.00070712
0.000951162
0.00307213
0.00304426
0.00286513
0.00243559
0.0017966
0.00115572
0.000677286
0.000350605
0.000153492
0.000114526
0.00023359
0.000452536
0.00070712
0.000951162
0.00307213
0.00304426
0.00286513
0.00243559
0.0017966
0.00115572
0.000677286
0.000350605
0.000153492
0.000114526
0.00023359
0.000452536
0.00070712
0.000951162
0.00307213
0.00304426
0.00286513
0.00243559
0.0017966
0.00115572
0.000677286
0.000350605
0.000153492
0.000114526
0.00023359
0.000452536
0.00070712
0.000951162
0.00307213
0.00304426
0.00286513
0.00243559
0.0017966
0.00115572
0.000677286
0.000350605
0.000153492
0.000114526
0.00023359
0.000452536
0.00070712
0.000951162
0.00307213
0.00304426
0.00286513
0.00243559
0.0017966
0.00115572
0.000677286
0.000350605
0.000153492
0.000114526
0.00023359
0.000452536
0.00070712
0.000951162
0.00307213
0.00304426
0.00286513
0.00243559
0.0017966
0.00115572
0.000677286
0.000350605
0.000153492
0.000114526
0.00023359
0.000452536
0.00070712
0.000951162
0.00307213
0.00304426
0.00286513
0.00243559
0.0017966
0.00115572
0.000677286
0.000350605
0.000153492
0.000114526
0.00023359
0.000452536
0.00070712
0.000951162
0.00307213
0.00304426
0.00286513
0.00243559
0.0017966
0.00115572
0.000677286
0.000350605
0.000153492
0.000114526
0.00023359
0.000452536
0.00070712
0.000951162
0.00307213
0.00304426
0.00286513
0.00243559
0.0017966
0.00115572
0.000677286
0.000350605
0.000153492
0.000114526
0.00023359
0.000452536
0.00070712
0.000951162
0.00307213
0.00304426
0.00286513
0.00243559
0.0017966
0.00115572
0.000677286
0.000350605
0.000153492
0.000114526
0.00023359
0.000452536
0.00070712
0.000951162
0.00307213
0.00304426
0.00286513
0.00243559
0.0017966
0.00115572
0.000677286
0.000350605
0.000153492
0.000114526
0.00023359
0.000452536
0.00070712
0.000951162
0.00307213
0.00304426
0.00286513
0.00243559
0.0017966
0.00115572
0.000677286
0.000350605
0.000153492
0.000114526
0.00023359
0.000452536
0.00070712
0.000951162
0.00307213
0.00304426
0.00286513
0.00243559
0.0017966
0.00115572
0.000677286
0.000350605
0.000153492
0.000114526
0.00023359
0.000452536
0.00070712
0.000951162
0.00307213
0.00304426
0.00286513
0.00243559
0.0017966
0.00115572
0.000677286
0.000350605
0.000153492
0.000114526
0.00023359
0.000452536
0.00070712
0.000951162
0.00307213
0.00304426
0.00286513
0.00243559
0.0017966
0.00115572
0.000677286
0.000350605
0.000153492
0.000114526
0.00023359
0.000452536
0.00070712
0.000951162
0.00307213
0.00304426
0.00286513
0.00243559
0.0017966
0.00115572
0.000677286
0.000350605
0.000153492
0.000114526
0.00023359
0.000452536
0.00070712
0.000951162
0.00307213
0.00304426
0.00286513
0.00243559
0.0017966
0.00115572
0.000677286
0.000350605
0.000153492
0.000114526
0.00023359
0.000452536
0.00070712
0.000951162
0.00307213
0.00304426
0.00286513
0.00243559
0.0017966
0.00115572
0.000677286
0.000350605
0.000153492
0.000114526
0.00023359
0.000452536
0.00070712
0.000951162
0.00307213
0.00304426
0.00286513
0.00243559
0.0017966
0.00115572
0.000677286
0.000350605
0.000153492
0.000114526
0.00023359
0.000452536
0.00070712
0.000951162
0.00307213
0.00304426
0.00286513
0.00243559
0.0017966
0.00115572
0.000677286
0.000350605
0.000153492
0.000114526
0.00023359
0.000452536
0.00070712
0.000951162
0.00307213
0.00304426
0.00286513
0.00243559
0.0017966
0.00115572
0.000677286
0.000350605
0.000153492
0.000114526
0.00023359
0.000452536
0.00070712
0.000951162
0.00307213
0.00304426
0.00286513
0.00243559
0.0017966
0.00115572
0.000677286
0.000350605
0.000153492
0.000114526
0.00023359
0.000452536
0.00070712
0.000951162
0.00307213
0.00304426
0.00286513
0.00243559
0.0017966
0.00115572
0.000677286
0.000350605
0.000153492
0.000114526
0.00023359
0.000452536
0.00070712
0.000951162
0.00307213
0.00304426
0.00286513
0.00243559
0.0017966
0.00115572
0.000677286
0.000350605
0.000153492
0.000114526
0.00023359
0.000452536
0.00070712
0.000951162
0.00307213
0.00304426
0.00286513
0.00243559
0.0017966
0.00115572
0.000677286
0.000350605
0.000153492
0.000114526
0.00023359
0.000452536
0.00070712
0.000951162
0.00307213
0.00304426
0.00286513
0.00243559
0.0017966
0.00115572
0.000677286
0.000350605
0.000153492
0.000114526
0.00023359
0.000452536
0.00070712
0.000951162
0.00307213
0.00304426
0.00286513
0.00243559
0.0017966
0.00115572
0.000677286
0.000350605
0.000153492
0.000114526
0.00023359
0.000452536
0.00070712
0.000951162
0.00307213
0.00304426
0.00286513
0.00243559
0.0017966
0.00115572
0.000677286
0.000350605
0.000153492
0.000114526
0.00023359
0.000452536
0.00070712
0.000951162
0.00307213
0.00304426
0.00286513
0.00243559
0.0017966
0.00115572
0.000677286
0.000350605
0.000153492
0.000114526
0.00023359
0.000452536
0.00070712
0.000951162
0.00307213
0.00304426
0.00286513
0.00243559
0.0017966
0.00115572
0.000677286
0.000350605
0.000153492
0.000114526
0.00023359
0.000452536
0.00070712
0.000951162
0.00153607
0.0015264
0.00145629
0.0012691
0.000969646
0.000654506
0.000407944
0.000227808
0.000108285
7.19551e-05
0.000126364
0.000244651
0.000391006
0.000534469
0.00153607
0.00144777
0.000813013
0.000884927
0.00380352
0.00728855
0.00997377
0.0104957
0.00766491
0.00134453
0.00433276
0.00604068
0.00241329
0.0102173
0.00153607
0.00146077
0.00102728
0.000109787
0.00114042
0.00237541
0.00331269
0.00371808
0.00331924
0.00202093
0.000238317
0.00107075
0.000927015
0.00139255
0.00153607
0.00149124
0.00123358
0.000691158
3.44206e-05
0.000720076
0.00121822
0.00148284
0.00144501
0.0010508
0.000396782
0.00020736
0.000358947
0.000248684
0.00153607
0.00150854
0.00134429
0.00098245
0.000479767
4.36826e-06
0.000359535
0.000575238
0.000631473
0.000492929
0.00019029
0.000138984
0.000303949
0.000151343
0.00153607
0.00151743
0.00140026
0.00112654
0.000727708
0.000331567
3.43486e-05
0.000162056
0.000252938
0.00021014
4.27797e-05
0.000173183
0.000331014
0.000342496
0.00153607
0.0015219
0.00142828
0.00119803
0.000849424
0.000494596
0.000223545
3.56309e-05
7.02367e-05
6.8887e-05
3.94095e-05
0.000204628
0.000357083
0.000438158
0.00153607
0.00152415
0.00144229
0.00123362
0.000909721
0.000574934
0.000316328
0.000132389
1.95371e-05
1.59846e-06
8.23283e-05
0.000223612
0.000373088
0.00048621
0.00153607
0.00152527
0.00144929
0.00125138
0.00093973
0.000614814
0.00036228
0.000180263
6.4038e-05
3.67944e-05
0.000104211
0.00023388
0.000381811
0.000510311
0.00153607
0.00152583
0.00145279
0.00126025
0.000954699
0.000634684
0.000385147
0.000204077
8.61929e-05
5.43793e-05
0.000115254
0.000239204
0.00038635
0.000522383
0.00153607
0.00152612
0.00145454
0.00126468
0.000962175
0.000644601
0.000396554
0.000215952
9.72466e-05
6.31684e-05
0.000120801
0.000241912
0.000388664
0.000528424
0.00153607
0.00152626
0.00145541
0.00126689
0.000965911
0.000649555
0.000402251
0.000221882
0.000102768
6.7562e-05
0.00012358
0.000243278
0.000389831
0.000531446
0.00153607
0.00152633
0.00145585
0.001268
0.000967779
0.000652031
0.000405098
0.000224846
0.000105527
6.97586e-05
0.000124971
0.000243963
0.000390418
0.000532958
0.00153607
0.00152636
0.00145607
0.00126855
0.000968712
0.000653268
0.000406521
0.000226327
0.000106906
7.08569e-05
0.000125667
0.000244307
0.000390712
0.000533713
0.00153607
0.00152638
0.00145618
0.00126883
0.000969179
0.000653887
0.000407232
0.000227067
0.000107595
7.1406e-05
0.000126015
0.000244479
0.000390859
0.000534091
0.00153607
0.00152639
0.00145623
0.00126897
0.000969412
0.000654196
0.000407588
0.000227437
0.00010794
7.16805e-05
0.000126189
0.000244565
0.000390933
0.00053428
0.00153607
0.00152639
0.00145626
0.00126904
0.000969529
0.000654351
0.000407766
0.000227622
0.000108112
7.18178e-05
0.000126277
0.000244608
0.000390969
0.000534375
0.00153607
0.00152639
0.00145628
0.00126907
0.000969587
0.000654428
0.000407855
0.000227715
0.000108198
7.18865e-05
0.00012632
0.00024463
0.000390988
0.000534422
0.00153607
0.0015264
0.00145628
0.00126909
0.000969616
0.000654467
0.000407899
0.000227761
0.000108241
7.19208e-05
0.000126342
0.00024464
0.000390997
0.000534446
0.00153607
0.0015264
0.00145629
0.0012691
0.000969631
0.000654486
0.000407921
0.000227784
0.000108263
7.19379e-05
0.000126353
0.000244646
0.000391002
0.000534458
0.00153607
0.0015264
0.00145629
0.0012691
0.000969638
0.000654496
0.000407933
0.000227796
0.000108274
7.19465e-05
0.000126358
0.000244649
0.000391004
0.000534463
0.00153607
0.0015264
0.00145629
0.0012691
0.000969642
0.000654501
0.000407938
0.000227802
0.000108279
7.19508e-05
0.000126361
0.00024465
0.000391005
0.000534466
0.00153607
0.0015264
0.00145629
0.0012691
0.000969644
0.000654503
0.000407941
0.000227805
0.000108282
7.19529e-05
0.000126362
0.000244651
0.000391006
0.000534468
0.00153607
0.0015264
0.00145629
0.0012691
0.000969645
0.000654505
0.000407942
0.000227806
0.000108283
7.1954e-05
0.000126363
0.000244651
0.000391006
0.000534469
0.00153607
0.0015264
0.00145629
0.0012691
0.000969645
0.000654505
0.000407943
0.000227807
0.000108284
7.19546e-05
0.000126363
0.000244651
0.000391006
0.000534469
0.00153607
0.0015264
0.00145629
0.0012691
0.000969645
0.000654505
0.000407943
0.000227807
0.000108284
7.19548e-05
0.000126363
0.000244651
0.000391006
0.000534469
0.00153607
0.0015264
0.00145629
0.0012691
0.000969645
0.000654506
0.000407943
0.000227807
0.000108284
7.1955e-05
0.000126363
0.000244651
0.000391006
0.000534469
0.00153607
0.0015264
0.00145629
0.0012691
0.000969645
0.000654506
0.000407944
0.000227807
0.000108284
7.1955e-05
0.000126364
0.000244651
0.000391006
0.000534469
0.00153607
0.0015264
0.00145629
0.0012691
0.000969645
0.000654506
0.000407944
0.000227808
0.000108285
7.19551e-05
0.000126364
0.000244651
0.000391006
0.000534469
0.00153607
0.0015264
0.00145629
0.0012691
0.000969646
0.000654506
0.000407944
0.000227808
0.000108285
7.19551e-05
0.000126364
0.000244651
0.000391006
0.000534469
0.00153607
0.0015264
0.00145629
0.0012691
0.000969646
0.000654506
0.000407944
0.000227808
0.000108285
7.19551e-05
0.000126364
0.000244651
0.000391006
0.000534469
0.00153607
0.0015264
0.00145629
0.0012691
0.000969646
0.000654506
0.000407944
0.000227808
0.000108285
7.19551e-05
0.000126364
0.000244651
0.000391006
0.000534469
0.00153607
0.0015264
0.00145629
0.0012691
0.000969646
0.000654506
0.000407944
0.000227808
0.000108285
7.19551e-05
0.000126364
0.000244651
0.000391006
0.000534469
0.00153607
0.0015264
0.00145629
0.0012691
0.000969646
0.000654506
0.000407944
0.000227808
0.000108285
7.19551e-05
0.000126364
0.000244651
0.000391006
0.000534469
0.00153607
0.0015264
0.00145629
0.0012691
0.000969646
0.000654506
0.000407944
0.000227808
0.000108285
7.19551e-05
0.000126364
0.000244651
0.000391006
0.000534469
0.00153607
0.0015264
0.00145629
0.0012691
0.000969646
0.000654506
0.000407944
0.000227808
0.000108285
7.19551e-05
0.000126364
0.000244651
0.000391006
0.000534469
0.00153607
0.0015264
0.00145629
0.0012691
0.000969646
0.000654506
0.000407944
0.000227808
0.000108285
7.19551e-05
0.000126364
0.000244651
0.000391006
0.000534469
0.00153607
0.0015264
0.00145629
0.0012691
0.000969646
0.000654506
0.000407944
0.000227808
0.000108285
7.19551e-05
0.000126364
0.000244651
0.000391006
0.000534469
0.00153607
0.0015264
0.00145629
0.0012691
0.000969646
0.000654506
0.000407944
0.000227808
0.000108285
7.19551e-05
0.000126364
0.000244651
0.000391006
0.000534469
0.00153607
0.0015264
0.00145629
0.0012691
0.000969646
0.000654506
0.000407944
0.000227808
0.000108285
7.19551e-05
0.000126364
0.000244651
0.000391006
0.000534469
0.00153607
0.0015264
0.00145629
0.0012691
0.000969646
0.000654506
0.000407944
0.000227808
0.000108285
7.19551e-05
0.000126364
0.000244651
0.000391006
0.000534469
0.00153607
0.0015264
0.00145629
0.0012691
0.000969646
0.000654506
0.000407944
0.000227808
0.000108285
7.19551e-05
0.000126364
0.000244651
0.000391006
0.000534469
0.00153607
0.0015264
0.00145629
0.0012691
0.000969646
0.000654506
0.000407944
0.000227808
0.000108285
7.19551e-05
0.000126364
0.000244651
0.000391006
0.000534469
0.00153607
0.0015264
0.00145629
0.0012691
0.000969646
0.000654506
0.000407944
0.000227808
0.000108285
7.19551e-05
0.000126364
0.000244651
0.000391006
0.000534469
0.00153607
0.0015264
0.00145629
0.0012691
0.000969646
0.000654506
0.000407944
0.000227808
0.000108285
7.19551e-05
0.000126364
0.000244651
0.000391006
0.000534469
0.00153607
0.0015264
0.00145629
0.0012691
0.000969646
0.000654506
0.000407944
0.000227808
0.000108285
7.19551e-05
0.000126364
0.000244651
0.000391006
0.000534469
0.00153607
0.0015264
0.00145629
0.0012691
0.000969646
0.000654506
0.000407944
0.000227808
0.000108285
7.19551e-05
0.000126364
0.000244651
0.000391006
0.000534469
0.00153607
0.0015264
0.00145629
0.0012691
0.000969646
0.000654506
0.000407944
0.000227808
0.000108285
7.19551e-05
0.000126364
0.000244651
0.000391006
0.000534469
0.00153607
0.0015264
0.00145629
0.0012691
0.000969646
0.000654506
0.000407944
0.000227808
0.000108285
7.19551e-05
0.000126364
0.000244651
0.000391006
0.000534469
0.00153607
0.0015264
0.00145629
0.0012691
0.000969646
0.000654506
0.000407944
0.000227808
0.000108285
7.19551e-05
0.000126364
0.000244651
0.000391006
0.000534469
0.00153607
0.0015264
0.00145629
0.0012691
0.000969646
0.000654506
0.000407944
0.000227808
0.000108285
7.19551e-05
0.000126364
0.000244651
0.000391006
0.000534469
0.00153607
0.0015264
0.00145629
0.0012691
0.000969646
0.000654506
0.000407944
0.000227808
0.000108285
7.19551e-05
0.000126364
0.000244651
0.000391006
0.000534469
0.00153607
0.0015264
0.00145629
0.0012691
0.000969646
0.000654506
0.000407944
0.000227808
0.000108285
7.19551e-05
0.000126364
0.000244651
0.000391006
0.000534469
0.00153607
0.0015264
0.00145629
0.0012691
0.000969646
0.000654506
0.000407944
0.000227808
0.000108285
7.19551e-05
0.000126364
0.000244651
0.000391006
0.000534469
0.00153607
0.0015264
0.00145629
0.0012691
0.000969646
0.000654506
0.000407944
0.000227808
0.000108285
7.19551e-05
0.000126364
0.000244651
0.000391006
0.000534469
0.00153607
0.0015264
0.00145629
0.0012691
0.000969646
0.000654506
0.000407944
0.000227808
0.000108285
7.19551e-05
0.000126364
0.000244651
0.000391006
0.000534469
0.00153607
0.0015264
0.00145629
0.0012691
0.000969646
0.000654506
0.000407944
0.000227808
0.000108285
7.19551e-05
0.000126364
0.000244651
0.000391006
0.000534469
0.00153607
0.0015264
0.00145629
0.0012691
0.000969646
0.000654506
0.000407944
0.000227808
0.000108285
7.19551e-05
0.000126364
0.000244651
0.000391006
0.000534469
0.00153607
0.0015264
0.00145629
0.0012691
0.000969646
0.000654506
0.000407944
0.000227808
0.000108285
7.19551e-05
0.000126364
0.000244651
0.000391006
0.000534469
0.00153607
0.0015264
0.00145629
0.0012691
0.000969646
0.000654506
0.000407944
0.000227808
0.000108285
7.19551e-05
0.000126364
0.000244651
0.000391006
0.000534469
0.00153607
0.0015264
0.00145629
0.0012691
0.000969646
0.000654506
0.000407944
0.000227808
0.000108285
7.19551e-05
0.000126364
0.000244651
0.000391006
0.000534469
0.00153607
0.0015264
0.00145629
0.0012691
0.000969646
0.000654506
0.000407944
0.000227808
0.000108285
7.19551e-05
0.000126364
0.000244651
0.000391006
0.000534469
0.00153607
0.0015264
0.00145629
0.0012691
0.000969646
0.000654506
0.000407944
0.000227808
0.000108285
7.19551e-05
0.000126364
0.000244651
0.000391006
0.000534469
0.00153607
0.0015264
0.00145629
0.0012691
0.000969646
0.000654506
0.000407944
0.000227808
0.000108285
7.19551e-05
0.000126364
0.000244651
0.000391006
0.000534469
0.00153607
0.0015264
0.00145629
0.0012691
0.000969646
0.000654506
0.000407944
0.000227808
0.000108285
7.19551e-05
0.000126364
0.000244651
0.000391006
0.000534469
0.00153607
0.0015264
0.00145629
0.0012691
0.000969646
0.000654506
0.000407944
0.000227808
0.000108285
7.19551e-05
0.000126364
0.000244651
0.000391006
0.000534469
0.00153607
0.0015264
0.00145629
0.0012691
0.000969646
0.000654506
0.000407944
0.000227808
0.000108285
7.19551e-05
0.000126364
0.000244651
0.000391006
0.000534469
0.00153607
0.0015264
0.00145629
0.0012691
0.000969646
0.000654506
0.000407944
0.000227808
0.000108285
7.19551e-05
0.000126364
0.000244651
0.000391006
0.000534469
0.00153607
0.0015264
0.00145629
0.0012691
0.000969646
0.000654506
0.000407944
0.000227808
0.000108285
7.19551e-05
0.000126364
0.000244651
0.000391006
0.000534469
0.00153607
0.0015264
0.00145629
0.0012691
0.000969646
0.000654506
0.000407944
0.000227808
0.000108285
7.19551e-05
0.000126364
0.000244651
0.000391006
0.000534469
0.00153607
0.0015264
0.00145629
0.0012691
0.000969646
0.000654506
0.000407944
0.000227808
0.000108285
7.19551e-05
0.000126364
0.000244651
0.000391006
0.000534469
0.00153607
0.0015264
0.00145629
0.0012691
0.000969646
0.000654506
0.000407944
0.000227808
0.000108285
7.19551e-05
0.000126364
0.000244651
0.000391006
0.000534469
0.00153607
0.0015264
0.00145629
0.0012691
0.000969646
0.000654506
0.000407944
0.000227808
0.000108285
7.19551e-05
0.000126364
0.000244651
0.000391006
0.000534469
0.00153607
0.0015264
0.00145629
0.0012691
0.000969646
0.000654506
0.000407944
0.000227808
0.000108285
7.19551e-05
0.000126364
0.000244651
0.000391006
0.000534469
0.00153607
0.0015264
0.00145629
0.0012691
0.000969646
0.000654506
0.000407944
0.000227808
0.000108285
7.19551e-05
0.000126364
0.000244651
0.000391006
0.000534469
0.00153607
0.0015264
0.00145629
0.0012691
0.000969646
0.000654506
0.000407944
0.000227808
0.000108285
7.19551e-05
0.000126364
0.000244651
0.000391006
0.000534469
0.00153607
0.0015264
0.00145629
0.0012691
0.000969646
0.000654506
0.000407944
0.000227808
0.000108285
7.19551e-05
0.000126364
0.000244651
0.000391006
0.000534469
0.00153607
0.0015264
0.00145629
0.0012691
0.000969646
0.000654506
0.000407944
0.000227808
0.000108285
7.19551e-05
0.000126364
0.000244651
0.000391006
0.000534469
0.00153607
0.0015264
0.00145629
0.0012691
0.000969646
0.000654506
0.000407944
0.000227808
0.000108285
7.19551e-05
0.000126364
0.000244651
0.000391006
0.000534469
0.00153607
0.0015264
0.00145629
0.0012691
0.000969646
0.000654506
0.000407944
0.000227808
0.000108285
7.19551e-05
0.000126364
0.000244651
0.000391006
0.000534469
0.00153607
0.0015264
0.00145629
0.0012691
0.000969646
0.000654506
0.000407944
0.000227808
0.000108285
7.19551e-05
0.000126364
0.000244651
0.000391006
0.000534469
0.00153607
0.0015264
0.00145629
0.0012691
0.000969646
0.000654506
0.000407944
0.000227808
0.000108285
7.19551e-05
0.000126364
0.000244651
0.000391006
0.000534469
0.00153607
0.0015264
0.00145629
0.0012691
0.000969646
0.000654506
0.000407944
0.000227808
0.000108285
7.19551e-05
0.000126364
0.000244651
0.000391006
0.000534469
0.00153607
0.0015264
0.00145629
0.0012691
0.000969646
0.000654506
0.000407944
0.000227808
0.000108285
7.19551e-05
0.000126364
0.000244651
0.000391006
0.000534469
0.00153607
0.0015264
0.00145629
0.0012691
0.000969646
0.000654506
0.000407944
0.000227808
0.000108285
7.19551e-05
0.000126364
0.000244651
0.000391006
0.000534469
0.00153607
0.0015264
0.00145629
0.0012691
0.000969646
0.000654506
0.000407944
0.000227808
0.000108285
7.19551e-05
0.000126364
0.000244651
0.000391006
0.000534469
0.00153607
0.0015264
0.00145629
0.0012691
0.000969646
0.000654506
0.000407944
0.000227808
0.000108285
7.19551e-05
0.000126364
0.000244651
0.000391006
0.000534469
0.00153607
0.0015264
0.00145629
0.0012691
0.000969646
0.000654506
0.000407944
0.000227808
0.000108285
7.19551e-05
0.000126364
0.000244651
0.000391006
0.000534469
0.00153607
0.0015264
0.00145629
0.0012691
0.000969646
0.000654506
0.000407944
0.000227808
0.000108285
7.19551e-05
0.000126364
0.000244651
0.000391006
0.000534469
0.00153607
0.0015264
0.00145629
0.0012691
0.000969646
0.000654506
0.000407944
0.000227808
0.000108285
7.19551e-05
0.000126364
0.000244651
0.000391006
0.000534469
0.00153607
0.0015264
0.00145629
0.0012691
0.000969646
0.000654506
0.000407944
0.000227808
0.000108285
7.19551e-05
0.000126364
0.000244651
0.000391006
0.000534469
0.00153607
0.0015264
0.00145629
0.0012691
0.000969646
0.000654506
0.000407944
0.000227808
0.000108285
7.19551e-05
0.000126364
0.000244651
0.000391006
0.000534469
0.00153607
0.0015264
0.00145629
0.0012691
0.000969646
0.000654506
0.000407944
0.000227808
0.000108285
7.19551e-05
0.000126364
0.000244651
0.000391006
0.000534469
0.00153607
0.0015264
0.00145629
0.0012691
0.000969646
0.000654506
0.000407944
0.000227808
0.000108285
7.19551e-05
0.000126364
0.000244651
0.000391006
0.000534469
0.00153607
0.0015264
0.00145629
0.0012691
0.000969646
0.000654506
0.000407944
0.000227808
0.000108285
7.19551e-05
0.000126364
0.000244651
0.000391006
0.000534469
0.00153607
0.0015264
0.00145629
0.0012691
0.000969646
0.000654506
0.000407944
0.000227808
0.000108285
7.19551e-05
0.000126364
0.000244651
0.000391006
0.000534469
0.00153607
0.0015264
0.00145629
0.0012691
0.000969646
0.000654506
0.000407944
0.000227808
0.000108285
7.19551e-05
0.000126364
0.000244651
0.000391006
0.000534469
0.00153607
0.0015264
0.00145629
0.0012691
0.000969646
0.000654506
0.000407944
0.000227808
0.000108285
7.19551e-05
0.000126364
0.000244651
0.000391006
0.000534469
0.00153607
0.0015264
0.00145629
0.0012691
0.000969646
0.000654506
0.000407944
0.000227808
0.000108285
7.19551e-05
0.000126364
0.000244651
0.000391006
0.000534469
0.00153607
0.0015264
0.00145629
0.0012691
0.000969646
0.000654506
0.000407944
0.000227808
0.000108285
7.19551e-05
0.000126364
0.000244651
0.000391006
0.000534469
0.00153607
0.0015264
0.00145629
0.0012691
0.000969646
0.000654506
0.000407944
0.000227808
0.000108285
7.19551e-05
0.000126364
0.000244651
0.000391006
0.000534469
0.00153607
0.0015264
0.00145629
0.0012691
0.000969646
0.000654506
0.000407944
0.000227808
0.000108285
7.19551e-05
0.000126364
0.000244651
0.000391006
0.000534469
0.00153607
0.0015264
0.00145629
0.0012691
0.000969646
0.000654506
0.000407944
0.000227808
0.000108285
7.19551e-05
0.000126364
0.000244651
0.000391006
0.000534469
0.00153607
0.0015264
0.00145629
0.0012691
0.000969646
0.000654506
0.000407944
0.000227808
0.000108285
7.19551e-05
0.000126364
0.000244651
0.000391006
0.000534469
0.00153607
0.0015264
0.00145629
0.0012691
0.000969646
0.000654506
0.000407944
0.000227808
0.000108285
7.19551e-05
0.000126364
0.000244651
0.000391006
0.000534469
0.00153607
0.0015264
0.00145629
0.0012691
0.000969646
0.000654506
0.000407944
0.000227808
0.000108285
7.19551e-05
0.000126364
0.000244651
0.000391006
0.000534469
0.00153607
0.0015264
0.00145629
0.0012691
0.000969646
0.000654506
0.000407944
0.000227808
0.000108285
7.19551e-05
0.000126364
0.000244651
0.000391006
0.000534469
0.00153607
0.0015264
0.00145629
0.0012691
0.000969646
0.000654506
0.000407944
0.000227808
0.000108285
7.19551e-05
0.000126364
0.000244651
0.000391006
0.000534469
0.00153607
0.0015264
0.00145629
0.0012691
0.000969646
0.000654506
0.000407944
0.000227808
0.000108285
7.19551e-05
0.000126364
0.000244651
0.000391006
0.000534469
0.00153607
0.0015264
0.00145629
0.0012691
0.000969646
0.000654506
0.000407944
0.000227808
0.000108285
7.19551e-05
0.000126364
0.000244651
0.000391006
0.000534469
0.00153607
0.0015264
0.00145629
0.0012691
0.000969646
0.000654506
0.000407944
0.000227808
0.000108285
7.19551e-05
0.000126364
0.000244651
0.000391006
0.000534469
0.00153607
0.0015264
0.00145629
0.0012691
0.000969646
0.000654506
0.000407944
0.000227808
0.000108285
7.19551e-05
0.000126364
0.000244651
0.000391006
0.000534469
0.00153607
0.0015264
0.00145629
0.0012691
0.000969646
0.000654506
0.000407944
0.000227808
0.000108285
7.19551e-05
0.000126364
0.000244651
0.000391006
0.000534469
0.00153607
0.0015264
0.00145629
0.0012691
0.000969646
0.000654506
0.000407944
0.000227808
0.000108285
7.19551e-05
0.000126364
0.000244651
0.000391006
0.000534469
0.00153607
0.0015264
0.00145629
0.0012691
0.000969646
0.000654506
0.000407944
0.000227808
0.000108285
7.19551e-05
0.000126364
0.000244651
0.000391006
0.000534469
0.00153607
0.0015264
0.00145629
0.0012691
0.000969646
0.000654506
0.000407944
0.000227808
0.000108285
7.19551e-05
0.000126364
0.000244651
0.000391006
0.000534469
0.00153607
0.0015264
0.00145629
0.0012691
0.000969646
0.000654506
0.000407944
0.000227808
0.000108285
7.19551e-05
0.000126364
0.000244651
0.000391006
0.000534469
0.00153607
0.0015264
0.00145629
0.0012691
0.000969646
0.000654506
0.000407944
0.000227808
0.000108285
7.19551e-05
0.000126364
0.000244651
0.000391006
0.000534469
0.00153607
0.0015264
0.00145629
0.0012691
0.000969646
0.000654506
0.000407944
0.000227808
0.000108285
7.19551e-05
0.000126364
0.000244651
0.000391006
0.000534469
0.00153607
0.0015264
0.00145629
0.0012691
0.000969646
0.000654506
0.000407944
0.000227808
0.000108285
7.19551e-05
0.000126364
0.000244651
0.000391006
0.000534469
0.00153607
0.0015264
0.00145629
0.0012691
0.000969646
0.000654506
0.000407944
0.000227808
0.000108285
7.19551e-05
0.000126364
0.000244651
0.000391006
0.000534469
0.00102404
0.0010176
0.000970854
0.000846063
0.000646428
0.000436349
0.000271993
0.00015192
7.22396e-05
4.79946e-05
8.42115e-05
0.000162997
0.000260497
0.000356097
0.00102404
0.000979381
0.00062796
0.000376319
0.00219628
0.00449234
0.00638255
0.00688552
0.00516664
0.0010401
0.00284814
0.00415409
0.00206889
0.00601881
0.00102404
0.000979274
0.000717532
0.000152818
0.00063469
0.00143632
0.00207067
0.00237529
0.00215458
0.00132494
0.00014315
0.000758908
0.000722595
0.000739492
0.00102404
0.000996547
0.000836752
0.000495593
3.19361e-05
0.000414823
0.000748607
0.00093603
0.000926571
0.000677839
0.000247514
0.00016167
0.00028012
0.000100701
0.00102404
0.00100681
0.000902938
0.000671275
0.000345538
2.77857e-05
0.000209342
0.000357549
0.000401615
0.000315428
0.000116667
0.000104756
0.000221254
0.000128748
0.00102404
0.00101216
0.000936774
0.000758918
0.000497571
0.000235939
3.77289e-05
9.51686e-05
0.000158758
0.000133127
2.3083e-05
0.000121563
0.000229567
0.000241228
0.00102404
0.00101487
0.000953794
0.000802567
0.000572397
0.000337071
0.00015637
3.01769e-05
4.18343e-05
4.23498e-05
2.90567e-05
0.000139447
0.00024234
0.000298239
0.00102404
0.00101623
0.00096232
0.000824336
0.000609512
0.000386937
0.000214549
9.14856e-05
1.55517e-05
2.88395e-06
5.62811e-05
0.000150543
0.000250763
0.000327049
0.00102404
0.00101691
0.000966587
0.000835205
0.000627995
0.000411699
0.000243361
0.00012181
4.3982e-05
2.54555e-05
7.01609e-05
0.000156604
0.000255469
0.000341542
0.00102404
0.00101725
0.00096872
0.000840635
0.000637218
0.000424038
0.0002577
0.000136892
5.81323e-05
3.67292e-05
7.71652e-05
0.000159759
0.000257943
0.000348811
0.00102404
0.00101743
0.000969787
0.000843349
0.000641824
0.000430197
0.000264852
0.000144412
6.51913e-05
4.2363e-05
8.06831e-05
0.000161368
0.00025921
0.000352452
0.00102404
0.00101751
0.000970321
0.000844706
0.000644127
0.000433274
0.000268424
0.000148168
6.87168e-05
4.5179e-05
8.2446e-05
0.00016218
0.000259851
0.000354274
0.00102404
0.00101755
0.000970588
0.000845384
0.000645277
0.000434811
0.000270209
0.000150044
7.04786e-05
4.65869e-05
8.33284e-05
0.000162587
0.000260174
0.000355185
0.00102404
0.00101758
0.000970721
0.000845723
0.000645853
0.00043558
0.000271101
0.000150982
7.13592e-05
4.72908e-05
8.37699e-05
0.000162792
0.000260335
0.000355641
0.00102404
0.00101759
0.000970788
0.000845893
0.00064614
0.000435964
0.000271547
0.000151451
7.17994e-05
4.76427e-05
8.39906e-05
0.000162894
0.000260416
0.000355869
0.00102404
0.00101759
0.000970821
0.000845978
0.000646284
0.000436157
0.00027177
0.000151685
7.20195e-05
4.78186e-05
8.4101e-05
0.000162945
0.000260457
0.000355983
0.00102404
0.00101759
0.000970838
0.00084602
0.000646356
0.000436253
0.000271882
0.000151802
7.21296e-05
4.79066e-05
8.41563e-05
0.000162971
0.000260477
0.00035604
0.00102404
0.0010176
0.000970846
0.000846041
0.000646392
0.000436301
0.000271938
0.000151861
7.21846e-05
4.79506e-05
8.41839e-05
0.000162984
0.000260487
0.000356068
0.00102404
0.0010176
0.00097085
0.000846052
0.00064641
0.000436325
0.000271965
0.00015189
7.22121e-05
4.79726e-05
8.41977e-05
0.00016299
0.000260492
0.000356082
0.00102404
0.0010176
0.000970852
0.000846057
0.000646419
0.000436337
0.000271979
0.000151905
7.22259e-05
4.79836e-05
8.42046e-05
0.000162993
0.000260495
0.000356089
0.00102404
0.0010176
0.000970853
0.00084606
0.000646424
0.000436343
0.000271986
0.000151912
7.22328e-05
4.79891e-05
8.4208e-05
0.000162995
0.000260496
0.000356093
0.00102404
0.0010176
0.000970854
0.000846061
0.000646426
0.000436346
0.00027199
0.000151916
7.22362e-05
4.79919e-05
8.42097e-05
0.000162996
0.000260497
0.000356095
0.00102404
0.0010176
0.000970854
0.000846062
0.000646427
0.000436347
0.000271992
0.000151918
7.22379e-05
4.79932e-05
8.42106e-05
0.000162996
0.000260497
0.000356096
0.00102404
0.0010176
0.000970854
0.000846062
0.000646427
0.000436348
0.000271992
0.000151919
7.22388e-05
4.79939e-05
8.4211e-05
0.000162996
0.000260497
0.000356096
0.00102404
0.0010176
0.000970854
0.000846062
0.000646428
0.000436348
0.000271993
0.000151919
7.22392e-05
4.79943e-05
8.42112e-05
0.000162996
0.000260497
0.000356096
0.00102404
0.0010176
0.000970854
0.000846062
0.000646428
0.000436349
0.000271993
0.000151919
7.22394e-05
4.79944e-05
8.42114e-05
0.000162997
0.000260497
0.000356096
0.00102404
0.0010176
0.000970854
0.000846062
0.000646428
0.000436349
0.000271993
0.000151919
7.22395e-05
4.79945e-05
8.42114e-05
0.000162997
0.000260497
0.000356097
0.00102404
0.0010176
0.000970854
0.000846062
0.000646428
0.000436349
0.000271993
0.00015192
7.22396e-05
4.79946e-05
8.42114e-05
0.000162997
0.000260497
0.000356097
0.00102404
0.0010176
0.000970854
0.000846063
0.000646428
0.000436349
0.000271993
0.00015192
7.22396e-05
4.79946e-05
8.42114e-05
0.000162997
0.000260497
0.000356097
0.00102404
0.0010176
0.000970854
0.000846063
0.000646428
0.000436349
0.000271993
0.00015192
7.22396e-05
4.79946e-05
8.42115e-05
0.000162997
0.000260497
0.000356097
0.00102404
0.0010176
0.000970854
0.000846063
0.000646428
0.000436349
0.000271993
0.00015192
7.22396e-05
4.79946e-05
8.42115e-05
0.000162997
0.000260497
0.000356097
0.00102404
0.0010176
0.000970854
0.000846063
0.000646428
0.000436349
0.000271993
0.00015192
7.22396e-05
4.79946e-05
8.42115e-05
0.000162997
0.000260497
0.000356097
0.00102404
0.0010176
0.000970854
0.000846063
0.000646428
0.000436349
0.000271993
0.00015192
7.22396e-05
4.79946e-05
8.42115e-05
0.000162997
0.000260497
0.000356097
0.00102404
0.0010176
0.000970854
0.000846063
0.000646428
0.000436349
0.000271993
0.00015192
7.22396e-05
4.79946e-05
8.42115e-05
0.000162997
0.000260497
0.000356097
0.00102404
0.0010176
0.000970854
0.000846063
0.000646428
0.000436349
0.000271993
0.00015192
7.22396e-05
4.79946e-05
8.42115e-05
0.000162997
0.000260497
0.000356097
0.00102404
0.0010176
0.000970854
0.000846063
0.000646428
0.000436349
0.000271993
0.00015192
7.22396e-05
4.79946e-05
8.42115e-05
0.000162997
0.000260497
0.000356097
0.00102404
0.0010176
0.000970854
0.000846063
0.000646428
0.000436349
0.000271993
0.00015192
7.22396e-05
4.79946e-05
8.42115e-05
0.000162997
0.000260497
0.000356097
0.00102404
0.0010176
0.000970854
0.000846063
0.000646428
0.000436349
0.000271993
0.00015192
7.22396e-05
4.79946e-05
8.42115e-05
0.000162997
0.000260497
0.000356097
0.00102404
0.0010176
0.000970854
0.000846063
0.000646428
0.000436349
0.000271993
0.00015192
7.22396e-05
4.79946e-05
8.42115e-05
0.000162997
0.000260497
0.000356097
0.00102404
0.0010176
0.000970854
0.000846063
0.000646428
0.000436349
0.000271993
0.00015192
7.22396e-05
4.79946e-05
8.42115e-05
0.000162997
0.000260497
0.000356097
0.00102404
0.0010176
0.000970854
0.000846063
0.000646428
0.000436349
0.000271993
0.00015192
7.22396e-05
4.79946e-05
8.42115e-05
0.000162997
0.000260497
0.000356097
0.00102404
0.0010176
0.000970854
0.000846063
0.000646428
0.000436349
0.000271993
0.00015192
7.22396e-05
4.79946e-05
8.42115e-05
0.000162997
0.000260497
0.000356097
0.00102404
0.0010176
0.000970854
0.000846063
0.000646428
0.000436349
0.000271993
0.00015192
7.22396e-05
4.79946e-05
8.42115e-05
0.000162997
0.000260497
0.000356097
0.00102404
0.0010176
0.000970854
0.000846063
0.000646428
0.000436349
0.000271993
0.00015192
7.22396e-05
4.79946e-05
8.42115e-05
0.000162997
0.000260497
0.000356097
0.00102404
0.0010176
0.000970854
0.000846063
0.000646428
0.000436349
0.000271993
0.00015192
7.22396e-05
4.79946e-05
8.42115e-05
0.000162997
0.000260497
0.000356097
0.00102404
0.0010176
0.000970854
0.000846063
0.000646428
0.000436349
0.000271993
0.00015192
7.22396e-05
4.79946e-05
8.42115e-05
0.000162997
0.000260497
0.000356097
0.00102404
0.0010176
0.000970854
0.000846063
0.000646428
0.000436349
0.000271993
0.00015192
7.22396e-05
4.79946e-05
8.42115e-05
0.000162997
0.000260497
0.000356097
0.00102404
0.0010176
0.000970854
0.000846063
0.000646428
0.000436349
0.000271993
0.00015192
7.22396e-05
4.79946e-05
8.42115e-05
0.000162997
0.000260497
0.000356097
0.00102404
0.0010176
0.000970854
0.000846063
0.000646428
0.000436349
0.000271993
0.00015192
7.22396e-05
4.79946e-05
8.42115e-05
0.000162997
0.000260497
0.000356097
0.00102404
0.0010176
0.000970854
0.000846063
0.000646428
0.000436349
0.000271993
0.00015192
7.22396e-05
4.79946e-05
8.42115e-05
0.000162997
0.000260497
0.000356097
0.00102404
0.0010176
0.000970854
0.000846063
0.000646428
0.000436349
0.000271993
0.00015192
7.22396e-05
4.79946e-05
8.42115e-05
0.000162997
0.000260497
0.000356097
0.00102404
0.0010176
0.000970854
0.000846063
0.000646428
0.000436349
0.000271993
0.00015192
7.22396e-05
4.79946e-05
8.42115e-05
0.000162997
0.000260497
0.000356097
0.00102404
0.0010176
0.000970854
0.000846063
0.000646428
0.000436349
0.000271993
0.00015192
7.22396e-05
4.79946e-05
8.42115e-05
0.000162997
0.000260497
0.000356097
0.00102404
0.0010176
0.000970854
0.000846063
0.000646428
0.000436349
0.000271993
0.00015192
7.22396e-05
4.79946e-05
8.42115e-05
0.000162997
0.000260497
0.000356097
0.00102404
0.0010176
0.000970854
0.000846063
0.000646428
0.000436349
0.000271993
0.00015192
7.22396e-05
4.79946e-05
8.42115e-05
0.000162997
0.000260497
0.000356097
0.00102404
0.0010176
0.000970854
0.000846063
0.000646428
0.000436349
0.000271993
0.00015192
7.22396e-05
4.79946e-05
8.42115e-05
0.000162997
0.000260497
0.000356097
0.00102404
0.0010176
0.000970854
0.000846063
0.000646428
0.000436349
0.000271993
0.00015192
7.22396e-05
4.79946e-05
8.42115e-05
0.000162997
0.000260497
0.000356097
0.00102404
0.0010176
0.000970854
0.000846063
0.000646428
0.000436349
0.000271993
0.00015192
7.22396e-05
4.79946e-05
8.42115e-05
0.000162997
0.000260497
0.000356097
0.00102404
0.0010176
0.000970854
0.000846063
0.000646428
0.000436349
0.000271993
0.00015192
7.22396e-05
4.79946e-05
8.42115e-05
0.000162997
0.000260497
0.000356097
0.00102404
0.0010176
0.000970854
0.000846063
0.000646428
0.000436349
0.000271993
0.00015192
7.22396e-05
4.79946e-05
8.42115e-05
0.000162997
0.000260497
0.000356097
0.00102404
0.0010176
0.000970854
0.000846063
0.000646428
0.000436349
0.000271993
0.00015192
7.22396e-05
4.79946e-05
8.42115e-05
0.000162997
0.000260497
0.000356097
0.00102404
0.0010176
0.000970854
0.000846063
0.000646428
0.000436349
0.000271993
0.00015192
7.22396e-05
4.79946e-05
8.42115e-05
0.000162997
0.000260497
0.000356097
0.00102404
0.0010176
0.000970854
0.000846063
0.000646428
0.000436349
0.000271993
0.00015192
7.22396e-05
4.79946e-05
8.42115e-05
0.000162997
0.000260497
0.000356097
0.00102404
0.0010176
0.000970854
0.000846063
0.000646428
0.000436349
0.000271993
0.00015192
7.22396e-05
4.79946e-05
8.42115e-05
0.000162997
0.000260497
0.000356097
0.00102404
0.0010176
0.000970854
0.000846063
0.000646428
0.000436349
0.000271993
0.00015192
7.22396e-05
4.79946e-05
8.42115e-05
0.000162997
0.000260497
0.000356097
0.00102404
0.0010176
0.000970854
0.000846063
0.000646428
0.000436349
0.000271993
0.00015192
7.22396e-05
4.79946e-05
8.42115e-05
0.000162997
0.000260497
0.000356097
0.00102404
0.0010176
0.000970854
0.000846063
0.000646428
0.000436349
0.000271993
0.00015192
7.22396e-05
4.79946e-05
8.42115e-05
0.000162997
0.000260497
0.000356097
0.00102404
0.0010176
0.000970854
0.000846063
0.000646428
0.000436349
0.000271993
0.00015192
7.22396e-05
4.79946e-05
8.42115e-05
0.000162997
0.000260497
0.000356097
0.00102404
0.0010176
0.000970854
0.000846063
0.000646428
0.000436349
0.000271993
0.00015192
7.22396e-05
4.79946e-05
8.42115e-05
0.000162997
0.000260497
0.000356097
0.00102404
0.0010176
0.000970854
0.000846063
0.000646428
0.000436349
0.000271993
0.00015192
7.22396e-05
4.79946e-05
8.42115e-05
0.000162997
0.000260497
0.000356097
0.00102404
0.0010176
0.000970854
0.000846063
0.000646428
0.000436349
0.000271993
0.00015192
7.22396e-05
4.79946e-05
8.42115e-05
0.000162997
0.000260497
0.000356097
0.00102404
0.0010176
0.000970854
0.000846063
0.000646428
0.000436349
0.000271993
0.00015192
7.22396e-05
4.79946e-05
8.42115e-05
0.000162997
0.000260497
0.000356097
0.00102404
0.0010176
0.000970854
0.000846063
0.000646428
0.000436349
0.000271993
0.00015192
7.22396e-05
4.79946e-05
8.42115e-05
0.000162997
0.000260497
0.000356097
0.00102404
0.0010176
0.000970854
0.000846063
0.000646428
0.000436349
0.000271993
0.00015192
7.22396e-05
4.79946e-05
8.42115e-05
0.000162997
0.000260497
0.000356097
0.00102404
0.0010176
0.000970854
0.000846063
0.000646428
0.000436349
0.000271993
0.00015192
7.22396e-05
4.79946e-05
8.42115e-05
0.000162997
0.000260497
0.000356097
0.00102404
0.0010176
0.000970854
0.000846063
0.000646428
0.000436349
0.000271993
0.00015192
7.22396e-05
4.79946e-05
8.42115e-05
0.000162997
0.000260497
0.000356097
0.00102404
0.0010176
0.000970854
0.000846063
0.000646428
0.000436349
0.000271993
0.00015192
7.22396e-05
4.79946e-05
8.42115e-05
0.000162997
0.000260497
0.000356097
0.00102404
0.0010176
0.000970854
0.000846063
0.000646428
0.000436349
0.000271993
0.00015192
7.22396e-05
4.79946e-05
8.42115e-05
0.000162997
0.000260497
0.000356097
0.00102404
0.0010176
0.000970854
0.000846063
0.000646428
0.000436349
0.000271993
0.00015192
7.22396e-05
4.79946e-05
8.42115e-05
0.000162997
0.000260497
0.000356097
0.00102404
0.0010176
0.000970854
0.000846063
0.000646428
0.000436349
0.000271993
0.00015192
7.22396e-05
4.79946e-05
8.42115e-05
0.000162997
0.000260497
0.000356097
0.00102404
0.0010176
0.000970854
0.000846063
0.000646428
0.000436349
0.000271993
0.00015192
7.22396e-05
4.79946e-05
8.42115e-05
0.000162997
0.000260497
0.000356097
0.00102404
0.0010176
0.000970854
0.000846063
0.000646428
0.000436349
0.000271993
0.00015192
7.22396e-05
4.79946e-05
8.42115e-05
0.000162997
0.000260497
0.000356097
0.00102404
0.0010176
0.000970854
0.000846063
0.000646428
0.000436349
0.000271993
0.00015192
7.22396e-05
4.79946e-05
8.42115e-05
0.000162997
0.000260497
0.000356097
0.00102404
0.0010176
0.000970854
0.000846063
0.000646428
0.000436349
0.000271993
0.00015192
7.22396e-05
4.79946e-05
8.42115e-05
0.000162997
0.000260497
0.000356097
0.00102404
0.0010176
0.000970854
0.000846063
0.000646428
0.000436349
0.000271993
0.00015192
7.22396e-05
4.79946e-05
8.42115e-05
0.000162997
0.000260497
0.000356097
0.00102404
0.0010176
0.000970854
0.000846063
0.000646428
0.000436349
0.000271993
0.00015192
7.22396e-05
4.79946e-05
8.42115e-05
0.000162997
0.000260497
0.000356097
0.00102404
0.0010176
0.000970854
0.000846063
0.000646428
0.000436349
0.000271993
0.00015192
7.22396e-05
4.79946e-05
8.42115e-05
0.000162997
0.000260497
0.000356097
0.00102404
0.0010176
0.000970854
0.000846063
0.000646428
0.000436349
0.000271993
0.00015192
7.22396e-05
4.79946e-05
8.42115e-05
0.000162997
0.000260497
0.000356097
0.00102404
0.0010176
0.000970854
0.000846063
0.000646428
0.000436349
0.000271993
0.00015192
7.22396e-05
4.79946e-05
8.42115e-05
0.000162997
0.000260497
0.000356097
0.00102404
0.0010176
0.000970854
0.000846063
0.000646428
0.000436349
0.000271993
0.00015192
7.22396e-05
4.79946e-05
8.42115e-05
0.000162997
0.000260497
0.000356097
0.00102404
0.0010176
0.000970854
0.000846063
0.000646428
0.000436349
0.000271993
0.00015192
7.22396e-05
4.79946e-05
8.42115e-05
0.000162997
0.000260497
0.000356097
0.00102404
0.0010176
0.000970854
0.000846063
0.000646428
0.000436349
0.000271993
0.00015192
7.22396e-05
4.79946e-05
8.42115e-05
0.000162997
0.000260497
0.000356097
0.00102404
0.0010176
0.000970854
0.000846063
0.000646428
0.000436349
0.000271993
0.00015192
7.22396e-05
4.79946e-05
8.42115e-05
0.000162997
0.000260497
0.000356097
0.00102404
0.0010176
0.000970854
0.000846063
0.000646428
0.000436349
0.000271993
0.00015192
7.22396e-05
4.79946e-05
8.42115e-05
0.000162997
0.000260497
0.000356097
0.00102404
0.0010176
0.000970854
0.000846063
0.000646428
0.000436349
0.000271993
0.00015192
7.22396e-05
4.79946e-05
8.42115e-05
0.000162997
0.000260497
0.000356097
0.00102404
0.0010176
0.000970854
0.000846063
0.000646428
0.000436349
0.000271993
0.00015192
7.22396e-05
4.79946e-05
8.42115e-05
0.000162997
0.000260497
0.000356097
0.00102404
0.0010176
0.000970854
0.000846063
0.000646428
0.000436349
0.000271993
0.00015192
7.22396e-05
4.79946e-05
8.42115e-05
0.000162997
0.000260497
0.000356097
0.00102404
0.0010176
0.000970854
0.000846063
0.000646428
0.000436349
0.000271993
0.00015192
7.22396e-05
4.79946e-05
8.42115e-05
0.000162997
0.000260497
0.000356097
0.00102404
0.0010176
0.000970854
0.000846063
0.000646428
0.000436349
0.000271993
0.00015192
7.22396e-05
4.79946e-05
8.42115e-05
0.000162997
0.000260497
0.000356097
0.00102404
0.0010176
0.000970854
0.000846063
0.000646428
0.000436349
0.000271993
0.00015192
7.22396e-05
4.79946e-05
8.42115e-05
0.000162997
0.000260497
0.000356097
0.00102404
0.0010176
0.000970854
0.000846063
0.000646428
0.000436349
0.000271993
0.00015192
7.22396e-05
4.79946e-05
8.42115e-05
0.000162997
0.000260497
0.000356097
0.00102404
0.0010176
0.000970854
0.000846063
0.000646428
0.000436349
0.000271993
0.00015192
7.22396e-05
4.79946e-05
8.42115e-05
0.000162997
0.000260497
0.000356097
0.00102404
0.0010176
0.000970854
0.000846063
0.000646428
0.000436349
0.000271993
0.00015192
7.22396e-05
4.79946e-05
8.42115e-05
0.000162997
0.000260497
0.000356097
0.00102404
0.0010176
0.000970854
0.000846063
0.000646428
0.000436349
0.000271993
0.00015192
7.22396e-05
4.79946e-05
8.42115e-05
0.000162997
0.000260497
0.000356097
0.00102404
0.0010176
0.000970854
0.000846063
0.000646428
0.000436349
0.000271993
0.00015192
7.22396e-05
4.79946e-05
8.42115e-05
0.000162997
0.000260497
0.000356097
0.00102404
0.0010176
0.000970854
0.000846063
0.000646428
0.000436349
0.000271993
0.00015192
7.22396e-05
4.79946e-05
8.42115e-05
0.000162997
0.000260497
0.000356097
0.00102404
0.0010176
0.000970854
0.000846063
0.000646428
0.000436349
0.000271993
0.00015192
7.22396e-05
4.79946e-05
8.42115e-05
0.000162997
0.000260497
0.000356097
0.00102404
0.0010176
0.000970854
0.000846063
0.000646428
0.000436349
0.000271993
0.00015192
7.22396e-05
4.79946e-05
8.42115e-05
0.000162997
0.000260497
0.000356097
0.00102404
0.0010176
0.000970854
0.000846063
0.000646428
0.000436349
0.000271993
0.00015192
7.22396e-05
4.79946e-05
8.42115e-05
0.000162997
0.000260497
0.000356097
0.00102404
0.0010176
0.000970854
0.000846063
0.000646428
0.000436349
0.000271993
0.00015192
7.22396e-05
4.79946e-05
8.42115e-05
0.000162997
0.000260497
0.000356097
0.00102404
0.0010176
0.000970854
0.000846063
0.000646428
0.000436349
0.000271993
0.00015192
7.22396e-05
4.79946e-05
8.42115e-05
0.000162997
0.000260497
0.000356097
0.00102404
0.0010176
0.000970854
0.000846063
0.000646428
0.000436349
0.000271993
0.00015192
7.22396e-05
4.79946e-05
8.42115e-05
0.000162997
0.000260497
0.000356097
0.00102404
0.0010176
0.000970854
0.000846063
0.000646428
0.000436349
0.000271993
0.00015192
7.22396e-05
4.79946e-05
8.42115e-05
0.000162997
0.000260497
0.000356097
0.00102404
0.0010176
0.000970854
0.000846063
0.000646428
0.000436349
0.000271993
0.00015192
7.22396e-05
4.79946e-05
8.42115e-05
0.000162997
0.000260497
0.000356097
0.00102404
0.0010176
0.000970854
0.000846063
0.000646428
0.000436349
0.000271993
0.00015192
7.22396e-05
4.79946e-05
8.42115e-05
0.000162997
0.000260497
0.000356097
0.00102404
0.0010176
0.000970854
0.000846063
0.000646428
0.000436349
0.000271993
0.00015192
7.22396e-05
4.79946e-05
8.42115e-05
0.000162997
0.000260497
0.000356097
0.00102404
0.0010176
0.000970854
0.000846063
0.000646428
0.000436349
0.000271993
0.00015192
7.22396e-05
4.79946e-05
8.42115e-05
0.000162997
0.000260497
0.000356097
0.00102404
0.0010176
0.000970854
0.000846063
0.000646428
0.000436349
0.000271993
0.00015192
7.22396e-05
4.79946e-05
8.42115e-05
0.000162997
0.000260497
0.000356097
0.00102404
0.0010176
0.000970854
0.000846063
0.000646428
0.000436349
0.000271993
0.00015192
7.22396e-05
4.79946e-05
8.42115e-05
0.000162997
0.000260497
0.000356097
0.00102404
0.0010176
0.000970854
0.000846063
0.000646428
0.000436349
0.000271993
0.00015192
7.22396e-05
4.79946e-05
8.42115e-05
0.000162997
0.000260497
0.000356097
0.00102404
0.0010176
0.000970854
0.000846063
0.000646428
0.000436349
0.000271993
0.00015192
7.22396e-05
4.79946e-05
8.42115e-05
0.000162997
0.000260497
0.000356097
