0.00111451
0.00113505
0.00119731
0.00110905
0.000625442
0.000146285
0.000749712
0.000912978
0.000702119
0.000328825
8.09645e-06
0.000210459
0.000262385
0.000175586
0.00111451
0.00112741
0.00096067
0.000115923
0.00288188
0.0071961
0.0114443
0.0132018
0.0103244
0.00295817
0.00538561
0.00964083
0.00559261
0.00823029
0.00111451
0.00109225
0.000901044
0.000246996
0.00110283
0.00288594
0.00439237
0.00502823
0.0044773
0.00273458
0.00035855
0.00148606
0.00149215
0.00119539
0.00111451
0.00110921
0.00102865
0.000649119
0.000235423
0.00142327
0.00236284
0.00269781
0.00238694
0.00156936
0.000534327
0.000294469
0.000441173
0.000446429
0.00111451
0.00112141
0.00110971
0.000874672
0.000196338
0.000767959
0.00151882
0.00175469
0.00150269
0.000946882
0.000320765
0.000149282
0.000256209
0.000149843
0.00111451
0.00112809
0.00115287
0.000991036
0.000411298
0.000453484
0.00112626
0.00132286
0.00109297
0.000636461
0.00016773
0.000157882
0.000237537
7.27977e-06
0.00111451
0.00113154
0.00117495
0.00104987
0.000518481
0.000299035
0.000936132
0.00111537
0.000895305
0.000482217
8.23414e-05
0.000179108
0.000244797
8.98684e-05
0.00111451
0.00113329
0.0011861
0.00107942
0.000571991
0.000222454
0.000842476
0.00101356
0.000798168
0.000405406
3.77161e-05
0.00019357
0.000252335
0.000132319
0.00111451
0.00113417
0.0011917
0.00109422
0.000598724
0.000184319
0.000795985
0.000963116
0.000750009
0.000367086
1.49537e-05
0.000201717
0.00025705
0.000153849
0.00111451
0.00113461
0.0011945
0.00110163
0.000612085
0.000165289
0.000772821
0.000938009
0.000726031
0.000347948
3.46407e-06
0.000206014
0.000259641
0.000164691
0.00111451
0.00113483
0.00119591
0.00110534
0.000618764
0.000155784
0.00076126
0.000925485
0.000714067
0.000338384
2.3074e-06
0.000208218
0.000260993
0.000170132
0.00111451
0.00113494
0.00119661
0.00110719
0.000622103
0.000151034
0.000755485
0.000919229
0.000708091
0.000333604
5.19974e-06
0.000209334
0.000261684
0.000172857
0.00111451
0.00113499
0.00119696
0.00110812
0.000623772
0.000148659
0.000752598
0.000916103
0.000705105
0.000331214
6.64755e-06
0.000209895
0.000262033
0.000174221
0.00111451
0.00113502
0.00119714
0.00110858
0.000624607
0.000147472
0.000751155
0.000914541
0.000703612
0.00033002
7.37186e-06
0.000210177
0.000262209
0.000174903
0.00111451
0.00113504
0.00119722
0.00110881
0.000625024
0.000146878
0.000750434
0.000913759
0.000702866
0.000329422
7.73412e-06
0.000210318
0.000262297
0.000175244
0.00111451
0.00113504
0.00119727
0.00110893
0.000625233
0.000146582
0.000750073
0.000913369
0.000702493
0.000329123
7.91528e-06
0.000210388
0.000262341
0.000175415
0.00111451
0.00113505
0.00119729
0.00110899
0.000625337
0.000146433
0.000749893
0.000913174
0.000702306
0.000328974
8.00586e-06
0.000210423
0.000262363
0.0001755
0.00111451
0.00113505
0.0011973
0.00110902
0.00062539
0.000146359
0.000749803
0.000913076
0.000702213
0.000328899
8.05116e-06
0.000210441
0.000262374
0.000175543
0.00111451
0.00113505
0.00119731
0.00110903
0.000625416
0.000146322
0.000749757
0.000913027
0.000702166
0.000328862
8.0738e-06
0.00021045
0.000262379
0.000175564
0.00111451
0.00113505
0.00119731
0.00110904
0.000625429
0.000146303
0.000749735
0.000913003
0.000702143
0.000328843
8.08513e-06
0.000210454
0.000262382
0.000175575
0.00111451
0.00113505
0.00119731
0.00110904
0.000625435
0.000146294
0.000749724
0.000912991
0.000702131
0.000328834
8.09079e-06
0.000210456
0.000262383
0.00017558
0.00111451
0.00113505
0.00119731
0.00110904
0.000625439
0.000146289
0.000749718
0.000912984
0.000702125
0.000328829
8.09362e-06
0.000210458
0.000262384
0.000175583
0.00111451
0.00113505
0.00119731
0.00110905
0.00062544
0.000146287
0.000749715
0.000912981
0.000702122
0.000328827
8.09504e-06
0.000210458
0.000262384
0.000175584
0.00111451
0.00113505
0.00119731
0.00110905
0.000625441
0.000146286
0.000749714
0.00091298
0.000702121
0.000328826
8.09574e-06
0.000210458
0.000262385
0.000175585
0.00111451
0.00113505
0.00119731
0.00110905
0.000625441
0.000146285
0.000749713
0.000912979
0.00070212
0.000328825
8.0961e-06
0.000210458
0.000262385
0.000175585
0.00111451
0.00113505
0.00119731
0.00110905
0.000625442
0.000146285
0.000749713
0.000912979
0.00070212
0.000328825
8.09627e-06
0.000210459
0.000262385
0.000175585
0.00111451
0.00113505
0.00119731
0.00110905
0.000625442
0.000146285
0.000749713
0.000912979
0.00070212
0.000328825
8.09636e-06
0.000210459
0.000262385
0.000175585
0.00111451
0.00113505
0.00119731
0.00110905
0.000625442
0.000146285
0.000749712
0.000912978
0.000702119
0.000328825
8.09641e-06
0.000210459
0.000262385
0.000175585
0.00111451
0.00113505
0.00119731
0.00110905
0.000625442
0.000146285
0.000749712
0.000912978
0.000702119
0.000328825
8.09643e-06
0.000210459
0.000262385
0.000175585
0.00111451
0.00113505
0.00119731
0.00110905
0.000625442
0.000146285
0.000749712
0.000912978
0.000702119
0.000328825
8.09644e-06
0.000210459
0.000262385
0.000175586
0.00111451
0.00113505
0.00119731
0.00110905
0.000625442
0.000146285
0.000749712
0.000912978
0.000702119
0.000328825
8.09645e-06
0.000210459
0.000262385
0.000175586
0.00111451
0.00113505
0.00119731
0.00110905
0.000625442
0.000146285
0.000749712
0.000912978
0.000702119
0.000328825
8.09645e-06
0.000210459
0.000262385
0.000175586
0.00111451
0.00113505
0.00119731
0.00110905
0.000625442
0.000146285
0.000749712
0.000912978
0.000702119
0.000328825
8.09645e-06
0.000210459
0.000262385
0.000175586
0.00111451
0.00113505
0.00119731
0.00110905
0.000625442
0.000146285
0.000749712
0.000912978
0.000702119
0.000328825
8.09645e-06
0.000210459
0.000262385
0.000175586
0.00111451
0.00113505
0.00119731
0.00110905
0.000625442
0.000146285
0.000749712
0.000912978
0.000702119
0.000328825
8.09645e-06
0.000210459
0.000262385
0.000175586
0.00111451
0.00113505
0.00119731
0.00110905
0.000625442
0.000146285
0.000749712
0.000912978
0.000702119
0.000328825
8.09645e-06
0.000210459
0.000262385
0.000175586
0.00111451
0.00113505
0.00119731
0.00110905
0.000625442
0.000146285
0.000749712
0.000912978
0.000702119
0.000328825
8.09645e-06
0.000210459
0.000262385
0.000175586
0.00111451
0.00113505
0.00119731
0.00110905
0.000625442
0.000146285
0.000749712
0.000912978
0.000702119
0.000328825
8.09645e-06
0.000210459
0.000262385
0.000175586
0.00111451
0.00113505
0.00119731
0.00110905
0.000625442
0.000146285
0.000749712
0.000912978
0.000702119
0.000328825
8.09645e-06
0.000210459
0.000262385
0.000175586
0.00111451
0.00113505
0.00119731
0.00110905
0.000625442
0.000146285
0.000749712
0.000912978
0.000702119
0.000328825
8.09645e-06
0.000210459
0.000262385
0.000175586
0.00111451
0.00113505
0.00119731
0.00110905
0.000625442
0.000146285
0.000749712
0.000912978
0.000702119
0.000328825
8.09645e-06
0.000210459
0.000262385
0.000175586
0.00111451
0.00113505
0.00119731
0.00110905
0.000625442
0.000146285
0.000749712
0.000912978
0.000702119
0.000328825
8.09645e-06
0.000210459
0.000262385
0.000175586
0.00111451
0.00113505
0.00119731
0.00110905
0.000625442
0.000146285
0.000749712
0.000912978
0.000702119
0.000328825
8.09645e-06
0.000210459
0.000262385
0.000175586
0.00111451
0.00113505
0.00119731
0.00110905
0.000625442
0.000146285
0.000749712
0.000912978
0.000702119
0.000328825
8.09645e-06
0.000210459
0.000262385
0.000175586
0.00111451
0.00113505
0.00119731
0.00110905
0.000625442
0.000146285
0.000749712
0.000912978
0.000702119
0.000328825
8.09645e-06
0.000210459
0.000262385
0.000175586
0.00111451
0.00113505
0.00119731
0.00110905
0.000625442
0.000146285
0.000749712
0.000912978
0.000702119
0.000328825
8.09645e-06
0.000210459
0.000262385
0.000175586
0.00111451
0.00113505
0.00119731
0.00110905
0.000625442
0.000146285
0.000749712
0.000912978
0.000702119
0.000328825
8.09645e-06
0.000210459
0.000262385
0.000175586
0.00111451
0.00113505
0.00119731
0.00110905
0.000625442
0.000146285
0.000749712
0.000912978
0.000702119
0.000328825
8.09645e-06
0.000210459
0.000262385
0.000175586
0.00111451
0.00113505
0.00119731
0.00110905
0.000625442
0.000146285
0.000749712
0.000912978
0.000702119
0.000328825
8.09645e-06
0.000210459
0.000262385
0.000175586
0.00111451
0.00113505
0.00119731
0.00110905
0.000625442
0.000146285
0.000749712
0.000912978
0.000702119
0.000328825
8.09645e-06
0.000210459
0.000262385
0.000175586
0.00111451
0.00113505
0.00119731
0.00110905
0.000625442
0.000146285
0.000749712
0.000912978
0.000702119
0.000328825
8.09645e-06
0.000210459
0.000262385
0.000175586
0.00111451
0.00113505
0.00119731
0.00110905
0.000625442
0.000146285
0.000749712
0.000912978
0.000702119
0.000328825
8.09645e-06
0.000210459
0.000262385
0.000175586
0.00111451
0.00113505
0.00119731
0.00110905
0.000625442
0.000146285
0.000749712
0.000912978
0.000702119
0.000328825
8.09645e-06
0.000210459
0.000262385
0.000175586
0.00111451
0.00113505
0.00119731
0.00110905
0.000625442
0.000146285
0.000749712
0.000912978
0.000702119
0.000328825
8.09645e-06
0.000210459
0.000262385
0.000175586
0.00111451
0.00113505
0.00119731
0.00110905
0.000625442
0.000146285
0.000749712
0.000912978
0.000702119
0.000328825
8.09645e-06
0.000210459
0.000262385
0.000175586
0.00111451
0.00113505
0.00119731
0.00110905
0.000625442
0.000146285
0.000749712
0.000912978
0.000702119
0.000328825
8.09645e-06
0.000210459
0.000262385
0.000175586
0.00111451
0.00113505
0.00119731
0.00110905
0.000625442
0.000146285
0.000749712
0.000912978
0.000702119
0.000328825
8.09645e-06
0.000210459
0.000262385
0.000175586
0.00111451
0.00113505
0.00119731
0.00110905
0.000625442
0.000146285
0.000749712
0.000912978
0.000702119
0.000328825
8.09645e-06
0.000210459
0.000262385
0.000175586
0.00111451
0.00113505
0.00119731
0.00110905
0.000625442
0.000146285
0.000749712
0.000912978
0.000702119
0.000328825
8.09645e-06
0.000210459
0.000262385
0.000175586
0.00111451
0.00113505
0.00119731
0.00110905
0.000625442
0.000146285
0.000749712
0.000912978
0.000702119
0.000328825
8.09645e-06
0.000210459
0.000262385
0.000175586
0.00111451
0.00113505
0.00119731
0.00110905
0.000625442
0.000146285
0.000749712
0.000912978
0.000702119
0.000328825
8.09645e-06
0.000210459
0.000262385
0.000175586
0.00111451
0.00113505
0.00119731
0.00110905
0.000625442
0.000146285
0.000749712
0.000912978
0.000702119
0.000328825
8.09645e-06
0.000210459
0.000262385
0.000175586
0.00111451
0.00113505
0.00119731
0.00110905
0.000625442
0.000146285
0.000749712
0.000912978
0.000702119
0.000328825
8.09645e-06
0.000210459
0.000262385
0.000175586
0.00111451
0.00113505
0.00119731
0.00110905
0.000625442
0.000146285
0.000749712
0.000912978
0.000702119
0.000328825
8.09645e-06
0.000210459
0.000262385
0.000175586
0.00111451
0.00113505
0.00119731
0.00110905
0.000625442
0.000146285
0.000749712
0.000912978
0.000702119
0.000328825
8.09645e-06
0.000210459
0.000262385
0.000175586
0.00111451
0.00113505
0.00119731
0.00110905
0.000625442
0.000146285
0.000749712
0.000912978
0.000702119
0.000328825
8.09645e-06
0.000210459
0.000262385
0.000175586
0.00111451
0.00113505
0.00119731
0.00110905
0.000625442
0.000146285
0.000749712
0.000912978
0.000702119
0.000328825
8.09645e-06
0.000210459
0.000262385
0.000175586
0.00111451
0.00113505
0.00119731
0.00110905
0.000625442
0.000146285
0.000749712
0.000912978
0.000702119
0.000328825
8.09645e-06
0.000210459
0.000262385
0.000175586
0.00111451
0.00113505
0.00119731
0.00110905
0.000625442
0.000146285
0.000749712
0.000912978
0.000702119
0.000328825
8.09645e-06
0.000210459
0.000262385
0.000175586
0.00111451
0.00113505
0.00119731
0.00110905
0.000625442
0.000146285
0.000749712
0.000912978
0.000702119
0.000328825
8.09645e-06
0.000210459
0.000262385
0.000175586
0.00111451
0.00113505
0.00119731
0.00110905
0.000625442
0.000146285
0.000749712
0.000912978
0.000702119
0.000328825
8.09645e-06
0.000210459
0.000262385
0.000175586
0.00111451
0.00113505
0.00119731
0.00110905
0.000625442
0.000146285
0.000749712
0.000912978
0.000702119
0.000328825
8.09645e-06
0.000210459
0.000262385
0.000175586
0.00111451
0.00113505
0.00119731
0.00110905
0.000625442
0.000146285
0.000749712
0.000912978
0.000702119
0.000328825
8.09645e-06
0.000210459
0.000262385
0.000175586
0.00111451
0.00113505
0.00119731
0.00110905
0.000625442
0.000146285
0.000749712
0.000912978
0.000702119
0.000328825
8.09645e-06
0.000210459
0.000262385
0.000175586
0.00111451
0.00113505
0.00119731
0.00110905
0.000625442
0.000146285
0.000749712
0.000912978
0.000702119
0.000328825
8.09645e-06
0.000210459
0.000262385
0.000175586
0.00111451
0.00113505
0.00119731
0.00110905
0.000625442
0.000146285
0.000749712
0.000912978
0.000702119
0.000328825
8.09645e-06
0.000210459
0.000262385
0.000175586
0.00111451
0.00113505
0.00119731
0.00110905
0.000625442
0.000146285
0.000749712
0.000912978
0.000702119
0.000328825
8.09645e-06
0.000210459
0.000262385
0.000175586
0.00111451
0.00113505
0.00119731
0.00110905
0.000625442
0.000146285
0.000749712
0.000912978
0.000702119
0.000328825
8.09645e-06
0.000210459
0.000262385
0.000175586
0.00111451
0.00113505
0.00119731
0.00110905
0.000625442
0.000146285
0.000749712
0.000912978
0.000702119
0.000328825
8.09645e-06
0.000210459
0.000262385
0.000175586
0.00111451
0.00113505
0.00119731
0.00110905
0.000625442
0.000146285
0.000749712
0.000912978
0.000702119
0.000328825
8.09645e-06
0.000210459
0.000262385
0.000175586
0.00111451
0.00113505
0.00119731
0.00110905
0.000625442
0.000146285
0.000749712
0.000912978
0.000702119
0.000328825
8.09645e-06
0.000210459
0.000262385
0.000175586
0.00111451
0.00113505
0.00119731
0.00110905
0.000625442
0.000146285
0.000749712
0.000912978
0.000702119
0.000328825
8.09645e-06
0.000210459
0.000262385
0.000175586
0.00111451
0.00113505
0.00119731
0.00110905
0.000625442
0.000146285
0.000749712
0.000912978
0.000702119
0.000328825
8.09645e-06
0.000210459
0.000262385
0.000175586
0.00111451
0.00113505
0.00119731
0.00110905
0.000625442
0.000146285
0.000749712
0.000912978
0.000702119
0.000328825
8.09645e-06
0.000210459
0.000262385
0.000175586
0.00111451
0.00113505
0.00119731
0.00110905
0.000625442
0.000146285
0.000749712
0.000912978
0.000702119
0.000328825
8.09645e-06
0.000210459
0.000262385
0.000175586
0.00111451
0.00113505
0.00119731
0.00110905
0.000625442
0.000146285
0.000749712
0.000912978
0.000702119
0.000328825
8.09645e-06
0.000210459
0.000262385
0.000175586
0.00111451
0.00113505
0.00119731
0.00110905
0.000625442
0.000146285
0.000749712
0.000912978
0.000702119
0.000328825
8.09645e-06
0.000210459
0.000262385
0.000175586
0.00111451
0.00113505
0.00119731
0.00110905
0.000625442
0.000146285
0.000749712
0.000912978
0.000702119
0.000328825
8.09645e-06
0.000210459
0.000262385
0.000175586
0.00111451
0.00113505
0.00119731
0.00110905
0.000625442
0.000146285
0.000749712
0.000912978
0.000702119
0.000328825
8.09645e-06
0.000210459
0.000262385
0.000175586
0.00111451
0.00113505
0.00119731
0.00110905
0.000625442
0.000146285
0.000749712
0.000912978
0.000702119
0.000328825
8.09645e-06
0.000210459
0.000262385
0.000175586
0.00111451
0.00113505
0.00119731
0.00110905
0.000625442
0.000146285
0.000749712
0.000912978
0.000702119
0.000328825
8.09645e-06
0.000210459
0.000262385
0.000175586
0.00111451
0.00113505
0.00119731
0.00110905
0.000625442
0.000146285
0.000749712
0.000912978
0.000702119
0.000328825
8.09645e-06
0.000210459
0.000262385
0.000175586
0.00111451
0.00113505
0.00119731
0.00110905
0.000625442
0.000146285
0.000749712
0.000912978
0.000702119
0.000328825
8.09645e-06
0.000210459
0.000262385
0.000175586
0.00111451
0.00113505
0.00119731
0.00110905
0.000625442
0.000146285
0.000749712
0.000912978
0.000702119
0.000328825
8.09645e-06
0.000210459
0.000262385
0.000175586
0.00111451
0.00113505
0.00119731
0.00110905
0.000625442
0.000146285
0.000749712
0.000912978
0.000702119
0.000328825
8.09645e-06
0.000210459
0.000262385
0.000175586
0.00111451
0.00113505
0.00119731
0.00110905
0.000625442
0.000146285
0.000749712
0.000912978
0.000702119
0.000328825
8.09645e-06
0.000210459
0.000262385
0.000175586
0.00111451
0.00113505
0.00119731
0.00110905
0.000625442
0.000146285
0.000749712
0.000912978
0.000702119
0.000328825
8.09645e-06
0.000210459
0.000262385
0.000175586
0.00111451
0.00113505
0.00119731
0.00110905
0.000625442
0.000146285
0.000749712
0.000912978
0.000702119
0.000328825
8.09645e-06
0.000210459
0.000262385
0.000175586
0.00111451
0.00113505
0.00119731
0.00110905
0.000625442
0.000146285
0.000749712
0.000912978
0.000702119
0.000328825
8.09645e-06
0.000210459
0.000262385
0.000175586
0.00111451
0.00113505
0.00119731
0.00110905
0.000625442
0.000146285
0.000749712
0.000912978
0.000702119
0.000328825
8.09645e-06
0.000210459
0.000262385
0.000175586
0.00111451
0.00113505
0.00119731
0.00110905
0.000625442
0.000146285
0.000749712
0.000912978
0.000702119
0.000328825
8.09645e-06
0.000210459
0.000262385
0.000175586
0.00111451
0.00113505
0.00119731
0.00110905
0.000625442
0.000146285
0.000749712
0.000912978
0.000702119
0.000328825
8.09645e-06
0.000210459
0.000262385
0.000175586
0.00111451
0.00113505
0.00119731
0.00110905
0.000625442
0.000146285
0.000749712
0.000912978
0.000702119
0.000328825
8.09645e-06
0.000210459
0.000262385
0.000175586
0.00111451
0.00113505
0.00119731
0.00110905
0.000625442
0.000146285
0.000749712
0.000912978
0.000702119
0.000328825
8.09645e-06
0.000210459
0.000262385
0.000175586
0.00111451
0.00113505
0.00119731
0.00110905
0.000625442
0.000146285
0.000749712
0.000912978
0.000702119
0.000328825
8.09645e-06
0.000210459
0.000262385
0.000175586
0.00111451
0.00113505
0.00119731
0.00110905
0.000625442
0.000146285
0.000749712
0.000912978
0.000702119
0.000328825
8.09645e-06
0.000210459
0.000262385
0.000175586
0.00111451
0.00113505
0.00119731
0.00110905
0.000625442
0.000146285
0.000749712
0.000912978
0.000702119
0.000328825
8.09645e-06
0.000210459
0.000262385
0.000175586
0.00111451
0.00113505
0.00119731
0.00110905
0.000625442
0.000146285
0.000749712
0.000912978
0.000702119
0.000328825
8.09645e-06
0.000210459
0.000262385
0.000175586
0.00111451
0.00113505
0.00119731
0.00110905
0.000625442
0.000146285
0.000749712
0.000912978
0.000702119
0.000328825
8.09645e-06
0.000210459
0.000262385
0.000175586
0.00111451
0.00113505
0.00119731
0.00110905
0.000625442
0.000146285
0.000749712
0.000912978
0.000702119
0.000328825
8.09645e-06
0.000210459
0.000262385
0.000175586
0.00111451
0.00113505
0.00119731
0.00110905
0.000625442
0.000146285
0.000749712
0.000912978
0.000702119
0.000328825
8.09645e-06
0.000210459
0.000262385
0.000175586
0.00111451
0.00113505
0.00119731
0.00110905
0.000625442
0.000146285
0.000749712
0.000912978
0.000702119
0.000328825
8.09645e-06
0.000210459
0.000262385
0.000175586
0.00111451
0.00113505
0.00119731
0.00110905
0.000625442
0.000146285
0.000749712
0.000912978
0.000702119
0.000328825
8.09645e-06
0.000210459
0.000262385
0.000175586
0.00111451
0.00113505
0.00119731
0.00110905
0.000625442
0.000146285
0.000749712
0.000912978
0.000702119
0.000328825
8.09645e-06
0.000210459
0.000262385
0.000175586
0.00111451
0.00113505
0.00119731
0.00110905
0.000625442
0.000146285
0.000749712
0.000912978
0.000702119
0.000328825
8.09645e-06
0.000210459
0.000262385
0.000175586
0.00111451
0.00113505
0.00119731
0.00110905
0.000625442
0.000146285
0.000749712
0.000912978
0.000702119
0.000328825
8.09645e-06
0.000210459
0.000262385
0.000175586
0.00111451
0.00113505
0.00119731
0.00110905
0.000625442
0.000146285
0.000749712
0.000912978
0.000702119
0.000328825
8.09645e-06
0.000210459
0.000262385
0.000175586
0.00111451
0.00113505
0.00119731
0.00110905
0.000625442
0.000146285
0.000749712
0.000912978
0.000702119
0.000328825
8.09645e-06
0.000210459
0.000262385
0.000175586
0.00111451
0.00113505
0.00119731
0.00110905
0.000625442
0.000146285
0.000749712
0.000912978
0.000702119
0.000328825
8.09645e-06
0.000210459
0.000262385
0.000175586
0.00111451
0.00113505
0.00119731
0.00110905
0.000625442
0.000146285
0.000749712
0.000912978
0.000702119
0.000328825
8.09645e-06
0.000210459
0.000262385
0.000175586
0.00111451
0.00113505
0.00119731
0.00110905
0.000625442
0.000146285
0.000749712
0.000912978
0.000702119
0.000328825
8.09645e-06
0.000210459
0.000262385
0.000175586
0.000557256
0.000568058
0.000599314
0.000547729
0.000291502
0.000102787
0.000400186
0.000470792
0.00035603
0.000165276
3.99081e-06
0.000104936
0.000127921
7.57615e-05
0.000557256
0.000562369
0.000469705
9.0765e-05
0.00149763
0.0036581
0.00576576
0.00662935
0.00517722
0.00147255
0.00272197
0.00486191
0.00284548
0.00401721
0.000557256
0.000545889
0.00044681
0.000107357
0.000585018
0.00148468
0.00223234
0.00254007
0.00225603
0.0013765
0.00017924
0.000750252
0.000755765
0.000584628
0.000557256
0.000554785
0.000513025
0.000313679
0.000144327
0.00074687
0.00121241
0.00136968
0.00120551
0.000791209
0.000269375
0.00014851
0.000221964
0.000225602
0.000557256
0.000561071
0.000554582
0.00042862
7.44118e-05
0.000416329
0.00078761
0.000895
0.000760012
0.000477408
0.000161938
7.468e-05
0.000126782
8.26369e-05
0.000557256
0.000564496
0.00057664
0.000487791
0.000183197
0.000257718
0.000589903
0.000677436
0.000553337
0.000320704
8.47641e-05
7.87109e-05
0.000116385
6.34225e-06
0.000557256
0.000566262
0.00058791
0.00051768
0.000237414
0.000179823
0.000494119
0.000572843
0.000453572
0.000242791
4.16707e-05
8.92678e-05
0.00011955
3.3902e-05
0.000557256
0.000567156
0.000593596
0.000532686
0.000264475
0.000141201
0.00044693
0.000521511
0.000404531
0.00020398
1.91421e-05
9.6489e-05
0.000123102
5.46218e-05
0.000557256
0.000567606
0.000596451
0.000540203
0.000277993
0.000121968
0.000423503
0.000496076
0.000380213
0.000184614
7.64887e-06
0.000100562
0.000125355
6.51383e-05
0.000557256
0.000567832
0.000597882
0.000543965
0.000284749
0.000112371
0.000411831
0.000483415
0.000368105
0.000174942
1.84706e-06
0.000102712
0.000126599
7.04365e-05
0.000557256
0.000567945
0.000598598
0.000545847
0.000288126
0.000107577
0.000406005
0.000477099
0.000362063
0.000170108
1.0674e-06
0.000103815
0.000127251
7.30956e-05
0.000557256
0.000568001
0.000598956
0.000546788
0.000289814
0.000105181
0.000403094
0.000473944
0.000359045
0.000167692
2.52799e-06
0.000104373
0.000127583
7.44277e-05
0.000557256
0.00056803
0.000599135
0.000547259
0.000290658
0.000103984
0.00040164
0.000472368
0.000357537
0.000166484
3.25913e-06
0.000104654
0.000127752
7.50944e-05
0.000557256
0.000568044
0.000599224
0.000547494
0.00029108
0.000103385
0.000400913
0.00047158
0.000356783
0.00016588
3.6249e-06
0.000104795
0.000127836
7.54279e-05
0.000557256
0.000568051
0.000599269
0.000547612
0.000291291
0.000103086
0.000400549
0.000471186
0.000356406
0.000165578
3.80784e-06
0.000104865
0.000127878
7.55947e-05
0.000557256
0.000568054
0.000599292
0.000547671
0.000291397
0.000102936
0.000400367
0.000470989
0.000356218
0.000165427
3.89932e-06
0.0001049
0.0001279
7.56781e-05
0.000557256
0.000568056
0.000599303
0.0005477
0.00029145
0.000102861
0.000400276
0.000470891
0.000356124
0.000165352
3.94507e-06
0.000104918
0.00012791
7.57198e-05
0.000557256
0.000568057
0.000599308
0.000547715
0.000291476
0.000102824
0.000400231
0.000470841
0.000356077
0.000165314
3.96794e-06
0.000104927
0.000127916
7.57407e-05
0.000557256
0.000568058
0.000599311
0.000547722
0.000291489
0.000102805
0.000400208
0.000470817
0.000356053
0.000165295
3.97938e-06
0.000104931
0.000127918
7.57511e-05
0.000557256
0.000568058
0.000599313
0.000547726
0.000291496
0.000102796
0.000400197
0.000470804
0.000356041
0.000165286
3.9851e-06
0.000104934
0.00012792
7.57563e-05
0.000557256
0.000568058
0.000599313
0.000547728
0.000291499
0.000102791
0.000400191
0.000470798
0.000356036
0.000165281
3.98795e-06
0.000104935
0.00012792
7.57589e-05
0.000557256
0.000568058
0.000599314
0.000547729
0.000291501
0.000102789
0.000400188
0.000470795
0.000356033
0.000165279
3.98938e-06
0.000104935
0.000127921
7.57602e-05
0.000557256
0.000568058
0.000599314
0.000547729
0.000291502
0.000102788
0.000400187
0.000470794
0.000356031
0.000165277
3.9901e-06
0.000104935
0.000127921
7.57609e-05
0.000557256
0.000568058
0.000599314
0.000547729
0.000291502
0.000102787
0.000400186
0.000470793
0.00035603
0.000165277
3.99046e-06
0.000104936
0.000127921
7.57612e-05
0.000557256
0.000568058
0.000599314
0.000547729
0.000291502
0.000102787
0.000400186
0.000470792
0.00035603
0.000165277
3.99064e-06
0.000104936
0.000127921
7.57614e-05
0.000557256
0.000568058
0.000599314
0.000547729
0.000291502
0.000102787
0.000400186
0.000470792
0.00035603
0.000165276
3.99072e-06
0.000104936
0.000127921
7.57614e-05
0.000557256
0.000568058
0.000599314
0.000547729
0.000291502
0.000102787
0.000400186
0.000470792
0.00035603
0.000165276
3.99077e-06
0.000104936
0.000127921
7.57615e-05
0.000557256
0.000568058
0.000599314
0.000547729
0.000291502
0.000102787
0.000400186
0.000470792
0.00035603
0.000165276
3.99079e-06
0.000104936
0.000127921
7.57615e-05
0.000557256
0.000568058
0.000599314
0.000547729
0.000291502
0.000102787
0.000400186
0.000470792
0.00035603
0.000165276
3.9908e-06
0.000104936
0.000127921
7.57615e-05
0.000557256
0.000568058
0.000599314
0.000547729
0.000291502
0.000102787
0.000400186
0.000470792
0.00035603
0.000165276
3.99081e-06
0.000104936
0.000127921
7.57615e-05
0.000557256
0.000568058
0.000599314
0.000547729
0.000291502
0.000102787
0.000400186
0.000470792
0.00035603
0.000165276
3.99081e-06
0.000104936
0.000127921
7.57615e-05
0.000557256
0.000568058
0.000599314
0.000547729
0.000291502
0.000102787
0.000400186
0.000470792
0.00035603
0.000165276
3.99081e-06
0.000104936
0.000127921
7.57615e-05
0.000557256
0.000568058
0.000599314
0.000547729
0.000291502
0.000102787
0.000400186
0.000470792
0.00035603
0.000165276
3.99081e-06
0.000104936
0.000127921
7.57615e-05
0.000557256
0.000568058
0.000599314
0.000547729
0.000291502
0.000102787
0.000400186
0.000470792
0.00035603
0.000165276
3.99081e-06
0.000104936
0.000127921
7.57615e-05
0.000557256
0.000568058
0.000599314
0.000547729
0.000291502
0.000102787
0.000400186
0.000470792
0.00035603
0.000165276
3.99081e-06
0.000104936
0.000127921
7.57615e-05
0.000557256
0.000568058
0.000599314
0.000547729
0.000291502
0.000102787
0.000400186
0.000470792
0.00035603
0.000165276
3.99081e-06
0.000104936
0.000127921
7.57615e-05
0.000557256
0.000568058
0.000599314
0.000547729
0.000291502
0.000102787
0.000400186
0.000470792
0.00035603
0.000165276
3.99081e-06
0.000104936
0.000127921
7.57615e-05
0.000557256
0.000568058
0.000599314
0.000547729
0.000291502
0.000102787
0.000400186
0.000470792
0.00035603
0.000165276
3.99081e-06
0.000104936
0.000127921
7.57615e-05
0.000557256
0.000568058
0.000599314
0.000547729
0.000291502
0.000102787
0.000400186
0.000470792
0.00035603
0.000165276
3.99081e-06
0.000104936
0.000127921
7.57615e-05
0.000557256
0.000568058
0.000599314
0.000547729
0.000291502
0.000102787
0.000400186
0.000470792
0.00035603
0.000165276
3.99081e-06
0.000104936
0.000127921
7.57615e-05
0.000557256
0.000568058
0.000599314
0.000547729
0.000291502
0.000102787
0.000400186
0.000470792
0.00035603
0.000165276
3.99081e-06
0.000104936
0.000127921
7.57615e-05
0.000557256
0.000568058
0.000599314
0.000547729
0.000291502
0.000102787
0.000400186
0.000470792
0.00035603
0.000165276
3.99081e-06
0.000104936
0.000127921
7.57615e-05
0.000557256
0.000568058
0.000599314
0.000547729
0.000291502
0.000102787
0.000400186
0.000470792
0.00035603
0.000165276
3.99081e-06
0.000104936
0.000127921
7.57615e-05
0.000557256
0.000568058
0.000599314
0.000547729
0.000291502
0.000102787
0.000400186
0.000470792
0.00035603
0.000165276
3.99081e-06
0.000104936
0.000127921
7.57615e-05
0.000557256
0.000568058
0.000599314
0.000547729
0.000291502
0.000102787
0.000400186
0.000470792
0.00035603
0.000165276
3.99081e-06
0.000104936
0.000127921
7.57615e-05
0.000557256
0.000568058
0.000599314
0.000547729
0.000291502
0.000102787
0.000400186
0.000470792
0.00035603
0.000165276
3.99081e-06
0.000104936
0.000127921
7.57615e-05
0.000557256
0.000568058
0.000599314
0.000547729
0.000291502
0.000102787
0.000400186
0.000470792
0.00035603
0.000165276
3.99081e-06
0.000104936
0.000127921
7.57615e-05
0.000557256
0.000568058
0.000599314
0.000547729
0.000291502
0.000102787
0.000400186
0.000470792
0.00035603
0.000165276
3.99081e-06
0.000104936
0.000127921
7.57615e-05
0.000557256
0.000568058
0.000599314
0.000547729
0.000291502
0.000102787
0.000400186
0.000470792
0.00035603
0.000165276
3.99081e-06
0.000104936
0.000127921
7.57615e-05
0.000557256
0.000568058
0.000599314
0.000547729
0.000291502
0.000102787
0.000400186
0.000470792
0.00035603
0.000165276
3.99081e-06
0.000104936
0.000127921
7.57615e-05
0.000557256
0.000568058
0.000599314
0.000547729
0.000291502
0.000102787
0.000400186
0.000470792
0.00035603
0.000165276
3.99081e-06
0.000104936
0.000127921
7.57615e-05
0.000557256
0.000568058
0.000599314
0.000547729
0.000291502
0.000102787
0.000400186
0.000470792
0.00035603
0.000165276
3.99081e-06
0.000104936
0.000127921
7.57615e-05
0.000557256
0.000568058
0.000599314
0.000547729
0.000291502
0.000102787
0.000400186
0.000470792
0.00035603
0.000165276
3.99081e-06
0.000104936
0.000127921
7.57615e-05
0.000557256
0.000568058
0.000599314
0.000547729
0.000291502
0.000102787
0.000400186
0.000470792
0.00035603
0.000165276
3.99081e-06
0.000104936
0.000127921
7.57615e-05
0.000557256
0.000568058
0.000599314
0.000547729
0.000291502
0.000102787
0.000400186
0.000470792
0.00035603
0.000165276
3.99081e-06
0.000104936
0.000127921
7.57615e-05
0.000557256
0.000568058
0.000599314
0.000547729
0.000291502
0.000102787
0.000400186
0.000470792
0.00035603
0.000165276
3.99081e-06
0.000104936
0.000127921
7.57615e-05
0.000557256
0.000568058
0.000599314
0.000547729
0.000291502
0.000102787
0.000400186
0.000470792
0.00035603
0.000165276
3.99081e-06
0.000104936
0.000127921
7.57615e-05
0.000557256
0.000568058
0.000599314
0.000547729
0.000291502
0.000102787
0.000400186
0.000470792
0.00035603
0.000165276
3.99081e-06
0.000104936
0.000127921
7.57615e-05
0.000557256
0.000568058
0.000599314
0.000547729
0.000291502
0.000102787
0.000400186
0.000470792
0.00035603
0.000165276
3.99081e-06
0.000104936
0.000127921
7.57615e-05
0.000557256
0.000568058
0.000599314
0.000547729
0.000291502
0.000102787
0.000400186
0.000470792
0.00035603
0.000165276
3.99081e-06
0.000104936
0.000127921
7.57615e-05
0.000557256
0.000568058
0.000599314
0.000547729
0.000291502
0.000102787
0.000400186
0.000470792
0.00035603
0.000165276
3.99081e-06
0.000104936
0.000127921
7.57615e-05
0.000557256
0.000568058
0.000599314
0.000547729
0.000291502
0.000102787
0.000400186
0.000470792
0.00035603
0.000165276
3.99081e-06
0.000104936
0.000127921
7.57615e-05
0.000557256
0.000568058
0.000599314
0.000547729
0.000291502
0.000102787
0.000400186
0.000470792
0.00035603
0.000165276
3.99081e-06
0.000104936
0.000127921
7.57615e-05
0.000557256
0.000568058
0.000599314
0.000547729
0.000291502
0.000102787
0.000400186
0.000470792
0.00035603
0.000165276
3.99081e-06
0.000104936
0.000127921
7.57615e-05
0.000557256
0.000568058
0.000599314
0.000547729
0.000291502
0.000102787
0.000400186
0.000470792
0.00035603
0.000165276
3.99081e-06
0.000104936
0.000127921
7.57615e-05
0.000557256
0.000568058
0.000599314
0.000547729
0.000291502
0.000102787
0.000400186
0.000470792
0.00035603
0.000165276
3.99081e-06
0.000104936
0.000127921
7.57615e-05
0.000557256
0.000568058
0.000599314
0.000547729
0.000291502
0.000102787
0.000400186
0.000470792
0.00035603
0.000165276
3.99081e-06
0.000104936
0.000127921
7.57615e-05
0.000557256
0.000568058
0.000599314
0.000547729
0.000291502
0.000102787
0.000400186
0.000470792
0.00035603
0.000165276
3.99081e-06
0.000104936
0.000127921
7.57615e-05
0.000557256
0.000568058
0.000599314
0.000547729
0.000291502
0.000102787
0.000400186
0.000470792
0.00035603
0.000165276
3.99081e-06
0.000104936
0.000127921
7.57615e-05
0.000557256
0.000568058
0.000599314
0.000547729
0.000291502
0.000102787
0.000400186
0.000470792
0.00035603
0.000165276
3.99081e-06
0.000104936
0.000127921
7.57615e-05
0.000557256
0.000568058
0.000599314
0.000547729
0.000291502
0.000102787
0.000400186
0.000470792
0.00035603
0.000165276
3.99081e-06
0.000104936
0.000127921
7.57615e-05
0.000557256
0.000568058
0.000599314
0.000547729
0.000291502
0.000102787
0.000400186
0.000470792
0.00035603
0.000165276
3.99081e-06
0.000104936
0.000127921
7.57615e-05
0.000557256
0.000568058
0.000599314
0.000547729
0.000291502
0.000102787
0.000400186
0.000470792
0.00035603
0.000165276
3.99081e-06
0.000104936
0.000127921
7.57615e-05
0.000557256
0.000568058
0.000599314
0.000547729
0.000291502
0.000102787
0.000400186
0.000470792
0.00035603
0.000165276
3.99081e-06
0.000104936
0.000127921
7.57615e-05
0.000557256
0.000568058
0.000599314
0.000547729
0.000291502
0.000102787
0.000400186
0.000470792
0.00035603
0.000165276
3.99081e-06
0.000104936
0.000127921
7.57615e-05
0.000557256
0.000568058
0.000599314
0.000547729
0.000291502
0.000102787
0.000400186
0.000470792
0.00035603
0.000165276
3.99081e-06
0.000104936
0.000127921
7.57615e-05
0.000557256
0.000568058
0.000599314
0.000547729
0.000291502
0.000102787
0.000400186
0.000470792
0.00035603
0.000165276
3.99081e-06
0.000104936
0.000127921
7.57615e-05
0.000557256
0.000568058
0.000599314
0.000547729
0.000291502
0.000102787
0.000400186
0.000470792
0.00035603
0.000165276
3.99081e-06
0.000104936
0.000127921
7.57615e-05
0.000557256
0.000568058
0.000599314
0.000547729
0.000291502
0.000102787
0.000400186
0.000470792
0.00035603
0.000165276
3.99081e-06
0.000104936
0.000127921
7.57615e-05
0.000557256
0.000568058
0.000599314
0.000547729
0.000291502
0.000102787
0.000400186
0.000470792
0.00035603
0.000165276
3.99081e-06
0.000104936
0.000127921
7.57615e-05
0.000557256
0.000568058
0.000599314
0.000547729
0.000291502
0.000102787
0.000400186
0.000470792
0.00035603
0.000165276
3.99081e-06
0.000104936
0.000127921
7.57615e-05
0.000557256
0.000568058
0.000599314
0.000547729
0.000291502
0.000102787
0.000400186
0.000470792
0.00035603
0.000165276
3.99081e-06
0.000104936
0.000127921
7.57615e-05
0.000557256
0.000568058
0.000599314
0.000547729
0.000291502
0.000102787
0.000400186
0.000470792
0.00035603
0.000165276
3.99081e-06
0.000104936
0.000127921
7.57615e-05
0.000557256
0.000568058
0.000599314
0.000547729
0.000291502
0.000102787
0.000400186
0.000470792
0.00035603
0.000165276
3.99081e-06
0.000104936
0.000127921
7.57615e-05
0.000557256
0.000568058
0.000599314
0.000547729
0.000291502
0.000102787
0.000400186
0.000470792
0.00035603
0.000165276
3.99081e-06
0.000104936
0.000127921
7.57615e-05
0.000557256
0.000568058
0.000599314
0.000547729
0.000291502
0.000102787
0.000400186
0.000470792
0.00035603
0.000165276
3.99081e-06
0.000104936
0.000127921
7.57615e-05
0.000557256
0.000568058
0.000599314
0.000547729
0.000291502
0.000102787
0.000400186
0.000470792
0.00035603
0.000165276
3.99081e-06
0.000104936
0.000127921
7.57615e-05
0.000557256
0.000568058
0.000599314
0.000547729
0.000291502
0.000102787
0.000400186
0.000470792
0.00035603
0.000165276
3.99081e-06
0.000104936
0.000127921
7.57615e-05
0.000557256
0.000568058
0.000599314
0.000547729
0.000291502
0.000102787
0.000400186
0.000470792
0.00035603
0.000165276
3.99081e-06
0.000104936
0.000127921
7.57615e-05
0.000557256
0.000568058
0.000599314
0.000547729
0.000291502
0.000102787
0.000400186
0.000470792
0.00035603
0.000165276
3.99081e-06
0.000104936
0.000127921
7.57615e-05
0.000557256
0.000568058
0.000599314
0.000547729
0.000291502
0.000102787
0.000400186
0.000470792
0.00035603
0.000165276
3.99081e-06
0.000104936
0.000127921
7.57615e-05
0.000557256
0.000568058
0.000599314
0.000547729
0.000291502
0.000102787
0.000400186
0.000470792
0.00035603
0.000165276
3.99081e-06
0.000104936
0.000127921
7.57615e-05
0.000557256
0.000568058
0.000599314
0.000547729
0.000291502
0.000102787
0.000400186
0.000470792
0.00035603
0.000165276
3.99081e-06
0.000104936
0.000127921
7.57615e-05
0.000557256
0.000568058
0.000599314
0.000547729
0.000291502
0.000102787
0.000400186
0.000470792
0.00035603
0.000165276
3.99081e-06
0.000104936
0.000127921
7.57615e-05
0.000557256
0.000568058
0.000599314
0.000547729
0.000291502
0.000102787
0.000400186
0.000470792
0.00035603
0.000165276
3.99081e-06
0.000104936
0.000127921
7.57615e-05
0.000557256
0.000568058
0.000599314
0.000547729
0.000291502
0.000102787
0.000400186
0.000470792
0.00035603
0.000165276
3.99081e-06
0.000104936
0.000127921
7.57615e-05
0.000557256
0.000568058
0.000599314
0.000547729
0.000291502
0.000102787
0.000400186
0.000470792
0.00035603
0.000165276
3.99081e-06
0.000104936
0.000127921
7.57615e-05
0.000557256
0.000568058
0.000599314
0.000547729
0.000291502
0.000102787
0.000400186
0.000470792
0.00035603
0.000165276
3.99081e-06
0.000104936
0.000127921
7.57615e-05
0.000557256
0.000568058
0.000599314
0.000547729
0.000291502
0.000102787
0.000400186
0.000470792
0.00035603
0.000165276
3.99081e-06
0.000104936
0.000127921
7.57615e-05
0.000557256
0.000568058
0.000599314
0.000547729
0.000291502
0.000102787
0.000400186
0.000470792
0.00035603
0.000165276
3.99081e-06
0.000104936
0.000127921
7.57615e-05
0.000557256
0.000568058
0.000599314
0.000547729
0.000291502
0.000102787
0.000400186
0.000470792
0.00035603
0.000165276
3.99081e-06
0.000104936
0.000127921
7.57615e-05
0.000557256
0.000568058
0.000599314
0.000547729
0.000291502
0.000102787
0.000400186
0.000470792
0.00035603
0.000165276
3.99081e-06
0.000104936
0.000127921
7.57615e-05
0.000557256
0.000568058
0.000599314
0.000547729
0.000291502
0.000102787
0.000400186
0.000470792
0.00035603
0.000165276
3.99081e-06
0.000104936
0.000127921
7.57615e-05
0.000557256
0.000568058
0.000599314
0.000547729
0.000291502
0.000102787
0.000400186
0.000470792
0.00035603
0.000165276
3.99081e-06
0.000104936
0.000127921
7.57615e-05
0.000557256
0.000568058
0.000599314
0.000547729
0.000291502
0.000102787
0.000400186
0.000470792
0.00035603
0.000165276
3.99081e-06
0.000104936
0.000127921
7.57615e-05
0.000557256
0.000568058
0.000599314
0.000547729
0.000291502
0.000102787
0.000400186
0.000470792
0.00035603
0.000165276
3.99081e-06
0.000104936
0.000127921
7.57615e-05
0.000557256
0.000568058
0.000599314
0.000547729
0.000291502
0.000102787
0.000400186
0.000470792
0.00035603
0.000165276
3.99081e-06
0.000104936
0.000127921
7.57615e-05
0.000557256
0.000568058
0.000599314
0.000547729
0.000291502
0.000102787
0.000400186
0.000470792
0.00035603
0.000165276
3.99081e-06
0.000104936
0.000127921
7.57615e-05
0.000557256
0.000568058
0.000599314
0.000547729
0.000291502
0.000102787
0.000400186
0.000470792
0.00035603
0.000165276
3.99081e-06
0.000104936
0.000127921
7.57615e-05
0.000557256
0.000568058
0.000599314
0.000547729
0.000291502
0.000102787
0.000400186
0.000470792
0.00035603
0.000165276
3.99081e-06
0.000104936
0.000127921
7.57615e-05
0.000557256
0.000568058
0.000599314
0.000547729
0.000291502
0.000102787
0.000400186
0.000470792
0.00035603
0.000165276
3.99081e-06
0.000104936
0.000127921
7.57615e-05
0.000557256
0.000568058
0.000599314
0.000547729
0.000291502
0.000102787
0.000400186
0.000470792
0.00035603
0.000165276
3.99081e-06
0.000104936
0.000127921
7.57615e-05
0.000557256
0.000568058
0.000599314
0.000547729
0.000291502
0.000102787
0.000400186
0.000470792
0.00035603
0.000165276
3.99081e-06
0.000104936
0.000127921
7.57615e-05
0.000557256
0.000568058
0.000599314
0.000547729
0.000291502
0.000102787
0.000400186
0.000470792
0.00035603
0.000165276
3.99081e-06
0.000104936
0.000127921
7.57615e-05
0.000557256
0.000568058
0.000599314
0.000547729
0.000291502
0.000102787
0.000400186
0.000470792
0.00035603
0.000165276
3.99081e-06
0.000104936
0.000127921
7.57615e-05
0.000557256
0.000568058
0.000599314
0.000547729
0.000291502
0.000102787
0.000400186
0.000470792
0.00035603
0.000165276
3.99081e-06
0.000104936
0.000127921
7.57615e-05
0.000557256
0.000568058
0.000599314
0.000547729
0.000291502
0.000102787
0.000400186
0.000470792
0.00035603
0.000165276
3.99081e-06
0.000104936
0.000127921
7.57615e-05
0.000557256
0.000568058
0.000599314
0.000547729
0.000291502
0.000102787
0.000400186
0.000470792
0.00035603
0.000165276
3.99081e-06
0.000104936
0.000127921
7.57615e-05
0.000557256
0.000568058
0.000599314
0.000547729
0.000291502
0.000102787
0.000400186
0.000470792
0.00035603
0.000165276
3.99081e-06
0.000104936
0.000127921
7.57615e-05
0.000557256
0.000568058
0.000599314
0.000547729
0.000291502
0.000102787
0.000400186
0.000470792
0.00035603
0.000165276
3.99081e-06
0.000104936
0.000127921
7.57615e-05
0.000557256
0.000568058
0.000599314
0.000547729
0.000291502
0.000102787
0.000400186
0.000470792
0.00035603
0.000165276
3.99081e-06
0.000104936
0.000127921
7.57615e-05
0.000371504
0.000378705
0.000399543
0.000365155
0.000194338
6.85261e-05
0.000266799
0.000313872
0.000237359
0.000110184
2.66156e-06
6.99593e-05
8.52973e-05
5.05557e-05
0.000371504
0.000374093
0.00030812
7.31451e-05
0.00101988
0.00246639
0.00387137
0.00443904
0.00345739
0.000975944
0.0018248
0.00324869
0.0018974
0.00268543
0.000371504
0.000363591
0.000295842
6.65311e-05
0.000398366
0.00100033
0.00149905
0.00170268
0.00151048
0.000920763
0.000119882
0.000501007
0.00050446
0.00039028
0.000371504
0.000369704
0.000341092
0.000206823
0.000100031
0.000502764
0.000813353
0.000917697
0.000807223
0.000529721
0.000180635
9.87357e-05
0.000147983
0.000150518
0.000371504
0.000373975
0.00036928
0.000284649
4.77788e-05
0.000279896
0.000527555
0.000598948
0.000508504
0.000319517
0.000108645
4.95043e-05
8.44435e-05
5.51362e-05
0.000371504
0.000376295
0.000384211
0.000324658
0.000121236
0.000172966
0.0003945
0.000452767
0.00036982
0.000214451
5.68865e-05
5.23002e-05
7.75368e-05
4.23267e-06
0.000371504
0.00037749
0.000391833
0.000344856
0.000157834
0.000120455
0.00033003
0.000382471
0.000302852
0.000162191
2.79766e-05
5.94181e-05
7.96763e-05
2.26213e-05
0.000371504
0.000378095
0.000395678
0.000354994
0.000176098
9.44202e-05
0.000298265
0.000347967
0.000269926
0.000136153
1.28609e-05
6.42782e-05
8.20632e-05
3.6448e-05
0.000371504
0.0003784
0.000397608
0.000360072
0.000185221
8.14558e-05
0.000282496
0.000330869
0.000253598
0.000123159
5.14897e-06
6.70183e-05
8.35758e-05
4.34661e-05
0.000371504
0.000378552
0.000398575
0.000362613
0.00018978
7.49867e-05
0.000274638
0.000322358
0.000245467
0.000116669
1.25584e-06
6.84639e-05
8.44106e-05
4.70019e-05
0.000371504
0.000378629
0.000399059
0.000363884
0.000192059
7.17553e-05
0.000270717
0.000318112
0.000241411
0.000113426
6.99847e-07
6.92055e-05
8.48475e-05
4.87765e-05
0.000371504
0.000378667
0.000399301
0.00036452
0.000193199
7.01405e-05
0.000268757
0.000315991
0.000239384
0.000111805
1.67995e-06
6.95809e-05
8.50708e-05
4.96655e-05
0.000371504
0.000378686
0.000399422
0.000364838
0.000193768
6.93332e-05
0.000267778
0.000314932
0.000238371
0.000110995
2.17057e-06
6.97697e-05
8.51836e-05
5.01105e-05
0.000371504
0.000378696
0.000399483
0.000364996
0.000194053
6.89296e-05
0.000267289
0.000314402
0.000237865
0.000110589
2.41602e-06
6.98644e-05
8.52403e-05
5.0333e-05
0.000371504
0.0003787
0.000399513
0.000365076
0.000194196
6.87279e-05
0.000267044
0.000314137
0.000237612
0.000110387
2.53878e-06
6.99118e-05
8.52688e-05
5.04443e-05
0.000371504
0.000378703
0.000399528
0.000365116
0.000194267
6.8627e-05
0.000266922
0.000314005
0.000237486
0.000110285
2.60017e-06
6.99356e-05
8.5283e-05
5.05e-05
0.000371504
0.000378704
0.000399536
0.000365136
0.000194302
6.85766e-05
0.00026686
0.000313938
0.000237422
0.000110235
2.63086e-06
6.99475e-05
8.52901e-05
5.05278e-05
0.000371504
0.000378705
0.000399539
0.000365146
0.00019432
6.85513e-05
0.00026683
0.000313905
0.000237391
0.000110209
2.64621e-06
6.99534e-05
8.52937e-05
5.05417e-05
0.000371504
0.000378705
0.000399541
0.00036515
0.000194329
6.85387e-05
0.000266815
0.000313889
0.000237375
0.000110197
2.65389e-06
6.99564e-05
8.52955e-05
5.05487e-05
0.000371504
0.000378705
0.000399542
0.000365153
0.000194334
6.85324e-05
0.000266807
0.000313881
0.000237367
0.00011019
2.65772e-06
6.99578e-05
8.52964e-05
5.05522e-05
0.000371504
0.000378705
0.000399543
0.000365154
0.000194336
6.85293e-05
0.000266803
0.000313876
0.000237363
0.000110187
2.65964e-06
6.99586e-05
8.52968e-05
5.05539e-05
0.000371504
0.000378705
0.000399543
0.000365155
0.000194337
6.85277e-05
0.000266801
0.000313874
0.000237361
0.000110186
2.6606e-06
6.9959e-05
8.5297e-05
5.05548e-05
0.000371504
0.000378705
0.000399543
0.000365155
0.000194338
6.85269e-05
0.0002668
0.000313873
0.00023736
0.000110185
2.66108e-06
6.99591e-05
8.52972e-05
5.05552e-05
0.000371504
0.000378705
0.000399543
0.000365155
0.000194338
6.85265e-05
0.0002668
0.000313873
0.00023736
0.000110184
2.66132e-06
6.99592e-05
8.52972e-05
5.05554e-05
0.000371504
0.000378705
0.000399543
0.000365155
0.000194338
6.85263e-05
0.000266799
0.000313873
0.000237359
0.000110184
2.66144e-06
6.99593e-05
8.52972e-05
5.05556e-05
0.000371504
0.000378705
0.000399543
0.000365155
0.000194338
6.85262e-05
0.000266799
0.000313872
0.000237359
0.000110184
2.6615e-06
6.99593e-05
8.52973e-05
5.05556e-05
0.000371504
0.000378705
0.000399543
0.000365155
0.000194338
6.85262e-05
0.000266799
0.000313872
0.000237359
0.000110184
2.66153e-06
6.99593e-05
8.52973e-05
5.05556e-05
0.000371504
0.000378705
0.000399543
0.000365155
0.000194338
6.85261e-05
0.000266799
0.000313872
0.000237359
0.000110184
2.66155e-06
6.99593e-05
8.52973e-05
5.05557e-05
0.000371504
0.000378705
0.000399543
0.000365155
0.000194338
6.85261e-05
0.000266799
0.000313872
0.000237359
0.000110184
2.66155e-06
6.99593e-05
8.52973e-05
5.05557e-05
0.000371504
0.000378705
0.000399543
0.000365155
0.000194338
6.85261e-05
0.000266799
0.000313872
0.000237359
0.000110184
2.66156e-06
6.99593e-05
8.52973e-05
5.05557e-05
0.000371504
0.000378705
0.000399543
0.000365155
0.000194338
6.85261e-05
0.000266799
0.000313872
0.000237359
0.000110184
2.66156e-06
6.99593e-05
8.52973e-05
5.05557e-05
0.000371504
0.000378705
0.000399543
0.000365155
0.000194338
6.85261e-05
0.000266799
0.000313872
0.000237359
0.000110184
2.66156e-06
6.99593e-05
8.52973e-05
5.05557e-05
0.000371504
0.000378705
0.000399543
0.000365155
0.000194338
6.85261e-05
0.000266799
0.000313872
0.000237359
0.000110184
2.66156e-06
6.99593e-05
8.52973e-05
5.05557e-05
0.000371504
0.000378705
0.000399543
0.000365155
0.000194338
6.85261e-05
0.000266799
0.000313872
0.000237359
0.000110184
2.66156e-06
6.99593e-05
8.52973e-05
5.05557e-05
0.000371504
0.000378705
0.000399543
0.000365155
0.000194338
6.85261e-05
0.000266799
0.000313872
0.000237359
0.000110184
2.66156e-06
6.99593e-05
8.52973e-05
5.05557e-05
0.000371504
0.000378705
0.000399543
0.000365155
0.000194338
6.85261e-05
0.000266799
0.000313872
0.000237359
0.000110184
2.66156e-06
6.99593e-05
8.52973e-05
5.05557e-05
0.000371504
0.000378705
0.000399543
0.000365155
0.000194338
6.85261e-05
0.000266799
0.000313872
0.000237359
0.000110184
2.66156e-06
6.99593e-05
8.52973e-05
5.05557e-05
0.000371504
0.000378705
0.000399543
0.000365155
0.000194338
6.85261e-05
0.000266799
0.000313872
0.000237359
0.000110184
2.66156e-06
6.99593e-05
8.52973e-05
5.05557e-05
0.000371504
0.000378705
0.000399543
0.000365155
0.000194338
6.85261e-05
0.000266799
0.000313872
0.000237359
0.000110184
2.66156e-06
6.99593e-05
8.52973e-05
5.05557e-05
0.000371504
0.000378705
0.000399543
0.000365155
0.000194338
6.85261e-05
0.000266799
0.000313872
0.000237359
0.000110184
2.66156e-06
6.99593e-05
8.52973e-05
5.05557e-05
0.000371504
0.000378705
0.000399543
0.000365155
0.000194338
6.85261e-05
0.000266799
0.000313872
0.000237359
0.000110184
2.66156e-06
6.99593e-05
8.52973e-05
5.05557e-05
0.000371504
0.000378705
0.000399543
0.000365155
0.000194338
6.85261e-05
0.000266799
0.000313872
0.000237359
0.000110184
2.66156e-06
6.99593e-05
8.52973e-05
5.05557e-05
0.000371504
0.000378705
0.000399543
0.000365155
0.000194338
6.85261e-05
0.000266799
0.000313872
0.000237359
0.000110184
2.66156e-06
6.99593e-05
8.52973e-05
5.05557e-05
0.000371504
0.000378705
0.000399543
0.000365155
0.000194338
6.85261e-05
0.000266799
0.000313872
0.000237359
0.000110184
2.66156e-06
6.99593e-05
8.52973e-05
5.05557e-05
0.000371504
0.000378705
0.000399543
0.000365155
0.000194338
6.85261e-05
0.000266799
0.000313872
0.000237359
0.000110184
2.66156e-06
6.99593e-05
8.52973e-05
5.05557e-05
0.000371504
0.000378705
0.000399543
0.000365155
0.000194338
6.85261e-05
0.000266799
0.000313872
0.000237359
0.000110184
2.66156e-06
6.99593e-05
8.52973e-05
5.05557e-05
0.000371504
0.000378705
0.000399543
0.000365155
0.000194338
6.85261e-05
0.000266799
0.000313872
0.000237359
0.000110184
2.66156e-06
6.99593e-05
8.52973e-05
5.05557e-05
0.000371504
0.000378705
0.000399543
0.000365155
0.000194338
6.85261e-05
0.000266799
0.000313872
0.000237359
0.000110184
2.66156e-06
6.99593e-05
8.52973e-05
5.05557e-05
0.000371504
0.000378705
0.000399543
0.000365155
0.000194338
6.85261e-05
0.000266799
0.000313872
0.000237359
0.000110184
2.66156e-06
6.99593e-05
8.52973e-05
5.05557e-05
0.000371504
0.000378705
0.000399543
0.000365155
0.000194338
6.85261e-05
0.000266799
0.000313872
0.000237359
0.000110184
2.66156e-06
6.99593e-05
8.52973e-05
5.05557e-05
0.000371504
0.000378705
0.000399543
0.000365155
0.000194338
6.85261e-05
0.000266799
0.000313872
0.000237359
0.000110184
2.66156e-06
6.99593e-05
8.52973e-05
5.05557e-05
0.000371504
0.000378705
0.000399543
0.000365155
0.000194338
6.85261e-05
0.000266799
0.000313872
0.000237359
0.000110184
2.66156e-06
6.99593e-05
8.52973e-05
5.05557e-05
0.000371504
0.000378705
0.000399543
0.000365155
0.000194338
6.85261e-05
0.000266799
0.000313872
0.000237359
0.000110184
2.66156e-06
6.99593e-05
8.52973e-05
5.05557e-05
0.000371504
0.000378705
0.000399543
0.000365155
0.000194338
6.85261e-05
0.000266799
0.000313872
0.000237359
0.000110184
2.66156e-06
6.99593e-05
8.52973e-05
5.05557e-05
0.000371504
0.000378705
0.000399543
0.000365155
0.000194338
6.85261e-05
0.000266799
0.000313872
0.000237359
0.000110184
2.66156e-06
6.99593e-05
8.52973e-05
5.05557e-05
0.000371504
0.000378705
0.000399543
0.000365155
0.000194338
6.85261e-05
0.000266799
0.000313872
0.000237359
0.000110184
2.66156e-06
6.99593e-05
8.52973e-05
5.05557e-05
0.000371504
0.000378705
0.000399543
0.000365155
0.000194338
6.85261e-05
0.000266799
0.000313872
0.000237359
0.000110184
2.66156e-06
6.99593e-05
8.52973e-05
5.05557e-05
0.000371504
0.000378705
0.000399543
0.000365155
0.000194338
6.85261e-05
0.000266799
0.000313872
0.000237359
0.000110184
2.66156e-06
6.99593e-05
8.52973e-05
5.05557e-05
0.000371504
0.000378705
0.000399543
0.000365155
0.000194338
6.85261e-05
0.000266799
0.000313872
0.000237359
0.000110184
2.66156e-06
6.99593e-05
8.52973e-05
5.05557e-05
0.000371504
0.000378705
0.000399543
0.000365155
0.000194338
6.85261e-05
0.000266799
0.000313872
0.000237359
0.000110184
2.66156e-06
6.99593e-05
8.52973e-05
5.05557e-05
0.000371504
0.000378705
0.000399543
0.000365155
0.000194338
6.85261e-05
0.000266799
0.000313872
0.000237359
0.000110184
2.66156e-06
6.99593e-05
8.52973e-05
5.05557e-05
0.000371504
0.000378705
0.000399543
0.000365155
0.000194338
6.85261e-05
0.000266799
0.000313872
0.000237359
0.000110184
2.66156e-06
6.99593e-05
8.52973e-05
5.05557e-05
0.000371504
0.000378705
0.000399543
0.000365155
0.000194338
6.85261e-05
0.000266799
0.000313872
0.000237359
0.000110184
2.66156e-06
6.99593e-05
8.52973e-05
5.05557e-05
0.000371504
0.000378705
0.000399543
0.000365155
0.000194338
6.85261e-05
0.000266799
0.000313872
0.000237359
0.000110184
2.66156e-06
6.99593e-05
8.52973e-05
5.05557e-05
0.000371504
0.000378705
0.000399543
0.000365155
0.000194338
6.85261e-05
0.000266799
0.000313872
0.000237359
0.000110184
2.66156e-06
6.99593e-05
8.52973e-05
5.05557e-05
0.000371504
0.000378705
0.000399543
0.000365155
0.000194338
6.85261e-05
0.000266799
0.000313872
0.000237359
0.000110184
2.66156e-06
6.99593e-05
8.52973e-05
5.05557e-05
0.000371504
0.000378705
0.000399543
0.000365155
0.000194338
6.85261e-05
0.000266799
0.000313872
0.000237359
0.000110184
2.66156e-06
6.99593e-05
8.52973e-05
5.05557e-05
0.000371504
0.000378705
0.000399543
0.000365155
0.000194338
6.85261e-05
0.000266799
0.000313872
0.000237359
0.000110184
2.66156e-06
6.99593e-05
8.52973e-05
5.05557e-05
0.000371504
0.000378705
0.000399543
0.000365155
0.000194338
6.85261e-05
0.000266799
0.000313872
0.000237359
0.000110184
2.66156e-06
6.99593e-05
8.52973e-05
5.05557e-05
0.000371504
0.000378705
0.000399543
0.000365155
0.000194338
6.85261e-05
0.000266799
0.000313872
0.000237359
0.000110184
2.66156e-06
6.99593e-05
8.52973e-05
5.05557e-05
0.000371504
0.000378705
0.000399543
0.000365155
0.000194338
6.85261e-05
0.000266799
0.000313872
0.000237359
0.000110184
2.66156e-06
6.99593e-05
8.52973e-05
5.05557e-05
0.000371504
0.000378705
0.000399543
0.000365155
0.000194338
6.85261e-05
0.000266799
0.000313872
0.000237359
0.000110184
2.66156e-06
6.99593e-05
8.52973e-05
5.05557e-05
0.000371504
0.000378705
0.000399543
0.000365155
0.000194338
6.85261e-05
0.000266799
0.000313872
0.000237359
0.000110184
2.66156e-06
6.99593e-05
8.52973e-05
5.05557e-05
0.000371504
0.000378705
0.000399543
0.000365155
0.000194338
6.85261e-05
0.000266799
0.000313872
0.000237359
0.000110184
2.66156e-06
6.99593e-05
8.52973e-05
5.05557e-05
0.000371504
0.000378705
0.000399543
0.000365155
0.000194338
6.85261e-05
0.000266799
0.000313872
0.000237359
0.000110184
2.66156e-06
6.99593e-05
8.52973e-05
5.05557e-05
0.000371504
0.000378705
0.000399543
0.000365155
0.000194338
6.85261e-05
0.000266799
0.000313872
0.000237359
0.000110184
2.66156e-06
6.99593e-05
8.52973e-05
5.05557e-05
0.000371504
0.000378705
0.000399543
0.000365155
0.000194338
6.85261e-05
0.000266799
0.000313872
0.000237359
0.000110184
2.66156e-06
6.99593e-05
8.52973e-05
5.05557e-05
0.000371504
0.000378705
0.000399543
0.000365155
0.000194338
6.85261e-05
0.000266799
0.000313872
0.000237359
0.000110184
2.66156e-06
6.99593e-05
8.52973e-05
5.05557e-05
0.000371504
0.000378705
0.000399543
0.000365155
0.000194338
6.85261e-05
0.000266799
0.000313872
0.000237359
0.000110184
2.66156e-06
6.99593e-05
8.52973e-05
5.05557e-05
0.000371504
0.000378705
0.000399543
0.000365155
0.000194338
6.85261e-05
0.000266799
0.000313872
0.000237359
0.000110184
2.66156e-06
6.99593e-05
8.52973e-05
5.05557e-05
0.000371504
0.000378705
0.000399543
0.000365155
0.000194338
6.85261e-05
0.000266799
0.000313872
0.000237359
0.000110184
2.66156e-06
6.99593e-05
8.52973e-05
5.05557e-05
0.000371504
0.000378705
0.000399543
0.000365155
0.000194338
6.85261e-05
0.000266799
0.000313872
0.000237359
0.000110184
2.66156e-06
6.99593e-05
8.52973e-05
5.05557e-05
0.000371504
0.000378705
0.000399543
0.000365155
0.000194338
6.85261e-05
0.000266799
0.000313872
0.000237359
0.000110184
2.66156e-06
6.99593e-05
8.52973e-05
5.05557e-05
0.000371504
0.000378705
0.000399543
0.000365155
0.000194338
6.85261e-05
0.000266799
0.000313872
0.000237359
0.000110184
2.66156e-06
6.99593e-05
8.52973e-05
5.05557e-05
0.000371504
0.000378705
0.000399543
0.000365155
0.000194338
6.85261e-05
0.000266799
0.000313872
0.000237359
0.000110184
2.66156e-06
6.99593e-05
8.52973e-05
5.05557e-05
0.000371504
0.000378705
0.000399543
0.000365155
0.000194338
6.85261e-05
0.000266799
0.000313872
0.000237359
0.000110184
2.66156e-06
6.99593e-05
8.52973e-05
5.05557e-05
0.000371504
0.000378705
0.000399543
0.000365155
0.000194338
6.85261e-05
0.000266799
0.000313872
0.000237359
0.000110184
2.66156e-06
6.99593e-05
8.52973e-05
5.05557e-05
0.000371504
0.000378705
0.000399543
0.000365155
0.000194338
6.85261e-05
0.000266799
0.000313872
0.000237359
0.000110184
2.66156e-06
6.99593e-05
8.52973e-05
5.05557e-05
0.000371504
0.000378705
0.000399543
0.000365155
0.000194338
6.85261e-05
0.000266799
0.000313872
0.000237359
0.000110184
2.66156e-06
6.99593e-05
8.52973e-05
5.05557e-05
0.000371504
0.000378705
0.000399543
0.000365155
0.000194338
6.85261e-05
0.000266799
0.000313872
0.000237359
0.000110184
2.66156e-06
6.99593e-05
8.52973e-05
5.05557e-05
0.000371504
0.000378705
0.000399543
0.000365155
0.000194338
6.85261e-05
0.000266799
0.000313872
0.000237359
0.000110184
2.66156e-06
6.99593e-05
8.52973e-05
5.05557e-05
0.000371504
0.000378705
0.000399543
0.000365155
0.000194338
6.85261e-05
0.000266799
0.000313872
0.000237359
0.000110184
2.66156e-06
6.99593e-05
8.52973e-05
5.05557e-05
0.000371504
0.000378705
0.000399543
0.000365155
0.000194338
6.85261e-05
0.000266799
0.000313872
0.000237359
0.000110184
2.66156e-06
6.99593e-05
8.52973e-05
5.05557e-05
0.000371504
0.000378705
0.000399543
0.000365155
0.000194338
6.85261e-05
0.000266799
0.000313872
0.000237359
0.000110184
2.66156e-06
6.99593e-05
8.52973e-05
5.05557e-05
0.000371504
0.000378705
0.000399543
0.000365155
0.000194338
6.85261e-05
0.000266799
0.000313872
0.000237359
0.000110184
2.66156e-06
6.99593e-05
8.52973e-05
5.05557e-05
0.000371504
0.000378705
0.000399543
0.000365155
0.000194338
6.85261e-05
0.000266799
0.000313872
0.000237359
0.000110184
2.66156e-06
6.99593e-05
8.52973e-05
5.05557e-05
0.000371504
0.000378705
0.000399543
0.000365155
0.000194338
6.85261e-05
0.000266799
0.000313872
0.000237359
0.000110184
2.66156e-06
6.99593e-05
8.52973e-05
5.05557e-05
0.000371504
0.000378705
0.000399543
0.000365155
0.000194338
6.85261e-05
0.000266799
0.000313872
0.000237359
0.000110184
2.66156e-06
6.99593e-05
8.52973e-05
5.05557e-05
0.000371504
0.000378705
0.000399543
0.000365155
0.000194338
6.85261e-05
0.000266799
0.000313872
0.000237359
0.000110184
2.66156e-06
6.99593e-05
8.52973e-05
5.05557e-05
0.000371504
0.000378705
0.000399543
0.000365155
0.000194338
6.85261e-05
0.000266799
0.000313872
0.000237359
0.000110184
2.66156e-06
6.99593e-05
8.52973e-05
5.05557e-05
0.000371504
0.000378705
0.000399543
0.000365155
0.000194338
6.85261e-05
0.000266799
0.000313872
0.000237359
0.000110184
2.66156e-06
6.99593e-05
8.52973e-05
5.05557e-05
0.000371504
0.000378705
0.000399543
0.000365155
0.000194338
6.85261e-05
0.000266799
0.000313872
0.000237359
0.000110184
2.66156e-06
6.99593e-05
8.52973e-05
5.05557e-05
0.000371504
0.000378705
0.000399543
0.000365155
0.000194338
6.85261e-05
0.000266799
0.000313872
0.000237359
0.000110184
2.66156e-06
6.99593e-05
8.52973e-05
5.05557e-05
0.000371504
0.000378705
0.000399543
0.000365155
0.000194338
6.85261e-05
0.000266799
0.000313872
0.000237359
0.000110184
2.66156e-06
6.99593e-05
8.52973e-05
5.05557e-05
0.000371504
0.000378705
0.000399543
0.000365155
0.000194338
6.85261e-05
0.000266799
0.000313872
0.000237359
0.000110184
2.66156e-06
6.99593e-05
8.52973e-05
5.05557e-05
0.000371504
0.000378705
0.000399543
0.000365155
0.000194338
6.85261e-05
0.000266799
0.000313872
0.000237359
0.000110184
2.66156e-06
6.99593e-05
8.52973e-05
5.05557e-05
0.000371504
0.000378705
0.000399543
0.000365155
0.000194338
6.85261e-05
0.000266799
0.000313872
0.000237359
0.000110184
2.66156e-06
6.99593e-05
8.52973e-05
5.05557e-05
0.000371504
0.000378705
0.000399543
0.000365155
0.000194338
6.85261e-05
0.000266799
0.000313872
0.000237359
0.000110184
2.66156e-06
6.99593e-05
8.52973e-05
5.05557e-05
0.000371504
0.000378705
0.000399543
0.000365155
0.000194338
6.85261e-05
0.000266799
0.000313872
0.000237359
0.000110184
2.66156e-06
6.99593e-05
8.52973e-05
5.05557e-05
0.000371504
0.000378705
0.000399543
0.000365155
0.000194338
6.85261e-05
0.000266799
0.000313872
0.000237359
0.000110184
2.66156e-06
6.99593e-05
8.52973e-05
5.05557e-05
0.000371504
0.000378705
0.000399543
0.000365155
0.000194338
6.85261e-05
0.000266799
0.000313872
0.000237359
0.000110184
2.66156e-06
6.99593e-05
8.52973e-05
5.05557e-05
0.000371504
0.000378705
0.000399543
0.000365155
0.000194338
6.85261e-05
0.000266799
0.000313872
0.000237359
0.000110184
2.66156e-06
6.99593e-05
8.52973e-05
5.05557e-05
0.000371504
0.000378705
0.000399543
0.000365155
0.000194338
6.85261e-05
0.000266799
0.000313872
0.000237359
0.000110184
2.66156e-06
6.99593e-05
8.52973e-05
5.05557e-05
0.000371504
0.000378705
0.000399543
0.000365155
0.000194338
6.85261e-05
0.000266799
0.000313872
0.000237359
0.000110184
2.66156e-06
6.99593e-05
8.52973e-05
5.05557e-05
0.000371504
0.000378705
0.000399543
0.000365155
0.000194338
6.85261e-05
0.000266799
0.000313872
0.000237359
0.000110184
2.66156e-06
6.99593e-05
8.52973e-05
5.05557e-05
0.000371504
0.000378705
0.000399543
0.000365155
0.000194338
6.85261e-05
0.000266799
0.000313872
0.000237359
0.000110184
2.66156e-06
6.99593e-05
8.52973e-05
5.05557e-05
0.000371504
0.000378705
0.000399543
0.000365155
0.000194338
6.85261e-05
0.000266799
0.000313872
0.000237359
0.000110184
2.66156e-06
6.99593e-05
8.52973e-05
5.05557e-05
0.000371504
0.000378705
0.000399543
0.000365155
0.000194338
6.85261e-05
0.000266799
0.000313872
0.000237359
0.000110184
2.66156e-06
6.99593e-05
8.52973e-05
5.05557e-05
0.000371504
0.000378705
0.000399543
0.000365155
0.000194338
6.85261e-05
0.000266799
0.000313872
0.000237359
0.000110184
2.66156e-06
6.99593e-05
8.52973e-05
5.05557e-05
0.000371504
0.000378705
0.000399543
0.000365155
0.000194338
6.85261e-05
0.000266799
0.000313872
0.000237359
0.000110184
2.66156e-06
6.99593e-05
8.52973e-05
5.05557e-05
0.000371504
0.000378705
0.000399543
0.000365155
0.000194338
6.85261e-05
0.000266799
0.000313872
0.000237359
0.000110184
2.66156e-06
6.99593e-05
8.52973e-05
5.05557e-05
