0.019619
0.019302
0.0175294
0.0135171
0.00674027
0.00141159
0.00734928
0.00910294
0.00726309
0.00364664
0.000230517
0.00179894
0.00222818
0.00137214
0.019619
0.0190641
0.0159636
0.00854268
0.00330538
0.0122589
0.01211
0.00455923
0.00324518
0.00545779
0.000180288
0.0134613
0.0238819
0.0224239
0.019619
0.0192157
0.0169722
0.0118182
0.0032243
0.00570032
0.00990809
0.00849446
0.00399819
3.44542e-05
0.00133128
0.000336766
0.00335349
0.00473186
0.019619
0.0192635
0.0172818
0.01277
0.00518247
0.00340343
0.00868982
0.00909614
0.0060118
0.00199687
0.000751324
0.00144832
0.000581755
0.000645827
0.019619
0.0192836
0.0174114
0.0131626
0.00599894
0.00237901
0.00803474
0.00916252
0.00671908
0.00286581
0.000296885
0.00175791
0.00161884
0.000568481
0.019619
0.019293
0.0174717
0.013344
0.00637781
0.0018891
0.00769575
0.0091473
0.00701003
0.00326684
4.09138e-05
0.00180785
0.00197031
0.00101634
0.019619
0.0192975
0.0175009
0.0134315
0.00656096
0.0016489
0.00752344
0.00912863
0.00714113
0.00345934
9.3027e-05
0.0018103
0.00211023
0.00120516
0.019619
0.0192998
0.0175152
0.0134745
0.00665108
0.00152989
0.00743659
0.00911665
0.00720323
0.00355364
0.000161347
0.00180629
0.00217187
0.00129131
0.019619
0.0193009
0.0175223
0.0134959
0.00669579
0.00147066
0.00739299
0.00911001
0.00723344
0.0036003
0.000195828
0.00180303
0.00220068
0.00133239
0.019619
0.0193014
0.0175259
0.0135065
0.00671806
0.0014411
0.00737115
0.00910653
0.00724833
0.00362351
0.000213147
0.00180109
0.00221459
0.00135243
0.019619
0.0193017
0.0175276
0.0135118
0.00672917
0.00142634
0.00736022
0.00910475
0.00725573
0.00363508
0.000221825
0.00180004
0.00222143
0.00136233
0.019619
0.0193019
0.0175285
0.0135144
0.00673472
0.00141896
0.00735475
0.00910385
0.00725941
0.00364086
0.00022617
0.00179949
0.00222481
0.00136724
0.019619
0.0193019
0.017529
0.0135158
0.0067375
0.00141528
0.00735201
0.0091034
0.00726125
0.00364375
0.000228343
0.00179922
0.0022265
0.0013697
0.019619
0.019302
0.0175292
0.0135164
0.00673888
0.00141343
0.00735065
0.00910317
0.00726217
0.0036452
0.00022943
0.00179908
0.00222734
0.00137092
0.019619
0.019302
0.0175293
0.0135168
0.00673958
0.00141251
0.00734996
0.00910306
0.00726263
0.00364592
0.000229973
0.00179901
0.00222776
0.00137153
0.019619
0.019302
0.0175294
0.0135169
0.00673992
0.00141205
0.00734962
0.009103
0.00726286
0.00364628
0.000230245
0.00179897
0.00222797
0.00137184
0.019619
0.019302
0.0175294
0.013517
0.0067401
0.00141182
0.00734945
0.00910297
0.00726298
0.00364646
0.000230381
0.00179896
0.00222808
0.00137199
0.019619
0.019302
0.0175294
0.013517
0.00674018
0.00141171
0.00734936
0.00910296
0.00726303
0.00364655
0.000230449
0.00179895
0.00222813
0.00137207
0.019619
0.019302
0.0175294
0.0135171
0.00674023
0.00141165
0.00734932
0.00910295
0.00726306
0.00364659
0.000230483
0.00179894
0.00222815
0.0013721
0.019619
0.019302
0.0175294
0.0135171
0.00674025
0.00141162
0.0073493
0.00910295
0.00726308
0.00364662
0.0002305
0.00179894
0.00222817
0.00137212
0.019619
0.019302
0.0175294
0.0135171
0.00674026
0.0014116
0.00734929
0.00910295
0.00726308
0.00364663
0.000230508
0.00179894
0.00222817
0.00137213
0.019619
0.019302
0.0175294
0.0135171
0.00674026
0.0014116
0.00734928
0.00910295
0.00726309
0.00364663
0.000230513
0.00179894
0.00222818
0.00137214
0.019619
0.019302
0.0175294
0.0135171
0.00674027
0.00141159
0.00734928
0.00910294
0.00726309
0.00364664
0.000230515
0.00179894
0.00222818
0.00137214
0.019619
0.019302
0.0175294
0.0135171
0.00674027
0.00141159
0.00734928
0.00910294
0.00726309
0.00364664
0.000230516
0.00179894
0.00222818
0.00137214
0.019619
0.019302
0.0175294
0.0135171
0.00674027
0.00141159
0.00734928
0.00910294
0.00726309
0.00364664
0.000230516
0.00179894
0.00222818
0.00137214
0.019619
0.019302
0.0175294
0.0135171
0.00674027
0.00141159
0.00734928
0.00910294
0.00726309
0.00364664
0.000230517
0.00179894
0.00222818
0.00137214
0.019619
0.019302
0.0175294
0.0135171
0.00674027
0.00141159
0.00734928
0.00910294
0.00726309
0.00364664
0.000230517
0.00179894
0.00222818
0.00137214
0.019619
0.019302
0.0175294
0.0135171
0.00674027
0.00141159
0.00734928
0.00910294
0.00726309
0.00364664
0.000230517
0.00179894
0.00222818
0.00137214
0.019619
0.019302
0.0175294
0.0135171
0.00674027
0.00141159
0.00734928
0.00910294
0.00726309
0.00364664
0.000230517
0.00179894
0.00222818
0.00137214
0.019619
0.019302
0.0175294
0.0135171
0.00674027
0.00141159
0.00734928
0.00910294
0.00726309
0.00364664
0.000230517
0.00179894
0.00222818
0.00137214
0.019619
0.019302
0.0175294
0.0135171
0.00674027
0.00141159
0.00734928
0.00910294
0.00726309
0.00364664
0.000230517
0.00179894
0.00222818
0.00137214
0.019619
0.019302
0.0175294
0.0135171
0.00674027
0.00141159
0.00734928
0.00910294
0.00726309
0.00364664
0.000230517
0.00179894
0.00222818
0.00137214
0.019619
0.019302
0.0175294
0.0135171
0.00674027
0.00141159
0.00734928
0.00910294
0.00726309
0.00364664
0.000230517
0.00179894
0.00222818
0.00137214
0.019619
0.019302
0.0175294
0.0135171
0.00674027
0.00141159
0.00734928
0.00910294
0.00726309
0.00364664
0.000230517
0.00179894
0.00222818
0.00137214
0.019619
0.019302
0.0175294
0.0135171
0.00674027
0.00141159
0.00734928
0.00910294
0.00726309
0.00364664
0.000230517
0.00179894
0.00222818
0.00137214
0.019619
0.019302
0.0175294
0.0135171
0.00674027
0.00141159
0.00734928
0.00910294
0.00726309
0.00364664
0.000230517
0.00179894
0.00222818
0.00137214
0.019619
0.019302
0.0175294
0.0135171
0.00674027
0.00141159
0.00734928
0.00910294
0.00726309
0.00364664
0.000230517
0.00179894
0.00222818
0.00137214
0.019619
0.019302
0.0175294
0.0135171
0.00674027
0.00141159
0.00734928
0.00910294
0.00726309
0.00364664
0.000230517
0.00179894
0.00222818
0.00137214
0.019619
0.019302
0.0175294
0.0135171
0.00674027
0.00141159
0.00734928
0.00910294
0.00726309
0.00364664
0.000230517
0.00179894
0.00222818
0.00137214
0.019619
0.019302
0.0175294
0.0135171
0.00674027
0.00141159
0.00734928
0.00910294
0.00726309
0.00364664
0.000230517
0.00179894
0.00222818
0.00137214
0.019619
0.019302
0.0175294
0.0135171
0.00674027
0.00141159
0.00734928
0.00910294
0.00726309
0.00364664
0.000230517
0.00179894
0.00222818
0.00137214
0.019619
0.019302
0.0175294
0.0135171
0.00674027
0.00141159
0.00734928
0.00910294
0.00726309
0.00364664
0.000230517
0.00179894
0.00222818
0.00137214
0.019619
0.019302
0.0175294
0.0135171
0.00674027
0.00141159
0.00734928
0.00910294
0.00726309
0.00364664
0.000230517
0.00179894
0.00222818
0.00137214
0.019619
0.019302
0.0175294
0.0135171
0.00674027
0.00141159
0.00734928
0.00910294
0.00726309
0.00364664
0.000230517
0.00179894
0.00222818
0.00137214
0.019619
0.019302
0.0175294
0.0135171
0.00674027
0.00141159
0.00734928
0.00910294
0.00726309
0.00364664
0.000230517
0.00179894
0.00222818
0.00137214
0.019619
0.019302
0.0175294
0.0135171
0.00674027
0.00141159
0.00734928
0.00910294
0.00726309
0.00364664
0.000230517
0.00179894
0.00222818
0.00137214
0.019619
0.019302
0.0175294
0.0135171
0.00674027
0.00141159
0.00734928
0.00910294
0.00726309
0.00364664
0.000230517
0.00179894
0.00222818
0.00137214
0.019619
0.019302
0.0175294
0.0135171
0.00674027
0.00141159
0.00734928
0.00910294
0.00726309
0.00364664
0.000230517
0.00179894
0.00222818
0.00137214
0.019619
0.019302
0.0175294
0.0135171
0.00674027
0.00141159
0.00734928
0.00910294
0.00726309
0.00364664
0.000230517
0.00179894
0.00222818
0.00137214
0.019619
0.019302
0.0175294
0.0135171
0.00674027
0.00141159
0.00734928
0.00910294
0.00726309
0.00364664
0.000230517
0.00179894
0.00222818
0.00137214
0.019619
0.019302
0.0175294
0.0135171
0.00674027
0.00141159
0.00734928
0.00910294
0.00726309
0.00364664
0.000230517
0.00179894
0.00222818
0.00137214
0.019619
0.019302
0.0175294
0.0135171
0.00674027
0.00141159
0.00734928
0.00910294
0.00726309
0.00364664
0.000230517
0.00179894
0.00222818
0.00137214
0.019619
0.019302
0.0175294
0.0135171
0.00674027
0.00141159
0.00734928
0.00910294
0.00726309
0.00364664
0.000230517
0.00179894
0.00222818
0.00137214
0.019619
0.019302
0.0175294
0.0135171
0.00674027
0.00141159
0.00734928
0.00910294
0.00726309
0.00364664
0.000230517
0.00179894
0.00222818
0.00137214
0.019619
0.019302
0.0175294
0.0135171
0.00674027
0.00141159
0.00734928
0.00910294
0.00726309
0.00364664
0.000230517
0.00179894
0.00222818
0.00137214
0.019619
0.019302
0.0175294
0.0135171
0.00674027
0.00141159
0.00734928
0.00910294
0.00726309
0.00364664
0.000230517
0.00179894
0.00222818
0.00137214
0.019619
0.019302
0.0175294
0.0135171
0.00674027
0.00141159
0.00734928
0.00910294
0.00726309
0.00364664
0.000230517
0.00179894
0.00222818
0.00137214
0.019619
0.019302
0.0175294
0.0135171
0.00674027
0.00141159
0.00734928
0.00910294
0.00726309
0.00364664
0.000230517
0.00179894
0.00222818
0.00137214
0.019619
0.019302
0.0175294
0.0135171
0.00674027
0.00141159
0.00734928
0.00910294
0.00726309
0.00364664
0.000230517
0.00179894
0.00222818
0.00137214
0.019619
0.019302
0.0175294
0.0135171
0.00674027
0.00141159
0.00734928
0.00910294
0.00726309
0.00364664
0.000230517
0.00179894
0.00222818
0.00137214
0.019619
0.019302
0.0175294
0.0135171
0.00674027
0.00141159
0.00734928
0.00910294
0.00726309
0.00364664
0.000230517
0.00179894
0.00222818
0.00137214
0.019619
0.019302
0.0175294
0.0135171
0.00674027
0.00141159
0.00734928
0.00910294
0.00726309
0.00364664
0.000230517
0.00179894
0.00222818
0.00137214
0.019619
0.019302
0.0175294
0.0135171
0.00674027
0.00141159
0.00734928
0.00910294
0.00726309
0.00364664
0.000230517
0.00179894
0.00222818
0.00137214
0.019619
0.019302
0.0175294
0.0135171
0.00674027
0.00141159
0.00734928
0.00910294
0.00726309
0.00364664
0.000230517
0.00179894
0.00222818
0.00137214
0.019619
0.019302
0.0175294
0.0135171
0.00674027
0.00141159
0.00734928
0.00910294
0.00726309
0.00364664
0.000230517
0.00179894
0.00222818
0.00137214
0.019619
0.019302
0.0175294
0.0135171
0.00674027
0.00141159
0.00734928
0.00910294
0.00726309
0.00364664
0.000230517
0.00179894
0.00222818
0.00137214
0.019619
0.019302
0.0175294
0.0135171
0.00674027
0.00141159
0.00734928
0.00910294
0.00726309
0.00364664
0.000230517
0.00179894
0.00222818
0.00137214
0.019619
0.019302
0.0175294
0.0135171
0.00674027
0.00141159
0.00734928
0.00910294
0.00726309
0.00364664
0.000230517
0.00179894
0.00222818
0.00137214
0.019619
0.019302
0.0175294
0.0135171
0.00674027
0.00141159
0.00734928
0.00910294
0.00726309
0.00364664
0.000230517
0.00179894
0.00222818
0.00137214
0.019619
0.019302
0.0175294
0.0135171
0.00674027
0.00141159
0.00734928
0.00910294
0.00726309
0.00364664
0.000230517
0.00179894
0.00222818
0.00137214
0.019619
0.019302
0.0175294
0.0135171
0.00674027
0.00141159
0.00734928
0.00910294
0.00726309
0.00364664
0.000230517
0.00179894
0.00222818
0.00137214
0.019619
0.019302
0.0175294
0.0135171
0.00674027
0.00141159
0.00734928
0.00910294
0.00726309
0.00364664
0.000230517
0.00179894
0.00222818
0.00137214
0.019619
0.019302
0.0175294
0.0135171
0.00674027
0.00141159
0.00734928
0.00910294
0.00726309
0.00364664
0.000230517
0.00179894
0.00222818
0.00137214
0.019619
0.019302
0.0175294
0.0135171
0.00674027
0.00141159
0.00734928
0.00910294
0.00726309
0.00364664
0.000230517
0.00179894
0.00222818
0.00137214
0.019619
0.019302
0.0175294
0.0135171
0.00674027
0.00141159
0.00734928
0.00910294
0.00726309
0.00364664
0.000230517
0.00179894
0.00222818
0.00137214
0.019619
0.019302
0.0175294
0.0135171
0.00674027
0.00141159
0.00734928
0.00910294
0.00726309
0.00364664
0.000230517
0.00179894
0.00222818
0.00137214
0.019619
0.019302
0.0175294
0.0135171
0.00674027
0.00141159
0.00734928
0.00910294
0.00726309
0.00364664
0.000230517
0.00179894
0.00222818
0.00137214
0.019619
0.019302
0.0175294
0.0135171
0.00674027
0.00141159
0.00734928
0.00910294
0.00726309
0.00364664
0.000230517
0.00179894
0.00222818
0.00137214
0.019619
0.019302
0.0175294
0.0135171
0.00674027
0.00141159
0.00734928
0.00910294
0.00726309
0.00364664
0.000230517
0.00179894
0.00222818
0.00137214
0.019619
0.019302
0.0175294
0.0135171
0.00674027
0.00141159
0.00734928
0.00910294
0.00726309
0.00364664
0.000230517
0.00179894
0.00222818
0.00137214
0.019619
0.019302
0.0175294
0.0135171
0.00674027
0.00141159
0.00734928
0.00910294
0.00726309
0.00364664
0.000230517
0.00179894
0.00222818
0.00137214
0.019619
0.019302
0.0175294
0.0135171
0.00674027
0.00141159
0.00734928
0.00910294
0.00726309
0.00364664
0.000230517
0.00179894
0.00222818
0.00137214
0.019619
0.019302
0.0175294
0.0135171
0.00674027
0.00141159
0.00734928
0.00910294
0.00726309
0.00364664
0.000230517
0.00179894
0.00222818
0.00137214
0.019619
0.019302
0.0175294
0.0135171
0.00674027
0.00141159
0.00734928
0.00910294
0.00726309
0.00364664
0.000230517
0.00179894
0.00222818
0.00137214
0.019619
0.019302
0.0175294
0.0135171
0.00674027
0.00141159
0.00734928
0.00910294
0.00726309
0.00364664
0.000230517
0.00179894
0.00222818
0.00137214
0.019619
0.019302
0.0175294
0.0135171
0.00674027
0.00141159
0.00734928
0.00910294
0.00726309
0.00364664
0.000230517
0.00179894
0.00222818
0.00137214
0.019619
0.019302
0.0175294
0.0135171
0.00674027
0.00141159
0.00734928
0.00910294
0.00726309
0.00364664
0.000230517
0.00179894
0.00222818
0.00137214
0.019619
0.019302
0.0175294
0.0135171
0.00674027
0.00141159
0.00734928
0.00910294
0.00726309
0.00364664
0.000230517
0.00179894
0.00222818
0.00137214
0.019619
0.019302
0.0175294
0.0135171
0.00674027
0.00141159
0.00734928
0.00910294
0.00726309
0.00364664
0.000230517
0.00179894
0.00222818
0.00137214
0.019619
0.019302
0.0175294
0.0135171
0.00674027
0.00141159
0.00734928
0.00910294
0.00726309
0.00364664
0.000230517
0.00179894
0.00222818
0.00137214
0.019619
0.019302
0.0175294
0.0135171
0.00674027
0.00141159
0.00734928
0.00910294
0.00726309
0.00364664
0.000230517
0.00179894
0.00222818
0.00137214
0.019619
0.019302
0.0175294
0.0135171
0.00674027
0.00141159
0.00734928
0.00910294
0.00726309
0.00364664
0.000230517
0.00179894
0.00222818
0.00137214
0.019619
0.019302
0.0175294
0.0135171
0.00674027
0.00141159
0.00734928
0.00910294
0.00726309
0.00364664
0.000230517
0.00179894
0.00222818
0.00137214
0.019619
0.019302
0.0175294
0.0135171
0.00674027
0.00141159
0.00734928
0.00910294
0.00726309
0.00364664
0.000230517
0.00179894
0.00222818
0.00137214
0.019619
0.019302
0.0175294
0.0135171
0.00674027
0.00141159
0.00734928
0.00910294
0.00726309
0.00364664
0.000230517
0.00179894
0.00222818
0.00137214
0.019619
0.019302
0.0175294
0.0135171
0.00674027
0.00141159
0.00734928
0.00910294
0.00726309
0.00364664
0.000230517
0.00179894
0.00222818
0.00137214
0.019619
0.019302
0.0175294
0.0135171
0.00674027
0.00141159
0.00734928
0.00910294
0.00726309
0.00364664
0.000230517
0.00179894
0.00222818
0.00137214
0.019619
0.019302
0.0175294
0.0135171
0.00674027
0.00141159
0.00734928
0.00910294
0.00726309
0.00364664
0.000230517
0.00179894
0.00222818
0.00137214
0.019619
0.019302
0.0175294
0.0135171
0.00674027
0.00141159
0.00734928
0.00910294
0.00726309
0.00364664
0.000230517
0.00179894
0.00222818
0.00137214
0.019619
0.019302
0.0175294
0.0135171
0.00674027
0.00141159
0.00734928
0.00910294
0.00726309
0.00364664
0.000230517
0.00179894
0.00222818
0.00137214
0.019619
0.019302
0.0175294
0.0135171
0.00674027
0.00141159
0.00734928
0.00910294
0.00726309
0.00364664
0.000230517
0.00179894
0.00222818
0.00137214
0.019619
0.019302
0.0175294
0.0135171
0.00674027
0.00141159
0.00734928
0.00910294
0.00726309
0.00364664
0.000230517
0.00179894
0.00222818
0.00137214
0.019619
0.019302
0.0175294
0.0135171
0.00674027
0.00141159
0.00734928
0.00910294
0.00726309
0.00364664
0.000230517
0.00179894
0.00222818
0.00137214
0.019619
0.019302
0.0175294
0.0135171
0.00674027
0.00141159
0.00734928
0.00910294
0.00726309
0.00364664
0.000230517
0.00179894
0.00222818
0.00137214
0.019619
0.019302
0.0175294
0.0135171
0.00674027
0.00141159
0.00734928
0.00910294
0.00726309
0.00364664
0.000230517
0.00179894
0.00222818
0.00137214
0.019619
0.019302
0.0175294
0.0135171
0.00674027
0.00141159
0.00734928
0.00910294
0.00726309
0.00364664
0.000230517
0.00179894
0.00222818
0.00137214
0.019619
0.019302
0.0175294
0.0135171
0.00674027
0.00141159
0.00734928
0.00910294
0.00726309
0.00364664
0.000230517
0.00179894
0.00222818
0.00137214
0.019619
0.019302
0.0175294
0.0135171
0.00674027
0.00141159
0.00734928
0.00910294
0.00726309
0.00364664
0.000230517
0.00179894
0.00222818
0.00137214
0.019619
0.019302
0.0175294
0.0135171
0.00674027
0.00141159
0.00734928
0.00910294
0.00726309
0.00364664
0.000230517
0.00179894
0.00222818
0.00137214
0.019619
0.019302
0.0175294
0.0135171
0.00674027
0.00141159
0.00734928
0.00910294
0.00726309
0.00364664
0.000230517
0.00179894
0.00222818
0.00137214
0.019619
0.019302
0.0175294
0.0135171
0.00674027
0.00141159
0.00734928
0.00910294
0.00726309
0.00364664
0.000230517
0.00179894
0.00222818
0.00137214
0.019619
0.019302
0.0175294
0.0135171
0.00674027
0.00141159
0.00734928
0.00910294
0.00726309
0.00364664
0.000230517
0.00179894
0.00222818
0.00137214
0.019619
0.019302
0.0175294
0.0135171
0.00674027
0.00141159
0.00734928
0.00910294
0.00726309
0.00364664
0.000230517
0.00179894
0.00222818
0.00137214
0.019619
0.019302
0.0175294
0.0135171
0.00674027
0.00141159
0.00734928
0.00910294
0.00726309
0.00364664
0.000230517
0.00179894
0.00222818
0.00137214
0.019619
0.019302
0.0175294
0.0135171
0.00674027
0.00141159
0.00734928
0.00910294
0.00726309
0.00364664
0.000230517
0.00179894
0.00222818
0.00137214
0.019619
0.019302
0.0175294
0.0135171
0.00674027
0.00141159
0.00734928
0.00910294
0.00726309
0.00364664
0.000230517
0.00179894
0.00222818
0.00137214
0.019619
0.019302
0.0175294
0.0135171
0.00674027
0.00141159
0.00734928
0.00910294
0.00726309
0.00364664
0.000230517
0.00179894
0.00222818
0.00137214
0.019619
0.019302
0.0175294
0.0135171
0.00674027
0.00141159
0.00734928
0.00910294
0.00726309
0.00364664
0.000230517
0.00179894
0.00222818
0.00137214
0.019619
0.019302
0.0175294
0.0135171
0.00674027
0.00141159
0.00734928
0.00910294
0.00726309
0.00364664
0.000230517
0.00179894
0.00222818
0.00137214
0.019619
0.019302
0.0175294
0.0135171
0.00674027
0.00141159
0.00734928
0.00910294
0.00726309
0.00364664
0.000230517
0.00179894
0.00222818
0.00137214
0.019619
0.019302
0.0175294
0.0135171
0.00674027
0.00141159
0.00734928
0.00910294
0.00726309
0.00364664
0.000230517
0.00179894
0.00222818
0.00137214
0.00980949
0.00965001
0.00875717
0.00672547
0.00328314
0.000830699
0.00378983
0.00463205
0.0036749
0.00184084
0.000125227
0.000881198
0.00107375
0.000611027
0.00980949
0.00953533
0.00800173
0.00431908
0.00158734
0.00610478
0.00613389
0.00245239
0.00146579
0.00266069
4.99252e-05
0.00672014
0.0121629
0.0117592
0.00980949
0.00960913
0.00849252
0.00591462
0.0015979
0.00289866
0.00505995
0.00442693
0.00223259
0.000226734
0.000434995
0.000395395
0.00192529
0.00265147
0.00980949
0.00963186
0.00864002
0.00636979
0.00253729
0.00179123
0.00445709
0.00468233
0.00315767
0.00115463
0.00022492
0.000576666
0.000135105
0.000497812
0.00980949
0.00964136
0.00870141
0.00655677
0.00292812
0.0012975
0.00413127
0.00468888
0.0034586
0.00152367
6.26766e-05
0.000791328
0.000708772
0.000159193
0.00980949
0.00964578
0.0087299
0.00664309
0.00310951
0.0010612
0.00396245
0.00466772
0.00357641
0.00168828
2.85397e-05
0.000849912
0.000914006
0.000407956
0.00980949
0.00964791
0.00874368
0.00668474
0.00319723
0.000945273
0.00387661
0.00465162
0.00362796
0.00176601
7.62528e-05
0.000868756
0.000999205
0.000514894
0.00980949
0.00964896
0.00875046
0.00670522
0.00324041
0.000887823
0.00383334
0.00464226
0.003652
0.00180379
0.000100588
0.000875752
0.00103777
0.000564275
0.00980949
0.00964949
0.00875382
0.00671537
0.00326183
0.000859221
0.00381161
0.00463726
0.00366359
0.0018224
0.00011287
0.000878666
0.00105608
0.000587975
0.00980949
0.00964975
0.0087555
0.00672043
0.0032725
0.00084495
0.00380073
0.00463468
0.00366928
0.00183164
0.000119039
0.000879979
0.00106499
0.000599582
0.00980949
0.00964988
0.00875634
0.00672295
0.00327782
0.000837822
0.00379528
0.00463337
0.0036721
0.00183625
0.000122131
0.0008806
0.00106939
0.000605325
0.00980949
0.00964994
0.00875676
0.00672421
0.00328048
0.00083426
0.00379256
0.00463272
0.0036735
0.00183855
0.000123678
0.000880902
0.00107158
0.000608181
0.00980949
0.00964997
0.00875696
0.00672484
0.00328181
0.000832479
0.0037912
0.00463238
0.0036742
0.00183969
0.000124452
0.00088105
0.00107267
0.000609605
0.00980949
0.00964999
0.00875707
0.00672516
0.00328248
0.000831589
0.00379051
0.00463222
0.00367455
0.00184027
0.000124839
0.000881124
0.00107321
0.000610317
0.00980949
0.00965
0.00875712
0.00672531
0.00328281
0.000831144
0.00379017
0.00463214
0.00367472
0.00184055
0.000125033
0.000881161
0.00107348
0.000610672
0.00980949
0.00965
0.00875715
0.00672539
0.00328297
0.000830921
0.00379
0.00463209
0.00367481
0.0018407
0.00012513
0.000881179
0.00107362
0.00061085
0.00980949
0.00965
0.00875716
0.00672543
0.00328306
0.00083081
0.00378992
0.00463207
0.00367486
0.00184077
0.000125178
0.000881188
0.00107368
0.000610938
0.00980949
0.00965
0.00875717
0.00672545
0.0032831
0.000830754
0.00378988
0.00463206
0.00367488
0.00184081
0.000125202
0.000881193
0.00107372
0.000610983
0.00980949
0.00965001
0.00875717
0.00672546
0.00328312
0.000830727
0.00378985
0.00463206
0.00367489
0.00184082
0.000125214
0.000881195
0.00107374
0.000611005
0.00980949
0.00965001
0.00875717
0.00672547
0.00328313
0.000830713
0.00378984
0.00463206
0.00367489
0.00184083
0.00012522
0.000881196
0.00107374
0.000611016
0.00980949
0.00965001
0.00875717
0.00672547
0.00328314
0.000830706
0.00378984
0.00463205
0.0036749
0.00184084
0.000125223
0.000881197
0.00107375
0.000611022
0.00980949
0.00965001
0.00875717
0.00672547
0.00328314
0.000830702
0.00378984
0.00463205
0.0036749
0.00184084
0.000125225
0.000881197
0.00107375
0.000611025
0.00980949
0.00965001
0.00875717
0.00672547
0.00328314
0.000830701
0.00378983
0.00463205
0.0036749
0.00184084
0.000125226
0.000881197
0.00107375
0.000611026
0.00980949
0.00965001
0.00875717
0.00672547
0.00328314
0.0008307
0.00378983
0.00463205
0.0036749
0.00184084
0.000125226
0.000881197
0.00107375
0.000611027
0.00980949
0.00965001
0.00875717
0.00672547
0.00328314
0.000830699
0.00378983
0.00463205
0.0036749
0.00184084
0.000125226
0.000881198
0.00107375
0.000611027
0.00980949
0.00965001
0.00875717
0.00672547
0.00328314
0.000830699
0.00378983
0.00463205
0.0036749
0.00184084
0.000125226
0.000881198
0.00107375
0.000611027
0.00980949
0.00965001
0.00875717
0.00672547
0.00328314
0.000830699
0.00378983
0.00463205
0.0036749
0.00184084
0.000125226
0.000881198
0.00107375
0.000611027
0.00980949
0.00965001
0.00875717
0.00672547
0.00328314
0.000830699
0.00378983
0.00463205
0.0036749
0.00184084
0.000125226
0.000881198
0.00107375
0.000611027
0.00980949
0.00965001
0.00875717
0.00672547
0.00328314
0.000830699
0.00378983
0.00463205
0.0036749
0.00184084
0.000125227
0.000881198
0.00107375
0.000611027
0.00980949
0.00965001
0.00875717
0.00672547
0.00328314
0.000830699
0.00378983
0.00463205
0.0036749
0.00184084
0.000125227
0.000881198
0.00107375
0.000611027
0.00980949
0.00965001
0.00875717
0.00672547
0.00328314
0.000830699
0.00378983
0.00463205
0.0036749
0.00184084
0.000125227
0.000881198
0.00107375
0.000611027
0.00980949
0.00965001
0.00875717
0.00672547
0.00328314
0.000830699
0.00378983
0.00463205
0.0036749
0.00184084
0.000125227
0.000881198
0.00107375
0.000611027
0.00980949
0.00965001
0.00875717
0.00672547
0.00328314
0.000830699
0.00378983
0.00463205
0.0036749
0.00184084
0.000125227
0.000881198
0.00107375
0.000611027
0.00980949
0.00965001
0.00875717
0.00672547
0.00328314
0.000830699
0.00378983
0.00463205
0.0036749
0.00184084
0.000125227
0.000881198
0.00107375
0.000611027
0.00980949
0.00965001
0.00875717
0.00672547
0.00328314
0.000830699
0.00378983
0.00463205
0.0036749
0.00184084
0.000125227
0.000881198
0.00107375
0.000611027
0.00980949
0.00965001
0.00875717
0.00672547
0.00328314
0.000830699
0.00378983
0.00463205
0.0036749
0.00184084
0.000125227
0.000881198
0.00107375
0.000611027
0.00980949
0.00965001
0.00875717
0.00672547
0.00328314
0.000830699
0.00378983
0.00463205
0.0036749
0.00184084
0.000125227
0.000881198
0.00107375
0.000611027
0.00980949
0.00965001
0.00875717
0.00672547
0.00328314
0.000830699
0.00378983
0.00463205
0.0036749
0.00184084
0.000125227
0.000881198
0.00107375
0.000611027
0.00980949
0.00965001
0.00875717
0.00672547
0.00328314
0.000830699
0.00378983
0.00463205
0.0036749
0.00184084
0.000125227
0.000881198
0.00107375
0.000611027
0.00980949
0.00965001
0.00875717
0.00672547
0.00328314
0.000830699
0.00378983
0.00463205
0.0036749
0.00184084
0.000125227
0.000881198
0.00107375
0.000611027
0.00980949
0.00965001
0.00875717
0.00672547
0.00328314
0.000830699
0.00378983
0.00463205
0.0036749
0.00184084
0.000125227
0.000881198
0.00107375
0.000611027
0.00980949
0.00965001
0.00875717
0.00672547
0.00328314
0.000830699
0.00378983
0.00463205
0.0036749
0.00184084
0.000125227
0.000881198
0.00107375
0.000611027
0.00980949
0.00965001
0.00875717
0.00672547
0.00328314
0.000830699
0.00378983
0.00463205
0.0036749
0.00184084
0.000125227
0.000881198
0.00107375
0.000611027
0.00980949
0.00965001
0.00875717
0.00672547
0.00328314
0.000830699
0.00378983
0.00463205
0.0036749
0.00184084
0.000125227
0.000881198
0.00107375
0.000611027
0.00980949
0.00965001
0.00875717
0.00672547
0.00328314
0.000830699
0.00378983
0.00463205
0.0036749
0.00184084
0.000125227
0.000881198
0.00107375
0.000611027
0.00980949
0.00965001
0.00875717
0.00672547
0.00328314
0.000830699
0.00378983
0.00463205
0.0036749
0.00184084
0.000125227
0.000881198
0.00107375
0.000611027
0.00980949
0.00965001
0.00875717
0.00672547
0.00328314
0.000830699
0.00378983
0.00463205
0.0036749
0.00184084
0.000125227
0.000881198
0.00107375
0.000611027
0.00980949
0.00965001
0.00875717
0.00672547
0.00328314
0.000830699
0.00378983
0.00463205
0.0036749
0.00184084
0.000125227
0.000881198
0.00107375
0.000611027
0.00980949
0.00965001
0.00875717
0.00672547
0.00328314
0.000830699
0.00378983
0.00463205
0.0036749
0.00184084
0.000125227
0.000881198
0.00107375
0.000611027
0.00980949
0.00965001
0.00875717
0.00672547
0.00328314
0.000830699
0.00378983
0.00463205
0.0036749
0.00184084
0.000125227
0.000881198
0.00107375
0.000611027
0.00980949
0.00965001
0.00875717
0.00672547
0.00328314
0.000830699
0.00378983
0.00463205
0.0036749
0.00184084
0.000125227
0.000881198
0.00107375
0.000611027
0.00980949
0.00965001
0.00875717
0.00672547
0.00328314
0.000830699
0.00378983
0.00463205
0.0036749
0.00184084
0.000125227
0.000881198
0.00107375
0.000611027
0.00980949
0.00965001
0.00875717
0.00672547
0.00328314
0.000830699
0.00378983
0.00463205
0.0036749
0.00184084
0.000125227
0.000881198
0.00107375
0.000611027
0.00980949
0.00965001
0.00875717
0.00672547
0.00328314
0.000830699
0.00378983
0.00463205
0.0036749
0.00184084
0.000125227
0.000881198
0.00107375
0.000611027
0.00980949
0.00965001
0.00875717
0.00672547
0.00328314
0.000830699
0.00378983
0.00463205
0.0036749
0.00184084
0.000125227
0.000881198
0.00107375
0.000611027
0.00980949
0.00965001
0.00875717
0.00672547
0.00328314
0.000830699
0.00378983
0.00463205
0.0036749
0.00184084
0.000125227
0.000881198
0.00107375
0.000611027
0.00980949
0.00965001
0.00875717
0.00672547
0.00328314
0.000830699
0.00378983
0.00463205
0.0036749
0.00184084
0.000125227
0.000881198
0.00107375
0.000611027
0.00980949
0.00965001
0.00875717
0.00672547
0.00328314
0.000830699
0.00378983
0.00463205
0.0036749
0.00184084
0.000125227
0.000881198
0.00107375
0.000611027
0.00980949
0.00965001
0.00875717
0.00672547
0.00328314
0.000830699
0.00378983
0.00463205
0.0036749
0.00184084
0.000125227
0.000881198
0.00107375
0.000611027
0.00980949
0.00965001
0.00875717
0.00672547
0.00328314
0.000830699
0.00378983
0.00463205
0.0036749
0.00184084
0.000125227
0.000881198
0.00107375
0.000611027
0.00980949
0.00965001
0.00875717
0.00672547
0.00328314
0.000830699
0.00378983
0.00463205
0.0036749
0.00184084
0.000125227
0.000881198
0.00107375
0.000611027
0.00980949
0.00965001
0.00875717
0.00672547
0.00328314
0.000830699
0.00378983
0.00463205
0.0036749
0.00184084
0.000125227
0.000881198
0.00107375
0.000611027
0.00980949
0.00965001
0.00875717
0.00672547
0.00328314
0.000830699
0.00378983
0.00463205
0.0036749
0.00184084
0.000125227
0.000881198
0.00107375
0.000611027
0.00980949
0.00965001
0.00875717
0.00672547
0.00328314
0.000830699
0.00378983
0.00463205
0.0036749
0.00184084
0.000125227
0.000881198
0.00107375
0.000611027
0.00980949
0.00965001
0.00875717
0.00672547
0.00328314
0.000830699
0.00378983
0.00463205
0.0036749
0.00184084
0.000125227
0.000881198
0.00107375
0.000611027
0.00980949
0.00965001
0.00875717
0.00672547
0.00328314
0.000830699
0.00378983
0.00463205
0.0036749
0.00184084
0.000125227
0.000881198
0.00107375
0.000611027
0.00980949
0.00965001
0.00875717
0.00672547
0.00328314
0.000830699
0.00378983
0.00463205
0.0036749
0.00184084
0.000125227
0.000881198
0.00107375
0.000611027
0.00980949
0.00965001
0.00875717
0.00672547
0.00328314
0.000830699
0.00378983
0.00463205
0.0036749
0.00184084
0.000125227
0.000881198
0.00107375
0.000611027
0.00980949
0.00965001
0.00875717
0.00672547
0.00328314
0.000830699
0.00378983
0.00463205
0.0036749
0.00184084
0.000125227
0.000881198
0.00107375
0.000611027
0.00980949
0.00965001
0.00875717
0.00672547
0.00328314
0.000830699
0.00378983
0.00463205
0.0036749
0.00184084
0.000125227
0.000881198
0.00107375
0.000611027
0.00980949
0.00965001
0.00875717
0.00672547
0.00328314
0.000830699
0.00378983
0.00463205
0.0036749
0.00184084
0.000125227
0.000881198
0.00107375
0.000611027
0.00980949
0.00965001
0.00875717
0.00672547
0.00328314
0.000830699
0.00378983
0.00463205
0.0036749
0.00184084
0.000125227
0.000881198
0.00107375
0.000611027
0.00980949
0.00965001
0.00875717
0.00672547
0.00328314
0.000830699
0.00378983
0.00463205
0.0036749
0.00184084
0.000125227
0.000881198
0.00107375
0.000611027
0.00980949
0.00965001
0.00875717
0.00672547
0.00328314
0.000830699
0.00378983
0.00463205
0.0036749
0.00184084
0.000125227
0.000881198
0.00107375
0.000611027
0.00980949
0.00965001
0.00875717
0.00672547
0.00328314
0.000830699
0.00378983
0.00463205
0.0036749
0.00184084
0.000125227
0.000881198
0.00107375
0.000611027
0.00980949
0.00965001
0.00875717
0.00672547
0.00328314
0.000830699
0.00378983
0.00463205
0.0036749
0.00184084
0.000125227
0.000881198
0.00107375
0.000611027
0.00980949
0.00965001
0.00875717
0.00672547
0.00328314
0.000830699
0.00378983
0.00463205
0.0036749
0.00184084
0.000125227
0.000881198
0.00107375
0.000611027
0.00980949
0.00965001
0.00875717
0.00672547
0.00328314
0.000830699
0.00378983
0.00463205
0.0036749
0.00184084
0.000125227
0.000881198
0.00107375
0.000611027
0.00980949
0.00965001
0.00875717
0.00672547
0.00328314
0.000830699
0.00378983
0.00463205
0.0036749
0.00184084
0.000125227
0.000881198
0.00107375
0.000611027
0.00980949
0.00965001
0.00875717
0.00672547
0.00328314
0.000830699
0.00378983
0.00463205
0.0036749
0.00184084
0.000125227
0.000881198
0.00107375
0.000611027
0.00980949
0.00965001
0.00875717
0.00672547
0.00328314
0.000830699
0.00378983
0.00463205
0.0036749
0.00184084
0.000125227
0.000881198
0.00107375
0.000611027
0.00980949
0.00965001
0.00875717
0.00672547
0.00328314
0.000830699
0.00378983
0.00463205
0.0036749
0.00184084
0.000125227
0.000881198
0.00107375
0.000611027
0.00980949
0.00965001
0.00875717
0.00672547
0.00328314
0.000830699
0.00378983
0.00463205
0.0036749
0.00184084
0.000125227
0.000881198
0.00107375
0.000611027
0.00980949
0.00965001
0.00875717
0.00672547
0.00328314
0.000830699
0.00378983
0.00463205
0.0036749
0.00184084
0.000125227
0.000881198
0.00107375
0.000611027
0.00980949
0.00965001
0.00875717
0.00672547
0.00328314
0.000830699
0.00378983
0.00463205
0.0036749
0.00184084
0.000125227
0.000881198
0.00107375
0.000611027
0.00980949
0.00965001
0.00875717
0.00672547
0.00328314
0.000830699
0.00378983
0.00463205
0.0036749
0.00184084
0.000125227
0.000881198
0.00107375
0.000611027
0.00980949
0.00965001
0.00875717
0.00672547
0.00328314
0.000830699
0.00378983
0.00463205
0.0036749
0.00184084
0.000125227
0.000881198
0.00107375
0.000611027
0.00980949
0.00965001
0.00875717
0.00672547
0.00328314
0.000830699
0.00378983
0.00463205
0.0036749
0.00184084
0.000125227
0.000881198
0.00107375
0.000611027
0.00980949
0.00965001
0.00875717
0.00672547
0.00328314
0.000830699
0.00378983
0.00463205
0.0036749
0.00184084
0.000125227
0.000881198
0.00107375
0.000611027
0.00980949
0.00965001
0.00875717
0.00672547
0.00328314
0.000830699
0.00378983
0.00463205
0.0036749
0.00184084
0.000125227
0.000881198
0.00107375
0.000611027
0.00980949
0.00965001
0.00875717
0.00672547
0.00328314
0.000830699
0.00378983
0.00463205
0.0036749
0.00184084
0.000125227
0.000881198
0.00107375
0.000611027
0.00980949
0.00965001
0.00875717
0.00672547
0.00328314
0.000830699
0.00378983
0.00463205
0.0036749
0.00184084
0.000125227
0.000881198
0.00107375
0.000611027
0.00980949
0.00965001
0.00875717
0.00672547
0.00328314
0.000830699
0.00378983
0.00463205
0.0036749
0.00184084
0.000125227
0.000881198
0.00107375
0.000611027
0.00980949
0.00965001
0.00875717
0.00672547
0.00328314
0.000830699
0.00378983
0.00463205
0.0036749
0.00184084
0.000125227
0.000881198
0.00107375
0.000611027
0.00980949
0.00965001
0.00875717
0.00672547
0.00328314
0.000830699
0.00378983
0.00463205
0.0036749
0.00184084
0.000125227
0.000881198
0.00107375
0.000611027
0.00980949
0.00965001
0.00875717
0.00672547
0.00328314
0.000830699
0.00378983
0.00463205
0.0036749
0.00184084
0.000125227
0.000881198
0.00107375
0.000611027
0.00980949
0.00965001
0.00875717
0.00672547
0.00328314
0.000830699
0.00378983
0.00463205
0.0036749
0.00184084
0.000125227
0.000881198
0.00107375
0.000611027
0.00980949
0.00965001
0.00875717
0.00672547
0.00328314
0.000830699
0.00378983
0.00463205
0.0036749
0.00184084
0.000125227
0.000881198
0.00107375
0.000611027
0.00980949
0.00965001
0.00875717
0.00672547
0.00328314
0.000830699
0.00378983
0.00463205
0.0036749
0.00184084
0.000125227
0.000881198
0.00107375
0.000611027
0.00980949
0.00965001
0.00875717
0.00672547
0.00328314
0.000830699
0.00378983
0.00463205
0.0036749
0.00184084
0.000125227
0.000881198
0.00107375
0.000611027
0.00980949
0.00965001
0.00875717
0.00672547
0.00328314
0.000830699
0.00378983
0.00463205
0.0036749
0.00184084
0.000125227
0.000881198
0.00107375
0.000611027
0.00980949
0.00965001
0.00875717
0.00672547
0.00328314
0.000830699
0.00378983
0.00463205
0.0036749
0.00184084
0.000125227
0.000881198
0.00107375
0.000611027
0.00980949
0.00965001
0.00875717
0.00672547
0.00328314
0.000830699
0.00378983
0.00463205
0.0036749
0.00184084
0.000125227
0.000881198
0.00107375
0.000611027
0.00980949
0.00965001
0.00875717
0.00672547
0.00328314
0.000830699
0.00378983
0.00463205
0.0036749
0.00184084
0.000125227
0.000881198
0.00107375
0.000611027
0.00980949
0.00965001
0.00875717
0.00672547
0.00328314
0.000830699
0.00378983
0.00463205
0.0036749
0.00184084
0.000125227
0.000881198
0.00107375
0.000611027
0.00980949
0.00965001
0.00875717
0.00672547
0.00328314
0.000830699
0.00378983
0.00463205
0.0036749
0.00184084
0.000125227
0.000881198
0.00107375
0.000611027
0.00980949
0.00965001
0.00875717
0.00672547
0.00328314
0.000830699
0.00378983
0.00463205
0.0036749
0.00184084
0.000125227
0.000881198
0.00107375
0.000611027
0.00980949
0.00965001
0.00875717
0.00672547
0.00328314
0.000830699
0.00378983
0.00463205
0.0036749
0.00184084
0.000125227
0.000881198
0.00107375
0.000611027
0.00980949
0.00965001
0.00875717
0.00672547
0.00328314
0.000830699
0.00378983
0.00463205
0.0036749
0.00184084
0.000125227
0.000881198
0.00107375
0.000611027
0.00980949
0.00965001
0.00875717
0.00672547
0.00328314
0.000830699
0.00378983
0.00463205
0.0036749
0.00184084
0.000125227
0.000881198
0.00107375
0.000611027
0.00980949
0.00965001
0.00875717
0.00672547
0.00328314
0.000830699
0.00378983
0.00463205
0.0036749
0.00184084
0.000125227
0.000881198
0.00107375
0.000611027
0.00980949
0.00965001
0.00875717
0.00672547
0.00328314
0.000830699
0.00378983
0.00463205
0.0036749
0.00184084
0.000125227
0.000881198
0.00107375
0.000611027
0.00980949
0.00965001
0.00875717
0.00672547
0.00328314
0.000830699
0.00378983
0.00463205
0.0036749
0.00184084
0.000125227
0.000881198
0.00107375
0.000611027
0.00980949
0.00965001
0.00875717
0.00672547
0.00328314
0.000830699
0.00378983
0.00463205
0.0036749
0.00184084
0.000125227
0.000881198
0.00107375
0.000611027
0.00980949
0.00965001
0.00875717
0.00672547
0.00328314
0.000830699
0.00378983
0.00463205
0.0036749
0.00184084
0.000125227
0.000881198
0.00107375
0.000611027
0.00980949
0.00965001
0.00875717
0.00672547
0.00328314
0.000830699
0.00378983
0.00463205
0.0036749
0.00184084
0.000125227
0.000881198
0.00107375
0.000611027
0.00980949
0.00965001
0.00875717
0.00672547
0.00328314
0.000830699
0.00378983
0.00463205
0.0036749
0.00184084
0.000125227
0.000881198
0.00107375
0.000611027
0.00980949
0.00965001
0.00875717
0.00672547
0.00328314
0.000830699
0.00378983
0.00463205
0.0036749
0.00184084
0.000125227
0.000881198
0.00107375
0.000611027
0.00980949
0.00965001
0.00875717
0.00672547
0.00328314
0.000830699
0.00378983
0.00463205
0.0036749
0.00184084
0.000125227
0.000881198
0.00107375
0.000611027
0.00980949
0.00965001
0.00875717
0.00672547
0.00328314
0.000830699
0.00378983
0.00463205
0.0036749
0.00184084
0.000125227
0.000881198
0.00107375
0.000611027
0.00980949
0.00965001
0.00875717
0.00672547
0.00328314
0.000830699
0.00378983
0.00463205
0.0036749
0.00184084
0.000125227
0.000881198
0.00107375
0.000611027
0.00653966
0.00643334
0.00583812
0.00448365
0.00218877
0.000553816
0.00252661
0.00308811
0.00245
0.00122726
8.34516e-05
0.000587569
0.000716025
0.000407634
0.00653966
0.00635716
0.00533266
0.00285336
0.00118001
0.00434363
0.00451127
0.00209958
0.000662641
0.00167047
9.40222e-05
0.00421921
0.00805966
0.00817821
0.00653966
0.00640591
0.00565943
0.0039308
0.00102073
0.0020323
0.00352589
0.00313415
0.00166178
0.000279435
0.000213437
0.00030916
0.00134166
0.00188929
0.00653966
0.00642108
0.00575856
0.00424007
0.00167064
0.00123946
0.00304022
0.00320522
0.00219027
0.000841915
9.65827e-05
0.000344393
5.09579e-05
0.000384525
0.00653966
0.00642748
0.00580013
0.00436784
0.00194182
0.000886851
0.00278722
0.00316622
0.00234764
0.00105291
1.26877e-05
0.00050479
0.000451355
8.09417e-05
0.00653966
0.00643047
0.00581951
0.00442703
0.00206791
0.000718226
0.00265787
0.00313164
0.00240506
0.00114426
3.40383e-05
0.000554712
0.000598492
0.000259676
0.00653966
0.00643192
0.0058289
0.00445564
0.00212895
0.000635531
0.00259248
0.00311094
0.00242902
0.00118676
5.84306e-05
0.000573147
0.000660726
0.000337286
0.00653966
0.00643263
0.00583353
0.00446972
0.002159
0.000594555
0.0025596
0.00309979
0.00243987
0.00120725
7.08651e-05
0.000580845
0.000689215
0.000373343
0.00653966
0.00643298
0.00583583
0.0044767
0.00217392
0.000574157
0.00254312
0.00309401
0.00244503
0.00121731
7.71397e-05
0.000584327
0.000702827
0.000390706
0.00653966
0.00643316
0.00583697
0.00448018
0.00218135
0.000563979
0.00253487
0.00309108
0.00244754
0.0012223
8.0291e-05
0.000585978
0.000709477
0.000399224
0.00653966
0.00643325
0.00583755
0.00448192
0.00218506
0.000558896
0.00253074
0.0030896
0.00244877
0.00122478
8.18701e-05
0.000586781
0.000712764
0.000403443
0.00653966
0.00643329
0.00583783
0.00448279
0.00218691
0.000556355
0.00252867
0.00308885
0.00244939
0.00122602
8.26606e-05
0.000587177
0.000714398
0.000405542
0.00653966
0.00643332
0.00583797
0.00448322
0.00218784
0.000555086
0.00252764
0.00308848
0.0024497
0.00122664
8.3056e-05
0.000587374
0.000715212
0.000406589
0.00653966
0.00643333
0.00583805
0.00448344
0.0021883
0.000554451
0.00252712
0.00308829
0.00244985
0.00122695
8.32538e-05
0.000587472
0.000715619
0.000407112
0.00653966
0.00643333
0.00583808
0.00448354
0.00218853
0.000554133
0.00252686
0.0030882
0.00244992
0.0012271
8.33527e-05
0.000587521
0.000715822
0.000407373
0.00653966
0.00643333
0.0058381
0.0044836
0.00218865
0.000553975
0.00252673
0.00308815
0.00244996
0.00122718
8.34021e-05
0.000587545
0.000715923
0.000407504
0.00653966
0.00643334
0.00583811
0.00448363
0.00218871
0.000553895
0.00252667
0.00308813
0.00244998
0.00122722
8.34269e-05
0.000587557
0.000715974
0.000407569
0.00653966
0.00643334
0.00583811
0.00448364
0.00218874
0.000553856
0.00252664
0.00308812
0.00244999
0.00122724
8.34392e-05
0.000587563
0.000716
0.000407602
0.00653966
0.00643334
0.00583812
0.00448365
0.00218875
0.000553836
0.00252662
0.00308811
0.00245
0.00122725
8.34454e-05
0.000587566
0.000716012
0.000407618
0.00653966
0.00643334
0.00583812
0.00448365
0.00218876
0.000553826
0.00252661
0.00308811
0.00245
0.00122725
8.34485e-05
0.000587568
0.000716019
0.000407626
0.00653966
0.00643334
0.00583812
0.00448365
0.00218876
0.000553821
0.00252661
0.00308811
0.00245
0.00122725
8.345e-05
0.000587569
0.000716022
0.00040763
0.00653966
0.00643334
0.00583812
0.00448365
0.00218876
0.000553818
0.00252661
0.00308811
0.00245
0.00122725
8.34508e-05
0.000587569
0.000716023
0.000407632
0.00653966
0.00643334
0.00583812
0.00448365
0.00218876
0.000553817
0.00252661
0.00308811
0.00245
0.00122726
8.34512e-05
0.000587569
0.000716024
0.000407633
0.00653966
0.00643334
0.00583812
0.00448365
0.00218876
0.000553817
0.00252661
0.00308811
0.00245
0.00122726
8.34514e-05
0.000587569
0.000716025
0.000407634
0.00653966
0.00643334
0.00583812
0.00448365
0.00218877
0.000553816
0.00252661
0.00308811
0.00245
0.00122726
8.34515e-05
0.000587569
0.000716025
0.000407634
0.00653966
0.00643334
0.00583812
0.00448365
0.00218877
0.000553816
0.00252661
0.00308811
0.00245
0.00122726
8.34515e-05
0.000587569
0.000716025
0.000407634
0.00653966
0.00643334
0.00583812
0.00448365
0.00218877
0.000553816
0.00252661
0.00308811
0.00245
0.00122726
8.34516e-05
0.000587569
0.000716025
0.000407634
0.00653966
0.00643334
0.00583812
0.00448365
0.00218877
0.000553816
0.00252661
0.00308811
0.00245
0.00122726
8.34516e-05
0.000587569
0.000716025
0.000407634
0.00653966
0.00643334
0.00583812
0.00448365
0.00218877
0.000553816
0.00252661
0.00308811
0.00245
0.00122726
8.34516e-05
0.000587569
0.000716025
0.000407634
0.00653966
0.00643334
0.00583812
0.00448365
0.00218877
0.000553816
0.00252661
0.00308811
0.00245
0.00122726
8.34516e-05
0.000587569
0.000716025
0.000407634
0.00653966
0.00643334
0.00583812
0.00448365
0.00218877
0.000553816
0.00252661
0.00308811
0.00245
0.00122726
8.34516e-05
0.000587569
0.000716025
0.000407634
0.00653966
0.00643334
0.00583812
0.00448365
0.00218877
0.000553816
0.00252661
0.00308811
0.00245
0.00122726
8.34516e-05
0.000587569
0.000716025
0.000407634
0.00653966
0.00643334
0.00583812
0.00448365
0.00218877
0.000553816
0.00252661
0.00308811
0.00245
0.00122726
8.34516e-05
0.000587569
0.000716025
0.000407634
0.00653966
0.00643334
0.00583812
0.00448365
0.00218877
0.000553816
0.00252661
0.00308811
0.00245
0.00122726
8.34516e-05
0.000587569
0.000716025
0.000407634
0.00653966
0.00643334
0.00583812
0.00448365
0.00218877
0.000553816
0.00252661
0.00308811
0.00245
0.00122726
8.34516e-05
0.000587569
0.000716025
0.000407634
0.00653966
0.00643334
0.00583812
0.00448365
0.00218877
0.000553816
0.00252661
0.00308811
0.00245
0.00122726
8.34516e-05
0.000587569
0.000716025
0.000407634
0.00653966
0.00643334
0.00583812
0.00448365
0.00218877
0.000553816
0.00252661
0.00308811
0.00245
0.00122726
8.34516e-05
0.000587569
0.000716025
0.000407634
0.00653966
0.00643334
0.00583812
0.00448365
0.00218877
0.000553816
0.00252661
0.00308811
0.00245
0.00122726
8.34516e-05
0.000587569
0.000716025
0.000407634
0.00653966
0.00643334
0.00583812
0.00448365
0.00218877
0.000553816
0.00252661
0.00308811
0.00245
0.00122726
8.34516e-05
0.000587569
0.000716025
0.000407634
0.00653966
0.00643334
0.00583812
0.00448365
0.00218877
0.000553816
0.00252661
0.00308811
0.00245
0.00122726
8.34516e-05
0.000587569
0.000716025
0.000407634
0.00653966
0.00643334
0.00583812
0.00448365
0.00218877
0.000553816
0.00252661
0.00308811
0.00245
0.00122726
8.34516e-05
0.000587569
0.000716025
0.000407634
0.00653966
0.00643334
0.00583812
0.00448365
0.00218877
0.000553816
0.00252661
0.00308811
0.00245
0.00122726
8.34516e-05
0.000587569
0.000716025
0.000407634
0.00653966
0.00643334
0.00583812
0.00448365
0.00218877
0.000553816
0.00252661
0.00308811
0.00245
0.00122726
8.34516e-05
0.000587569
0.000716025
0.000407634
0.00653966
0.00643334
0.00583812
0.00448365
0.00218877
0.000553816
0.00252661
0.00308811
0.00245
0.00122726
8.34516e-05
0.000587569
0.000716025
0.000407634
0.00653966
0.00643334
0.00583812
0.00448365
0.00218877
0.000553816
0.00252661
0.00308811
0.00245
0.00122726
8.34516e-05
0.000587569
0.000716025
0.000407634
0.00653966
0.00643334
0.00583812
0.00448365
0.00218877
0.000553816
0.00252661
0.00308811
0.00245
0.00122726
8.34516e-05
0.000587569
0.000716025
0.000407634
0.00653966
0.00643334
0.00583812
0.00448365
0.00218877
0.000553816
0.00252661
0.00308811
0.00245
0.00122726
8.34516e-05
0.000587569
0.000716025
0.000407634
0.00653966
0.00643334
0.00583812
0.00448365
0.00218877
0.000553816
0.00252661
0.00308811
0.00245
0.00122726
8.34516e-05
0.000587569
0.000716025
0.000407634
0.00653966
0.00643334
0.00583812
0.00448365
0.00218877
0.000553816
0.00252661
0.00308811
0.00245
0.00122726
8.34516e-05
0.000587569
0.000716025
0.000407634
0.00653966
0.00643334
0.00583812
0.00448365
0.00218877
0.000553816
0.00252661
0.00308811
0.00245
0.00122726
8.34516e-05
0.000587569
0.000716025
0.000407634
0.00653966
0.00643334
0.00583812
0.00448365
0.00218877
0.000553816
0.00252661
0.00308811
0.00245
0.00122726
8.34516e-05
0.000587569
0.000716025
0.000407634
0.00653966
0.00643334
0.00583812
0.00448365
0.00218877
0.000553816
0.00252661
0.00308811
0.00245
0.00122726
8.34516e-05
0.000587569
0.000716025
0.000407634
0.00653966
0.00643334
0.00583812
0.00448365
0.00218877
0.000553816
0.00252661
0.00308811
0.00245
0.00122726
8.34516e-05
0.000587569
0.000716025
0.000407634
0.00653966
0.00643334
0.00583812
0.00448365
0.00218877
0.000553816
0.00252661
0.00308811
0.00245
0.00122726
8.34516e-05
0.000587569
0.000716025
0.000407634
0.00653966
0.00643334
0.00583812
0.00448365
0.00218877
0.000553816
0.00252661
0.00308811
0.00245
0.00122726
8.34516e-05
0.000587569
0.000716025
0.000407634
0.00653966
0.00643334
0.00583812
0.00448365
0.00218877
0.000553816
0.00252661
0.00308811
0.00245
0.00122726
8.34516e-05
0.000587569
0.000716025
0.000407634
0.00653966
0.00643334
0.00583812
0.00448365
0.00218877
0.000553816
0.00252661
0.00308811
0.00245
0.00122726
8.34516e-05
0.000587569
0.000716025
0.000407634
0.00653966
0.00643334
0.00583812
0.00448365
0.00218877
0.000553816
0.00252661
0.00308811
0.00245
0.00122726
8.34516e-05
0.000587569
0.000716025
0.000407634
0.00653966
0.00643334
0.00583812
0.00448365
0.00218877
0.000553816
0.00252661
0.00308811
0.00245
0.00122726
8.34516e-05
0.000587569
0.000716025
0.000407634
0.00653966
0.00643334
0.00583812
0.00448365
0.00218877
0.000553816
0.00252661
0.00308811
0.00245
0.00122726
8.34516e-05
0.000587569
0.000716025
0.000407634
0.00653966
0.00643334
0.00583812
0.00448365
0.00218877
0.000553816
0.00252661
0.00308811
0.00245
0.00122726
8.34516e-05
0.000587569
0.000716025
0.000407634
0.00653966
0.00643334
0.00583812
0.00448365
0.00218877
0.000553816
0.00252661
0.00308811
0.00245
0.00122726
8.34516e-05
0.000587569
0.000716025
0.000407634
0.00653966
0.00643334
0.00583812
0.00448365
0.00218877
0.000553816
0.00252661
0.00308811
0.00245
0.00122726
8.34516e-05
0.000587569
0.000716025
0.000407634
0.00653966
0.00643334
0.00583812
0.00448365
0.00218877
0.000553816
0.00252661
0.00308811
0.00245
0.00122726
8.34516e-05
0.000587569
0.000716025
0.000407634
0.00653966
0.00643334
0.00583812
0.00448365
0.00218877
0.000553816
0.00252661
0.00308811
0.00245
0.00122726
8.34516e-05
0.000587569
0.000716025
0.000407634
0.00653966
0.00643334
0.00583812
0.00448365
0.00218877
0.000553816
0.00252661
0.00308811
0.00245
0.00122726
8.34516e-05
0.000587569
0.000716025
0.000407634
0.00653966
0.00643334
0.00583812
0.00448365
0.00218877
0.000553816
0.00252661
0.00308811
0.00245
0.00122726
8.34516e-05
0.000587569
0.000716025
0.000407634
0.00653966
0.00643334
0.00583812
0.00448365
0.00218877
0.000553816
0.00252661
0.00308811
0.00245
0.00122726
8.34516e-05
0.000587569
0.000716025
0.000407634
0.00653966
0.00643334
0.00583812
0.00448365
0.00218877
0.000553816
0.00252661
0.00308811
0.00245
0.00122726
8.34516e-05
0.000587569
0.000716025
0.000407634
0.00653966
0.00643334
0.00583812
0.00448365
0.00218877
0.000553816
0.00252661
0.00308811
0.00245
0.00122726
8.34516e-05
0.000587569
0.000716025
0.000407634
0.00653966
0.00643334
0.00583812
0.00448365
0.00218877
0.000553816
0.00252661
0.00308811
0.00245
0.00122726
8.34516e-05
0.000587569
0.000716025
0.000407634
0.00653966
0.00643334
0.00583812
0.00448365
0.00218877
0.000553816
0.00252661
0.00308811
0.00245
0.00122726
8.34516e-05
0.000587569
0.000716025
0.000407634
0.00653966
0.00643334
0.00583812
0.00448365
0.00218877
0.000553816
0.00252661
0.00308811
0.00245
0.00122726
8.34516e-05
0.000587569
0.000716025
0.000407634
0.00653966
0.00643334
0.00583812
0.00448365
0.00218877
0.000553816
0.00252661
0.00308811
0.00245
0.00122726
8.34516e-05
0.000587569
0.000716025
0.000407634
0.00653966
0.00643334
0.00583812
0.00448365
0.00218877
0.000553816
0.00252661
0.00308811
0.00245
0.00122726
8.34516e-05
0.000587569
0.000716025
0.000407634
0.00653966
0.00643334
0.00583812
0.00448365
0.00218877
0.000553816
0.00252661
0.00308811
0.00245
0.00122726
8.34516e-05
0.000587569
0.000716025
0.000407634
0.00653966
0.00643334
0.00583812
0.00448365
0.00218877
0.000553816
0.00252661
0.00308811
0.00245
0.00122726
8.34516e-05
0.000587569
0.000716025
0.000407634
0.00653966
0.00643334
0.00583812
0.00448365
0.00218877
0.000553816
0.00252661
0.00308811
0.00245
0.00122726
8.34516e-05
0.000587569
0.000716025
0.000407634
0.00653966
0.00643334
0.00583812
0.00448365
0.00218877
0.000553816
0.00252661
0.00308811
0.00245
0.00122726
8.34516e-05
0.000587569
0.000716025
0.000407634
0.00653966
0.00643334
0.00583812
0.00448365
0.00218877
0.000553816
0.00252661
0.00308811
0.00245
0.00122726
8.34516e-05
0.000587569
0.000716025
0.000407634
0.00653966
0.00643334
0.00583812
0.00448365
0.00218877
0.000553816
0.00252661
0.00308811
0.00245
0.00122726
8.34516e-05
0.000587569
0.000716025
0.000407634
0.00653966
0.00643334
0.00583812
0.00448365
0.00218877
0.000553816
0.00252661
0.00308811
0.00245
0.00122726
8.34516e-05
0.000587569
0.000716025
0.000407634
0.00653966
0.00643334
0.00583812
0.00448365
0.00218877
0.000553816
0.00252661
0.00308811
0.00245
0.00122726
8.34516e-05
0.000587569
0.000716025
0.000407634
0.00653966
0.00643334
0.00583812
0.00448365
0.00218877
0.000553816
0.00252661
0.00308811
0.00245
0.00122726
8.34516e-05
0.000587569
0.000716025
0.000407634
0.00653966
0.00643334
0.00583812
0.00448365
0.00218877
0.000553816
0.00252661
0.00308811
0.00245
0.00122726
8.34516e-05
0.000587569
0.000716025
0.000407634
0.00653966
0.00643334
0.00583812
0.00448365
0.00218877
0.000553816
0.00252661
0.00308811
0.00245
0.00122726
8.34516e-05
0.000587569
0.000716025
0.000407634
0.00653966
0.00643334
0.00583812
0.00448365
0.00218877
0.000553816
0.00252661
0.00308811
0.00245
0.00122726
8.34516e-05
0.000587569
0.000716025
0.000407634
0.00653966
0.00643334
0.00583812
0.00448365
0.00218877
0.000553816
0.00252661
0.00308811
0.00245
0.00122726
8.34516e-05
0.000587569
0.000716025
0.000407634
0.00653966
0.00643334
0.00583812
0.00448365
0.00218877
0.000553816
0.00252661
0.00308811
0.00245
0.00122726
8.34516e-05
0.000587569
0.000716025
0.000407634
0.00653966
0.00643334
0.00583812
0.00448365
0.00218877
0.000553816
0.00252661
0.00308811
0.00245
0.00122726
8.34516e-05
0.000587569
0.000716025
0.000407634
0.00653966
0.00643334
0.00583812
0.00448365
0.00218877
0.000553816
0.00252661
0.00308811
0.00245
0.00122726
8.34516e-05
0.000587569
0.000716025
0.000407634
0.00653966
0.00643334
0.00583812
0.00448365
0.00218877
0.000553816
0.00252661
0.00308811
0.00245
0.00122726
8.34516e-05
0.000587569
0.000716025
0.000407634
0.00653966
0.00643334
0.00583812
0.00448365
0.00218877
0.000553816
0.00252661
0.00308811
0.00245
0.00122726
8.34516e-05
0.000587569
0.000716025
0.000407634
0.00653966
0.00643334
0.00583812
0.00448365
0.00218877
0.000553816
0.00252661
0.00308811
0.00245
0.00122726
8.34516e-05
0.000587569
0.000716025
0.000407634
0.00653966
0.00643334
0.00583812
0.00448365
0.00218877
0.000553816
0.00252661
0.00308811
0.00245
0.00122726
8.34516e-05
0.000587569
0.000716025
0.000407634
0.00653966
0.00643334
0.00583812
0.00448365
0.00218877
0.000553816
0.00252661
0.00308811
0.00245
0.00122726
8.34516e-05
0.000587569
0.000716025
0.000407634
0.00653966
0.00643334
0.00583812
0.00448365
0.00218877
0.000553816
0.00252661
0.00308811
0.00245
0.00122726
8.34516e-05
0.000587569
0.000716025
0.000407634
0.00653966
0.00643334
0.00583812
0.00448365
0.00218877
0.000553816
0.00252661
0.00308811
0.00245
0.00122726
8.34516e-05
0.000587569
0.000716025
0.000407634
0.00653966
0.00643334
0.00583812
0.00448365
0.00218877
0.000553816
0.00252661
0.00308811
0.00245
0.00122726
8.34516e-05
0.000587569
0.000716025
0.000407634
0.00653966
0.00643334
0.00583812
0.00448365
0.00218877
0.000553816
0.00252661
0.00308811
0.00245
0.00122726
8.34516e-05
0.000587569
0.000716025
0.000407634
0.00653966
0.00643334
0.00583812
0.00448365
0.00218877
0.000553816
0.00252661
0.00308811
0.00245
0.00122726
8.34516e-05
0.000587569
0.000716025
0.000407634
0.00653966
0.00643334
0.00583812
0.00448365
0.00218877
0.000553816
0.00252661
0.00308811
0.00245
0.00122726
8.34516e-05
0.000587569
0.000716025
0.000407634
0.00653966
0.00643334
0.00583812
0.00448365
0.00218877
0.000553816
0.00252661
0.00308811
0.00245
0.00122726
8.34516e-05
0.000587569
0.000716025
0.000407634
0.00653966
0.00643334
0.00583812
0.00448365
0.00218877
0.000553816
0.00252661
0.00308811
0.00245
0.00122726
8.34516e-05
0.000587569
0.000716025
0.000407634
0.00653966
0.00643334
0.00583812
0.00448365
0.00218877
0.000553816
0.00252661
0.00308811
0.00245
0.00122726
8.34516e-05
0.000587569
0.000716025
0.000407634
0.00653966
0.00643334
0.00583812
0.00448365
0.00218877
0.000553816
0.00252661
0.00308811
0.00245
0.00122726
8.34516e-05
0.000587569
0.000716025
0.000407634
0.00653966
0.00643334
0.00583812
0.00448365
0.00218877
0.000553816
0.00252661
0.00308811
0.00245
0.00122726
8.34516e-05
0.000587569
0.000716025
0.000407634
0.00653966
0.00643334
0.00583812
0.00448365
0.00218877
0.000553816
0.00252661
0.00308811
0.00245
0.00122726
8.34516e-05
0.000587569
0.000716025
0.000407634
0.00653966
0.00643334
0.00583812
0.00448365
0.00218877
0.000553816
0.00252661
0.00308811
0.00245
0.00122726
8.34516e-05
0.000587569
0.000716025
0.000407634
0.00653966
0.00643334
0.00583812
0.00448365
0.00218877
0.000553816
0.00252661
0.00308811
0.00245
0.00122726
8.34516e-05
0.000587569
0.000716025
0.000407634
0.00653966
0.00643334
0.00583812
0.00448365
0.00218877
0.000553816
0.00252661
0.00308811
0.00245
0.00122726
8.34516e-05
0.000587569
0.000716025
0.000407634
0.00653966
0.00643334
0.00583812
0.00448365
0.00218877
0.000553816
0.00252661
0.00308811
0.00245
0.00122726
8.34516e-05
0.000587569
0.000716025
0.000407634
0.00653966
0.00643334
0.00583812
0.00448365
0.00218877
0.000553816
0.00252661
0.00308811
0.00245
0.00122726
8.34516e-05
0.000587569
0.000716025
0.000407634
0.00653966
0.00643334
0.00583812
0.00448365
0.00218877
0.000553816
0.00252661
0.00308811
0.00245
0.00122726
8.34516e-05
0.000587569
0.000716025
0.000407634
0.00653966
0.00643334
0.00583812
0.00448365
0.00218877
0.000553816
0.00252661
0.00308811
0.00245
0.00122726
8.34516e-05
0.000587569
0.000716025
0.000407634
0.00653966
0.00643334
0.00583812
0.00448365
0.00218877
0.000553816
0.00252661
0.00308811
0.00245
0.00122726
8.34516e-05
0.000587569
0.000716025
0.000407634
0.00653966
0.00643334
0.00583812
0.00448365
0.00218877
0.000553816
0.00252661
0.00308811
0.00245
0.00122726
8.34516e-05
0.000587569
0.000716025
0.000407634
0.00653966
0.00643334
0.00583812
0.00448365
0.00218877
0.000553816
0.00252661
0.00308811
0.00245
0.00122726
8.34516e-05
0.000587569
0.000716025
0.000407634
0.00653966
0.00643334
0.00583812
0.00448365
0.00218877
0.000553816
0.00252661
0.00308811
0.00245
0.00122726
8.34516e-05
0.000587569
0.000716025
0.000407634
0.00653966
0.00643334
0.00583812
0.00448365
0.00218877
0.000553816
0.00252661
0.00308811
0.00245
0.00122726
8.34516e-05
0.000587569
0.000716025
0.000407634
0.00653966
0.00643334
0.00583812
0.00448365
0.00218877
0.000553816
0.00252661
0.00308811
0.00245
0.00122726
8.34516e-05
0.000587569
0.000716025
0.000407634
