7.96926
7.96986
7.97381
7.9839
8.00237
8.03096
8.07095
8.12324
8.18841
8.26667
8.35794
8.46188
8.578
8.70528
8.84264
8.98878
9.14188
9.30024
9.46177
9.62427
9.78521
9.9422
10.0929
10.2347
10.3652
10.4824
10.5841
10.669
10.7356
10.7834
10.8119
10.8211
10.8114
10.7834
10.7384
10.6773
10.6018
10.5132
10.4134
10.3041
10.1871
10.0641
9.93667
9.80646
9.67511
9.54392
9.41421
9.28717
9.1639
9.04539
8.93248
8.82594
8.72647
8.6346
8.55087
8.47565
8.40936
8.35226
8.30467
8.26671
8.2386
8.22045
8.21228
8.21406
8.22566
8.24685
8.27729
8.3165
8.36391
8.41874
8.48011
8.547
8.61807
8.69211
8.76748
8.84252
8.91543
8.98427
9.04694
9.10132
9.14525
9.17652
9.19299
9.19261
9.17339
9.13354
9.07141
8.98577
8.87536
8.7394
8.5774
8.38936
8.1753
7.93596
7.67226
7.38568
7.07784
6.75095
6.40726
6.0497
5.68092
5.30435
4.92267
4.53933
4.15754
3.78057
3.41157
3.05338
2.70886
2.38047
2.07077
1.78127
1.51395
1.26966
1.04949
0.853524
0.681976
0.534103
0.409122
0.305683
0.222108
0.156429
0.106377
0.0696291
0.0437543
0.0264394
0.015612
0.00964608
