7.96926
7.9694
7.97032
7.97263
7.97676
7.98301
7.99155
8.00246
8.01571
8.03123
8.04885
8.06837
8.08952
8.11198
8.13536
8.15921
8.18304
8.20627
8.2283
8.24847
8.26604
8.28028
8.29046
8.2958
8.29559
8.28918
8.27596
8.25547
8.22735
8.19142
8.14765
8.09609
8.03706
7.97099
7.89841
7.81987
7.7361
7.64788
7.556
7.46122
7.36437
7.26618
7.16732
7.06869
6.97066
6.8739
6.77891
6.68618
6.59606
6.509
6.42525
6.34509
6.26875
6.19644
6.12824
6.06426
6.00472
5.94957
5.89898
5.85297
5.81157
5.77483
5.74285
5.71559
5.69307
5.67529
5.6622
5.65373
5.64975
5.65008
5.65449
5.66267
5.67423
5.68871
5.70553
5.72407
5.74354
5.76309
5.78176
5.79847
5.81207
5.82133
5.82494
5.8216
5.80997
5.78872
5.75661
5.71244
5.65513
5.5838
5.49763
5.39607
5.2788
5.14572
4.99703
4.83303
4.65455
4.46229
4.2581
4.04272
3.818
3.58571
3.34773
3.10606
2.86283
2.6201
2.38002
2.14463
1.91595
1.69594
1.48602
1.2882
1.10325
0.932967
0.777926
0.638521
0.515157
0.407601
0.315613
0.238677
0.175585
0.125363
0.0864273
0.0573895
0.0365285
0.02234
0.0134113
0.00867338
