0.00132562
0.00133543
0.00136963
0.00134588
0.00108263
0.000547104
1.37901e-05
0.000281013
0.000299076
0.000128116
9.70176e-05
0.000287088
0.000423654
0.000516886
0.00132562
0.00126657
0.000766375
0.000751303
0.0037579
0.00789588
0.0114605
0.0123862
0.00926069
0.00211636
0.00640015
0.0103318
0.0038808
0.0102637
0.00132562
0.00126729
0.000924502
0.000127527
0.00123765
0.00297052
0.00443455
0.00502103
0.00440979
0.00265749
0.000340547
0.00140875
0.00124323
0.00163471
0.00132562
0.00129802
0.00113254
0.000718554
6.76437e-05
0.0011293
0.00203973
0.00244648
0.00223659
0.0015038
0.000529742
0.000270223
0.000431529
0.000400716
0.00132562
0.00131627
0.00124911
0.00102987
0.000509661
0.000276852
0.000982549
0.00132507
0.00124168
0.000828787
0.000284358
0.000171189
0.000336282
5.77464e-05
0.00132562
0.00132577
0.00130903
0.00118751
0.000796691
0.000138111
0.000477975
0.000794692
0.000764373
0.000480475
0.000107516
0.000206088
0.000358861
0.000284271
0.00132562
0.00133058
0.00133927
0.00126663
0.000939798
0.000343293
0.000230624
0.000535916
0.000530294
0.000304686
8.3719e-06
0.000241256
0.00038621
0.000399543
0.00132562
0.001333
0.00135443
0.00130624
0.00101125
0.000445363
0.000108065
0.000407998
0.000414336
0.000216486
4.35814e-05
0.00026289
0.000403699
0.000457927
0.00132562
0.00133422
0.00136203
0.00132606
0.00104695
0.000496274
4.70517e-05
0.000344391
0.00035662
0.000172321
7.01189e-05
0.000274675
0.000413372
0.000487331
0.00132562
0.00133482
0.00136583
0.00133597
0.00106479
0.000521699
1.66095e-05
0.000312674
0.000327827
0.000150223
8.35237e-05
0.000280804
0.000418437
0.000502089
0.00132562
0.00133513
0.00136773
0.00134092
0.00107371
0.000534404
1.40444e-06
0.000296836
0.000313446
0.000139171
9.02596e-05
0.000283927
0.000421027
0.000509483
0.00132562
0.00133528
0.00136868
0.0013434
0.00107817
0.000540755
6.19413e-06
0.000288923
0.00030626
0.000133644
9.36358e-05
0.000285503
0.000422336
0.000513183
0.00132562
0.00133536
0.00136916
0.00134464
0.0010804
0.00054393
9.99243e-06
0.000284967
0.000302668
0.00013088
9.5326e-05
0.000286294
0.000422994
0.000515034
0.00132562
0.00133539
0.00136939
0.00134526
0.00108151
0.000545517
1.18913e-05
0.00028299
0.000300872
0.000129498
9.61717e-05
0.000286691
0.000423324
0.00051596
0.00132562
0.00133541
0.00136951
0.00134557
0.00108207
0.000546311
1.28407e-05
0.000282001
0.000299974
0.000128807
9.65946e-05
0.000286889
0.000423489
0.000516423
0.00132562
0.00133542
0.00136957
0.00134573
0.00108235
0.000546707
1.33154e-05
0.000281507
0.000299525
0.000128462
9.68061e-05
0.000286989
0.000423571
0.000516654
0.00132562
0.00133543
0.0013696
0.0013458
0.00108249
0.000546906
1.35527e-05
0.00028126
0.000299301
0.000128289
9.69119e-05
0.000287038
0.000423613
0.00051677
0.00132562
0.00133543
0.00136962
0.00134584
0.00108256
0.000547005
1.36714e-05
0.000281136
0.000299189
0.000128203
9.69647e-05
0.000287063
0.000423633
0.000516828
0.00132562
0.00133543
0.00136962
0.00134586
0.00108259
0.000547055
1.37307e-05
0.000281074
0.000299132
0.00012816
9.69912e-05
0.000287076
0.000423644
0.000516857
0.00132562
0.00133543
0.00136963
0.00134587
0.00108261
0.000547079
1.37604e-05
0.000281044
0.000299104
0.000128138
9.70044e-05
0.000287082
0.000423649
0.000516872
0.00132562
0.00133543
0.00136963
0.00134588
0.00108262
0.000547092
1.37752e-05
0.000281028
0.00029909
0.000128127
9.7011e-05
0.000287085
0.000423651
0.000516879
0.00132562
0.00133543
0.00136963
0.00134588
0.00108262
0.000547098
1.37827e-05
0.00028102
0.000299083
0.000128122
9.70143e-05
0.000287087
0.000423653
0.000516882
0.00132562
0.00133543
0.00136963
0.00134588
0.00108262
0.000547101
1.37864e-05
0.000281017
0.00029908
0.000128119
9.7016e-05
0.000287087
0.000423653
0.000516884
0.00132562
0.00133543
0.00136963
0.00134588
0.00108262
0.000547103
1.37882e-05
0.000281015
0.000299078
0.000128118
9.70168e-05
0.000287088
0.000423654
0.000516885
0.00132562
0.00133543
0.00136963
0.00134588
0.00108262
0.000547103
1.37891e-05
0.000281014
0.000299077
0.000128117
9.70172e-05
0.000287088
0.000423654
0.000516886
0.00132562
0.00133543
0.00136963
0.00134588
0.00108263
0.000547104
1.37896e-05
0.000281013
0.000299077
0.000128117
9.70174e-05
0.000287088
0.000423654
0.000516886
0.00132562
0.00133543
0.00136963
0.00134588
0.00108263
0.000547104
1.37898e-05
0.000281013
0.000299077
0.000128117
9.70175e-05
0.000287088
0.000423654
0.000516886
0.00132562
0.00133543
0.00136963
0.00134588
0.00108263
0.000547104
1.379e-05
0.000281013
0.000299076
0.000128116
9.70176e-05
0.000287088
0.000423654
0.000516886
0.00132562
0.00133543
0.00136963
0.00134588
0.00108263
0.000547104
1.379e-05
0.000281013
0.000299076
0.000128116
9.70176e-05
0.000287088
0.000423654
0.000516886
0.00132562
0.00133543
0.00136963
0.00134588
0.00108263
0.000547104
1.379e-05
0.000281013
0.000299076
0.000128116
9.70176e-05
0.000287088
0.000423654
0.000516886
0.00132562
0.00133543
0.00136963
0.00134588
0.00108263
0.000547104
1.37901e-05
0.000281013
0.000299076
0.000128116
9.70176e-05
0.000287088
0.000423654
0.000516886
0.00132562
0.00133543
0.00136963
0.00134588
0.00108263
0.000547104
1.37901e-05
0.000281013
0.000299076
0.000128116
9.70176e-05
0.000287088
0.000423654
0.000516886
0.00132562
0.00133543
0.00136963
0.00134588
0.00108263
0.000547104
1.37901e-05
0.000281013
0.000299076
0.000128116
9.70176e-05
0.000287088
0.000423654
0.000516886
0.00132562
0.00133543
0.00136963
0.00134588
0.00108263
0.000547104
1.37901e-05
0.000281013
0.000299076
0.000128116
9.70176e-05
0.000287088
0.000423654
0.000516886
0.00132562
0.00133543
0.00136963
0.00134588
0.00108263
0.000547104
1.37901e-05
0.000281013
0.000299076
0.000128116
9.70176e-05
0.000287088
0.000423654
0.000516886
0.00132562
0.00133543
0.00136963
0.00134588
0.00108263
0.000547104
1.37901e-05
0.000281013
0.000299076
0.000128116
9.70176e-05
0.000287088
0.000423654
0.000516886
0.00132562
0.00133543
0.00136963
0.00134588
0.00108263
0.000547104
1.37901e-05
0.000281013
0.000299076
0.000128116
9.70176e-05
0.000287088
0.000423654
0.000516886
0.00132562
0.00133543
0.00136963
0.00134588
0.00108263
0.000547104
1.37901e-05
0.000281013
0.000299076
0.000128116
9.70176e-05
0.000287088
0.000423654
0.000516886
0.00132562
0.00133543
0.00136963
0.00134588
0.00108263
0.000547104
1.37901e-05
0.000281013
0.000299076
0.000128116
9.70176e-05
0.000287088
0.000423654
0.000516886
0.00132562
0.00133543
0.00136963
0.00134588
0.00108263
0.000547104
1.37901e-05
0.000281013
0.000299076
0.000128116
9.70176e-05
0.000287088
0.000423654
0.000516886
0.00132562
0.00133543
0.00136963
0.00134588
0.00108263
0.000547104
1.37901e-05
0.000281013
0.000299076
0.000128116
9.70176e-05
0.000287088
0.000423654
0.000516886
0.00132562
0.00133543
0.00136963
0.00134588
0.00108263
0.000547104
1.37901e-05
0.000281013
0.000299076
0.000128116
9.70176e-05
0.000287088
0.000423654
0.000516886
0.00132562
0.00133543
0.00136963
0.00134588
0.00108263
0.000547104
1.37901e-05
0.000281013
0.000299076
0.000128116
9.70176e-05
0.000287088
0.000423654
0.000516886
0.00132562
0.00133543
0.00136963
0.00134588
0.00108263
0.000547104
1.37901e-05
0.000281013
0.000299076
0.000128116
9.70176e-05
0.000287088
0.000423654
0.000516886
0.00132562
0.00133543
0.00136963
0.00134588
0.00108263
0.000547104
1.37901e-05
0.000281013
0.000299076
0.000128116
9.70176e-05
0.000287088
0.000423654
0.000516886
0.00132562
0.00133543
0.00136963
0.00134588
0.00108263
0.000547104
1.37901e-05
0.000281013
0.000299076
0.000128116
9.70176e-05
0.000287088
0.000423654
0.000516886
0.00132562
0.00133543
0.00136963
0.00134588
0.00108263
0.000547104
1.37901e-05
0.000281013
0.000299076
0.000128116
9.70176e-05
0.000287088
0.000423654
0.000516886
0.00132562
0.00133543
0.00136963
0.00134588
0.00108263
0.000547104
1.37901e-05
0.000281013
0.000299076
0.000128116
9.70176e-05
0.000287088
0.000423654
0.000516886
0.00132562
0.00133543
0.00136963
0.00134588
0.00108263
0.000547104
1.37901e-05
0.000281013
0.000299076
0.000128116
9.70176e-05
0.000287088
0.000423654
0.000516886
0.00132562
0.00133543
0.00136963
0.00134588
0.00108263
0.000547104
1.37901e-05
0.000281013
0.000299076
0.000128116
9.70176e-05
0.000287088
0.000423654
0.000516886
0.00132562
0.00133543
0.00136963
0.00134588
0.00108263
0.000547104
1.37901e-05
0.000281013
0.000299076
0.000128116
9.70176e-05
0.000287088
0.000423654
0.000516886
0.00132562
0.00133543
0.00136963
0.00134588
0.00108263
0.000547104
1.37901e-05
0.000281013
0.000299076
0.000128116
9.70176e-05
0.000287088
0.000423654
0.000516886
0.00132562
0.00133543
0.00136963
0.00134588
0.00108263
0.000547104
1.37901e-05
0.000281013
0.000299076
0.000128116
9.70176e-05
0.000287088
0.000423654
0.000516886
0.00132562
0.00133543
0.00136963
0.00134588
0.00108263
0.000547104
1.37901e-05
0.000281013
0.000299076
0.000128116
9.70176e-05
0.000287088
0.000423654
0.000516886
0.00132562
0.00133543
0.00136963
0.00134588
0.00108263
0.000547104
1.37901e-05
0.000281013
0.000299076
0.000128116
9.70176e-05
0.000287088
0.000423654
0.000516886
0.00132562
0.00133543
0.00136963
0.00134588
0.00108263
0.000547104
1.37901e-05
0.000281013
0.000299076
0.000128116
9.70176e-05
0.000287088
0.000423654
0.000516886
0.00132562
0.00133543
0.00136963
0.00134588
0.00108263
0.000547104
1.37901e-05
0.000281013
0.000299076
0.000128116
9.70176e-05
0.000287088
0.000423654
0.000516886
0.00132562
0.00133543
0.00136963
0.00134588
0.00108263
0.000547104
1.37901e-05
0.000281013
0.000299076
0.000128116
9.70176e-05
0.000287088
0.000423654
0.000516886
0.00132562
0.00133543
0.00136963
0.00134588
0.00108263
0.000547104
1.37901e-05
0.000281013
0.000299076
0.000128116
9.70176e-05
0.000287088
0.000423654
0.000516886
0.00132562
0.00133543
0.00136963
0.00134588
0.00108263
0.000547104
1.37901e-05
0.000281013
0.000299076
0.000128116
9.70176e-05
0.000287088
0.000423654
0.000516886
0.00132562
0.00133543
0.00136963
0.00134588
0.00108263
0.000547104
1.37901e-05
0.000281013
0.000299076
0.000128116
9.70176e-05
0.000287088
0.000423654
0.000516886
0.00132562
0.00133543
0.00136963
0.00134588
0.00108263
0.000547104
1.37901e-05
0.000281013
0.000299076
0.000128116
9.70176e-05
0.000287088
0.000423654
0.000516886
0.00132562
0.00133543
0.00136963
0.00134588
0.00108263
0.000547104
1.37901e-05
0.000281013
0.000299076
0.000128116
9.70176e-05
0.000287088
0.000423654
0.000516886
0.00132562
0.00133543
0.00136963
0.00134588
0.00108263
0.000547104
1.37901e-05
0.000281013
0.000299076
0.000128116
9.70176e-05
0.000287088
0.000423654
0.000516886
0.00132562
0.00133543
0.00136963
0.00134588
0.00108263
0.000547104
1.37901e-05
0.000281013
0.000299076
0.000128116
9.70176e-05
0.000287088
0.000423654
0.000516886
0.00132562
0.00133543
0.00136963
0.00134588
0.00108263
0.000547104
1.37901e-05
0.000281013
0.000299076
0.000128116
9.70176e-05
0.000287088
0.000423654
0.000516886
0.00132562
0.00133543
0.00136963
0.00134588
0.00108263
0.000547104
1.37901e-05
0.000281013
0.000299076
0.000128116
9.70176e-05
0.000287088
0.000423654
0.000516886
0.00132562
0.00133543
0.00136963
0.00134588
0.00108263
0.000547104
1.37901e-05
0.000281013
0.000299076
0.000128116
9.70176e-05
0.000287088
0.000423654
0.000516886
0.00132562
0.00133543
0.00136963
0.00134588
0.00108263
0.000547104
1.37901e-05
0.000281013
0.000299076
0.000128116
9.70176e-05
0.000287088
0.000423654
0.000516886
0.00132562
0.00133543
0.00136963
0.00134588
0.00108263
0.000547104
1.37901e-05
0.000281013
0.000299076
0.000128116
9.70176e-05
0.000287088
0.000423654
0.000516886
0.00132562
0.00133543
0.00136963
0.00134588
0.00108263
0.000547104
1.37901e-05
0.000281013
0.000299076
0.000128116
9.70176e-05
0.000287088
0.000423654
0.000516886
0.00132562
0.00133543
0.00136963
0.00134588
0.00108263
0.000547104
1.37901e-05
0.000281013
0.000299076
0.000128116
9.70176e-05
0.000287088
0.000423654
0.000516886
0.00132562
0.00133543
0.00136963
0.00134588
0.00108263
0.000547104
1.37901e-05
0.000281013
0.000299076
0.000128116
9.70176e-05
0.000287088
0.000423654
0.000516886
0.00132562
0.00133543
0.00136963
0.00134588
0.00108263
0.000547104
1.37901e-05
0.000281013
0.000299076
0.000128116
9.70176e-05
0.000287088
0.000423654
0.000516886
0.00132562
0.00133543
0.00136963
0.00134588
0.00108263
0.000547104
1.37901e-05
0.000281013
0.000299076
0.000128116
9.70176e-05
0.000287088
0.000423654
0.000516886
0.00132562
0.00133543
0.00136963
0.00134588
0.00108263
0.000547104
1.37901e-05
0.000281013
0.000299076
0.000128116
9.70176e-05
0.000287088
0.000423654
0.000516886
0.00132562
0.00133543
0.00136963
0.00134588
0.00108263
0.000547104
1.37901e-05
0.000281013
0.000299076
0.000128116
9.70176e-05
0.000287088
0.000423654
0.000516886
0.00132562
0.00133543
0.00136963
0.00134588
0.00108263
0.000547104
1.37901e-05
0.000281013
0.000299076
0.000128116
9.70176e-05
0.000287088
0.000423654
0.000516886
0.00132562
0.00133543
0.00136963
0.00134588
0.00108263
0.000547104
1.37901e-05
0.000281013
0.000299076
0.000128116
9.70176e-05
0.000287088
0.000423654
0.000516886
0.00132562
0.00133543
0.00136963
0.00134588
0.00108263
0.000547104
1.37901e-05
0.000281013
0.000299076
0.000128116
9.70176e-05
0.000287088
0.000423654
0.000516886
0.00132562
0.00133543
0.00136963
0.00134588
0.00108263
0.000547104
1.37901e-05
0.000281013
0.000299076
0.000128116
9.70176e-05
0.000287088
0.000423654
0.000516886
0.00132562
0.00133543
0.00136963
0.00134588
0.00108263
0.000547104
1.37901e-05
0.000281013
0.000299076
0.000128116
9.70176e-05
0.000287088
0.000423654
0.000516886
0.00132562
0.00133543
0.00136963
0.00134588
0.00108263
0.000547104
1.37901e-05
0.000281013
0.000299076
0.000128116
9.70176e-05
0.000287088
0.000423654
0.000516886
0.00132562
0.00133543
0.00136963
0.00134588
0.00108263
0.000547104
1.37901e-05
0.000281013
0.000299076
0.000128116
9.70176e-05
0.000287088
0.000423654
0.000516886
0.00132562
0.00133543
0.00136963
0.00134588
0.00108263
0.000547104
1.37901e-05
0.000281013
0.000299076
0.000128116
9.70176e-05
0.000287088
0.000423654
0.000516886
0.00132562
0.00133543
0.00136963
0.00134588
0.00108263
0.000547104
1.37901e-05
0.000281013
0.000299076
0.000128116
9.70176e-05
0.000287088
0.000423654
0.000516886
0.00132562
0.00133543
0.00136963
0.00134588
0.00108263
0.000547104
1.37901e-05
0.000281013
0.000299076
0.000128116
9.70176e-05
0.000287088
0.000423654
0.000516886
0.00132562
0.00133543
0.00136963
0.00134588
0.00108263
0.000547104
1.37901e-05
0.000281013
0.000299076
0.000128116
9.70176e-05
0.000287088
0.000423654
0.000516886
0.00132562
0.00133543
0.00136963
0.00134588
0.00108263
0.000547104
1.37901e-05
0.000281013
0.000299076
0.000128116
9.70176e-05
0.000287088
0.000423654
0.000516886
0.00132562
0.00133543
0.00136963
0.00134588
0.00108263
0.000547104
1.37901e-05
0.000281013
0.000299076
0.000128116
9.70176e-05
0.000287088
0.000423654
0.000516886
0.00132562
0.00133543
0.00136963
0.00134588
0.00108263
0.000547104
1.37901e-05
0.000281013
0.000299076
0.000128116
9.70176e-05
0.000287088
0.000423654
0.000516886
0.00132562
0.00133543
0.00136963
0.00134588
0.00108263
0.000547104
1.37901e-05
0.000281013
0.000299076
0.000128116
9.70176e-05
0.000287088
0.000423654
0.000516886
0.00132562
0.00133543
0.00136963
0.00134588
0.00108263
0.000547104
1.37901e-05
0.000281013
0.000299076
0.000128116
9.70176e-05
0.000287088
0.000423654
0.000516886
0.00132562
0.00133543
0.00136963
0.00134588
0.00108263
0.000547104
1.37901e-05
0.000281013
0.000299076
0.000128116
9.70176e-05
0.000287088
0.000423654
0.000516886
0.00132562
0.00133543
0.00136963
0.00134588
0.00108263
0.000547104
1.37901e-05
0.000281013
0.000299076
0.000128116
9.70176e-05
0.000287088
0.000423654
0.000516886
0.00132562
0.00133543
0.00136963
0.00134588
0.00108263
0.000547104
1.37901e-05
0.000281013
0.000299076
0.000128116
9.70176e-05
0.000287088
0.000423654
0.000516886
0.00132562
0.00133543
0.00136963
0.00134588
0.00108263
0.000547104
1.37901e-05
0.000281013
0.000299076
0.000128116
9.70176e-05
0.000287088
0.000423654
0.000516886
0.00132562
0.00133543
0.00136963
0.00134588
0.00108263
0.000547104
1.37901e-05
0.000281013
0.000299076
0.000128116
9.70176e-05
0.000287088
0.000423654
0.000516886
0.00132562
0.00133543
0.00136963
0.00134588
0.00108263
0.000547104
1.37901e-05
0.000281013
0.000299076
0.000128116
9.70176e-05
0.000287088
0.000423654
0.000516886
0.00132562
0.00133543
0.00136963
0.00134588
0.00108263
0.000547104
1.37901e-05
0.000281013
0.000299076
0.000128116
9.70176e-05
0.000287088
0.000423654
0.000516886
0.00132562
0.00133543
0.00136963
0.00134588
0.00108263
0.000547104
1.37901e-05
0.000281013
0.000299076
0.000128116
9.70176e-05
0.000287088
0.000423654
0.000516886
0.00132562
0.00133543
0.00136963
0.00134588
0.00108263
0.000547104
1.37901e-05
0.000281013
0.000299076
0.000128116
9.70176e-05
0.000287088
0.000423654
0.000516886
0.00132562
0.00133543
0.00136963
0.00134588
0.00108263
0.000547104
1.37901e-05
0.000281013
0.000299076
0.000128116
9.70176e-05
0.000287088
0.000423654
0.000516886
0.00132562
0.00133543
0.00136963
0.00134588
0.00108263
0.000547104
1.37901e-05
0.000281013
0.000299076
0.000128116
9.70176e-05
0.000287088
0.000423654
0.000516886
0.00132562
0.00133543
0.00136963
0.00134588
0.00108263
0.000547104
1.37901e-05
0.000281013
0.000299076
0.000128116
9.70176e-05
0.000287088
0.000423654
0.000516886
0.00132562
0.00133543
0.00136963
0.00134588
0.00108263
0.000547104
1.37901e-05
0.000281013
0.000299076
0.000128116
9.70176e-05
0.000287088
0.000423654
0.000516886
0.00132562
0.00133543
0.00136963
0.00134588
0.00108263
0.000547104
1.37901e-05
0.000281013
0.000299076
0.000128116
9.70176e-05
0.000287088
0.000423654
0.000516886
0.00132562
0.00133543
0.00136963
0.00134588
0.00108263
0.000547104
1.37901e-05
0.000281013
0.000299076
0.000128116
9.70176e-05
0.000287088
0.000423654
0.000516886
0.00132562
0.00133543
0.00136963
0.00134588
0.00108263
0.000547104
1.37901e-05
0.000281013
0.000299076
0.000128116
9.70176e-05
0.000287088
0.000423654
0.000516886
0.00132562
0.00133543
0.00136963
0.00134588
0.00108263
0.000547104
1.37901e-05
0.000281013
0.000299076
0.000128116
9.70176e-05
0.000287088
0.000423654
0.000516886
0.00132562
0.00133543
0.00136963
0.00134588
0.00108263
0.000547104
1.37901e-05
0.000281013
0.000299076
0.000128116
9.70176e-05
0.000287088
0.000423654
0.000516886
0.00132562
0.00133543
0.00136963
0.00134588
0.00108263
0.000547104
1.37901e-05
0.000281013
0.000299076
0.000128116
9.70176e-05
0.000287088
0.000423654
0.000516886
0.00132562
0.00133543
0.00136963
0.00134588
0.00108263
0.000547104
1.37901e-05
0.000281013
0.000299076
0.000128116
9.70176e-05
0.000287088
0.000423654
0.000516886
0.00132562
0.00133543
0.00136963
0.00134588
0.00108263
0.000547104
1.37901e-05
0.000281013
0.000299076
0.000128116
9.70176e-05
0.000287088
0.000423654
0.000516886
0.00132562
0.00133543
0.00136963
0.00134588
0.00108263
0.000547104
1.37901e-05
0.000281013
0.000299076
0.000128116
9.70176e-05
0.000287088
0.000423654
0.000516886
0.00132562
0.00133543
0.00136963
0.00134588
0.00108263
0.000547104
1.37901e-05
0.000281013
0.000299076
0.000128116
9.70176e-05
0.000287088
0.000423654
0.000516886
0.00132562
0.00133543
0.00136963
0.00134588
0.00108263
0.000547104
1.37901e-05
0.000281013
0.000299076
0.000128116
9.70176e-05
0.000287088
0.000423654
0.000516886
0.00132562
0.00133543
0.00136963
0.00134588
0.00108263
0.000547104
1.37901e-05
0.000281013
0.000299076
0.000128116
9.70176e-05
0.000287088
0.000423654
0.000516886
0.00132562
0.00133543
0.00136963
0.00134588
0.00108263
0.000547104
1.37901e-05
0.000281013
0.000299076
0.000128116
9.70176e-05
0.000287088
0.000423654
0.000516886
0.00132562
0.00133543
0.00136963
0.00134588
0.00108263
0.000547104
1.37901e-05
0.000281013
0.000299076
0.000128116
9.70176e-05
0.000287088
0.000423654
0.000516886
0.00132562
0.00133543
0.00136963
0.00134588
0.00108263
0.000547104
1.37901e-05
0.000281013
0.000299076
0.000128116
9.70176e-05
0.000287088
0.000423654
0.000516886
0.000662809
0.000669737
0.000696134
0.000698876
0.000581478
0.000320552
4.92546e-05
0.000111273
0.000134108
5.75597e-05
5.25601e-05
0.000151364
0.000228595
0.000287854
0.000662809
0.000645894
0.000456371
0.00020568
0.00162073
0.00366108
0.00549988
0.00608599
0.00466367
0.00117306
0.00315922
0.00542388
0.00251629
0.00445417
0.000662809
0.000639759
0.000497541
0.000146234
0.000490239
0.00133377
0.00207763
0.00240969
0.00215055
0.00130782
0.000152063
0.000760153
0.000747349
0.000618476
0.000662809
0.000652849
0.000588328
0.000410892
4.73323e-05
0.0004676
0.000928329
0.00115396
0.00107556
0.00072864
0.000246792
0.000165204
0.000272903
0.000108754
0.000662809
0.000661012
0.000640969
0.000553154
0.000314816
6.68332e-05
0.000424194
0.000612434
0.000590281
0.000397756
0.000129745
0.000104614
0.000203141
8.56099e-05
0.000662809
0.000665322
0.00066832
0.000625703
0.000448264
0.000128254
0.000184234
0.000357487
0.000358866
0.000228286
4.5212e-05
0.000116506
0.000204949
0.000184445
0.000662809
0.000667518
0.000682178
0.000662225
0.000514903
0.000224722
6.67468e-05
0.000233366
0.000245695
0.000143028
2.1841e-06
0.000131282
0.000214169
0.000235461
0.000662809
0.000668625
0.000689145
0.000680536
0.000548199
0.000272713
8.56823e-06
0.000172075
0.000189708
0.000100314
2.70187e-05
0.000140685
0.000220747
0.000261473
0.000662809
0.00066918
0.000692637
0.000689702
0.00056484
0.000296651
2.03867e-05
0.000141614
0.00016186
7.89414e-05
3.97034e-05
0.000145868
0.000224514
0.000274616
0.000662809
0.000669458
0.000694385
0.000694288
0.00057316
0.000308606
3.48314e-05
0.000126429
0.000147972
6.82516e-05
4.61105e-05
0.000148577
0.000226515
0.000281223
0.000662809
0.000669597
0.000695259
0.000696582
0.000577319
0.00031458
4.20457e-05
0.000118847
0.000141037
6.29059e-05
4.933e-05
0.000149961
0.000227545
0.000284536
0.000662809
0.000669667
0.000695697
0.000697729
0.000579398
0.000317566
4.56508e-05
0.000115059
0.000137572
6.02329e-05
5.09437e-05
0.00015066
0.000228068
0.000286194
0.000662809
0.000669702
0.000695915
0.000698302
0.000580438
0.000319059
4.74529e-05
0.000113166
0.00013584
5.88963e-05
5.17516e-05
0.000151011
0.000228331
0.000287024
0.000662809
0.000669719
0.000696025
0.000698589
0.000580958
0.000319805
4.83538e-05
0.000112219
0.000134974
5.8228e-05
5.21558e-05
0.000151187
0.000228463
0.000287439
0.000662809
0.000669728
0.000696079
0.000698732
0.000581218
0.000320178
4.88042e-05
0.000111746
0.000134541
5.78939e-05
5.23579e-05
0.000151276
0.000228529
0.000287647
0.000662809
0.000669732
0.000696107
0.000698804
0.000581348
0.000320365
4.90294e-05
0.000111509
0.000134324
5.77268e-05
5.2459e-05
0.00015132
0.000228562
0.000287751
0.000662809
0.000669734
0.00069612
0.00069884
0.000581413
0.000320458
4.9142e-05
0.000111391
0.000134216
5.76432e-05
5.25095e-05
0.000151342
0.000228578
0.000287802
0.000662809
0.000669735
0.000696127
0.000698858
0.000581445
0.000320505
4.91983e-05
0.000111332
0.000134162
5.76015e-05
5.25348e-05
0.000151353
0.000228586
0.000287828
0.000662809
0.000669736
0.000696131
0.000698867
0.000581462
0.000320528
4.92265e-05
0.000111302
0.000134135
5.75806e-05
5.25475e-05
0.000151358
0.000228591
0.000287841
0.000662809
0.000669736
0.000696132
0.000698871
0.00058147
0.00032054
4.92405e-05
0.000111288
0.000134121
5.75701e-05
5.25538e-05
0.000151361
0.000228593
0.000287848
0.000662809
0.000669736
0.000696133
0.000698874
0.000581474
0.000320546
4.92476e-05
0.00011128
0.000134115
5.75649e-05
5.25569e-05
0.000151362
0.000228594
0.000287851
0.000662809
0.000669736
0.000696134
0.000698875
0.000581476
0.000320549
4.92511e-05
0.000111276
0.000134111
5.75623e-05
5.25585e-05
0.000151363
0.000228594
0.000287853
0.000662809
0.000669736
0.000696134
0.000698875
0.000581477
0.00032055
4.92528e-05
0.000111275
0.000134109
5.7561e-05
5.25593e-05
0.000151364
0.000228594
0.000287854
0.000662809
0.000669737
0.000696134
0.000698875
0.000581477
0.000320551
4.92537e-05
0.000111274
0.000134109
5.75604e-05
5.25597e-05
0.000151364
0.000228595
0.000287854
0.000662809
0.000669737
0.000696134
0.000698876
0.000581478
0.000320551
4.92542e-05
0.000111273
0.000134108
5.756e-05
5.25599e-05
0.000151364
0.000228595
0.000287854
0.000662809
0.000669737
0.000696134
0.000698876
0.000581478
0.000320551
4.92544e-05
0.000111273
0.000134108
5.75599e-05
5.256e-05
0.000151364
0.000228595
0.000287854
0.000662809
0.000669737
0.000696134
0.000698876
0.000581478
0.000320551
4.92545e-05
0.000111273
0.000134108
5.75598e-05
5.256e-05
0.000151364
0.000228595
0.000287854
0.000662809
0.000669737
0.000696134
0.000698876
0.000581478
0.000320552
4.92545e-05
0.000111273
0.000134108
5.75597e-05
5.25601e-05
0.000151364
0.000228595
0.000287854
0.000662809
0.000669737
0.000696134
0.000698876
0.000581478
0.000320552
4.92546e-05
0.000111273
0.000134108
5.75597e-05
5.25601e-05
0.000151364
0.000228595
0.000287854
0.000662809
0.000669737
0.000696134
0.000698876
0.000581478
0.000320552
4.92546e-05
0.000111273
0.000134108
5.75597e-05
5.25601e-05
0.000151364
0.000228595
0.000287854
0.000662809
0.000669737
0.000696134
0.000698876
0.000581478
0.000320552
4.92546e-05
0.000111273
0.000134108
5.75597e-05
5.25601e-05
0.000151364
0.000228595
0.000287854
0.000662809
0.000669737
0.000696134
0.000698876
0.000581478
0.000320552
4.92546e-05
0.000111273
0.000134108
5.75597e-05
5.25601e-05
0.000151364
0.000228595
0.000287854
0.000662809
0.000669737
0.000696134
0.000698876
0.000581478
0.000320552
4.92546e-05
0.000111273
0.000134108
5.75597e-05
5.25601e-05
0.000151364
0.000228595
0.000287854
0.000662809
0.000669737
0.000696134
0.000698876
0.000581478
0.000320552
4.92546e-05
0.000111273
0.000134108
5.75597e-05
5.25601e-05
0.000151364
0.000228595
0.000287854
0.000662809
0.000669737
0.000696134
0.000698876
0.000581478
0.000320552
4.92546e-05
0.000111273
0.000134108
5.75597e-05
5.25601e-05
0.000151364
0.000228595
0.000287854
0.000662809
0.000669737
0.000696134
0.000698876
0.000581478
0.000320552
4.92546e-05
0.000111273
0.000134108
5.75597e-05
5.25601e-05
0.000151364
0.000228595
0.000287854
0.000662809
0.000669737
0.000696134
0.000698876
0.000581478
0.000320552
4.92546e-05
0.000111273
0.000134108
5.75597e-05
5.25601e-05
0.000151364
0.000228595
0.000287854
0.000662809
0.000669737
0.000696134
0.000698876
0.000581478
0.000320552
4.92546e-05
0.000111273
0.000134108
5.75597e-05
5.25601e-05
0.000151364
0.000228595
0.000287854
0.000662809
0.000669737
0.000696134
0.000698876
0.000581478
0.000320552
4.92546e-05
0.000111273
0.000134108
5.75597e-05
5.25601e-05
0.000151364
0.000228595
0.000287854
0.000662809
0.000669737
0.000696134
0.000698876
0.000581478
0.000320552
4.92546e-05
0.000111273
0.000134108
5.75597e-05
5.25601e-05
0.000151364
0.000228595
0.000287854
0.000662809
0.000669737
0.000696134
0.000698876
0.000581478
0.000320552
4.92546e-05
0.000111273
0.000134108
5.75597e-05
5.25601e-05
0.000151364
0.000228595
0.000287854
0.000662809
0.000669737
0.000696134
0.000698876
0.000581478
0.000320552
4.92546e-05
0.000111273
0.000134108
5.75597e-05
5.25601e-05
0.000151364
0.000228595
0.000287854
0.000662809
0.000669737
0.000696134
0.000698876
0.000581478
0.000320552
4.92546e-05
0.000111273
0.000134108
5.75597e-05
5.25601e-05
0.000151364
0.000228595
0.000287854
0.000662809
0.000669737
0.000696134
0.000698876
0.000581478
0.000320552
4.92546e-05
0.000111273
0.000134108
5.75597e-05
5.25601e-05
0.000151364
0.000228595
0.000287854
0.000662809
0.000669737
0.000696134
0.000698876
0.000581478
0.000320552
4.92546e-05
0.000111273
0.000134108
5.75597e-05
5.25601e-05
0.000151364
0.000228595
0.000287854
0.000662809
0.000669737
0.000696134
0.000698876
0.000581478
0.000320552
4.92546e-05
0.000111273
0.000134108
5.75597e-05
5.25601e-05
0.000151364
0.000228595
0.000287854
0.000662809
0.000669737
0.000696134
0.000698876
0.000581478
0.000320552
4.92546e-05
0.000111273
0.000134108
5.75597e-05
5.25601e-05
0.000151364
0.000228595
0.000287854
0.000662809
0.000669737
0.000696134
0.000698876
0.000581478
0.000320552
4.92546e-05
0.000111273
0.000134108
5.75597e-05
5.25601e-05
0.000151364
0.000228595
0.000287854
0.000662809
0.000669737
0.000696134
0.000698876
0.000581478
0.000320552
4.92546e-05
0.000111273
0.000134108
5.75597e-05
5.25601e-05
0.000151364
0.000228595
0.000287854
0.000662809
0.000669737
0.000696134
0.000698876
0.000581478
0.000320552
4.92546e-05
0.000111273
0.000134108
5.75597e-05
5.25601e-05
0.000151364
0.000228595
0.000287854
0.000662809
0.000669737
0.000696134
0.000698876
0.000581478
0.000320552
4.92546e-05
0.000111273
0.000134108
5.75597e-05
5.25601e-05
0.000151364
0.000228595
0.000287854
0.000662809
0.000669737
0.000696134
0.000698876
0.000581478
0.000320552
4.92546e-05
0.000111273
0.000134108
5.75597e-05
5.25601e-05
0.000151364
0.000228595
0.000287854
0.000662809
0.000669737
0.000696134
0.000698876
0.000581478
0.000320552
4.92546e-05
0.000111273
0.000134108
5.75597e-05
5.25601e-05
0.000151364
0.000228595
0.000287854
0.000662809
0.000669737
0.000696134
0.000698876
0.000581478
0.000320552
4.92546e-05
0.000111273
0.000134108
5.75597e-05
5.25601e-05
0.000151364
0.000228595
0.000287854
0.000662809
0.000669737
0.000696134
0.000698876
0.000581478
0.000320552
4.92546e-05
0.000111273
0.000134108
5.75597e-05
5.25601e-05
0.000151364
0.000228595
0.000287854
0.000662809
0.000669737
0.000696134
0.000698876
0.000581478
0.000320552
4.92546e-05
0.000111273
0.000134108
5.75597e-05
5.25601e-05
0.000151364
0.000228595
0.000287854
0.000662809
0.000669737
0.000696134
0.000698876
0.000581478
0.000320552
4.92546e-05
0.000111273
0.000134108
5.75597e-05
5.25601e-05
0.000151364
0.000228595
0.000287854
0.000662809
0.000669737
0.000696134
0.000698876
0.000581478
0.000320552
4.92546e-05
0.000111273
0.000134108
5.75597e-05
5.25601e-05
0.000151364
0.000228595
0.000287854
0.000662809
0.000669737
0.000696134
0.000698876
0.000581478
0.000320552
4.92546e-05
0.000111273
0.000134108
5.75597e-05
5.25601e-05
0.000151364
0.000228595
0.000287854
0.000662809
0.000669737
0.000696134
0.000698876
0.000581478
0.000320552
4.92546e-05
0.000111273
0.000134108
5.75597e-05
5.25601e-05
0.000151364
0.000228595
0.000287854
0.000662809
0.000669737
0.000696134
0.000698876
0.000581478
0.000320552
4.92546e-05
0.000111273
0.000134108
5.75597e-05
5.25601e-05
0.000151364
0.000228595
0.000287854
0.000662809
0.000669737
0.000696134
0.000698876
0.000581478
0.000320552
4.92546e-05
0.000111273
0.000134108
5.75597e-05
5.25601e-05
0.000151364
0.000228595
0.000287854
0.000662809
0.000669737
0.000696134
0.000698876
0.000581478
0.000320552
4.92546e-05
0.000111273
0.000134108
5.75597e-05
5.25601e-05
0.000151364
0.000228595
0.000287854
0.000662809
0.000669737
0.000696134
0.000698876
0.000581478
0.000320552
4.92546e-05
0.000111273
0.000134108
5.75597e-05
5.25601e-05
0.000151364
0.000228595
0.000287854
0.000662809
0.000669737
0.000696134
0.000698876
0.000581478
0.000320552
4.92546e-05
0.000111273
0.000134108
5.75597e-05
5.25601e-05
0.000151364
0.000228595
0.000287854
0.000662809
0.000669737
0.000696134
0.000698876
0.000581478
0.000320552
4.92546e-05
0.000111273
0.000134108
5.75597e-05
5.25601e-05
0.000151364
0.000228595
0.000287854
0.000662809
0.000669737
0.000696134
0.000698876
0.000581478
0.000320552
4.92546e-05
0.000111273
0.000134108
5.75597e-05
5.25601e-05
0.000151364
0.000228595
0.000287854
0.000662809
0.000669737
0.000696134
0.000698876
0.000581478
0.000320552
4.92546e-05
0.000111273
0.000134108
5.75597e-05
5.25601e-05
0.000151364
0.000228595
0.000287854
0.000662809
0.000669737
0.000696134
0.000698876
0.000581478
0.000320552
4.92546e-05
0.000111273
0.000134108
5.75597e-05
5.25601e-05
0.000151364
0.000228595
0.000287854
0.000662809
0.000669737
0.000696134
0.000698876
0.000581478
0.000320552
4.92546e-05
0.000111273
0.000134108
5.75597e-05
5.25601e-05
0.000151364
0.000228595
0.000287854
0.000662809
0.000669737
0.000696134
0.000698876
0.000581478
0.000320552
4.92546e-05
0.000111273
0.000134108
5.75597e-05
5.25601e-05
0.000151364
0.000228595
0.000287854
0.000662809
0.000669737
0.000696134
0.000698876
0.000581478
0.000320552
4.92546e-05
0.000111273
0.000134108
5.75597e-05
5.25601e-05
0.000151364
0.000228595
0.000287854
0.000662809
0.000669737
0.000696134
0.000698876
0.000581478
0.000320552
4.92546e-05
0.000111273
0.000134108
5.75597e-05
5.25601e-05
0.000151364
0.000228595
0.000287854
0.000662809
0.000669737
0.000696134
0.000698876
0.000581478
0.000320552
4.92546e-05
0.000111273
0.000134108
5.75597e-05
5.25601e-05
0.000151364
0.000228595
0.000287854
0.000662809
0.000669737
0.000696134
0.000698876
0.000581478
0.000320552
4.92546e-05
0.000111273
0.000134108
5.75597e-05
5.25601e-05
0.000151364
0.000228595
0.000287854
0.000662809
0.000669737
0.000696134
0.000698876
0.000581478
0.000320552
4.92546e-05
0.000111273
0.000134108
5.75597e-05
5.25601e-05
0.000151364
0.000228595
0.000287854
0.000662809
0.000669737
0.000696134
0.000698876
0.000581478
0.000320552
4.92546e-05
0.000111273
0.000134108
5.75597e-05
5.25601e-05
0.000151364
0.000228595
0.000287854
0.000662809
0.000669737
0.000696134
0.000698876
0.000581478
0.000320552
4.92546e-05
0.000111273
0.000134108
5.75597e-05
5.25601e-05
0.000151364
0.000228595
0.000287854
0.000662809
0.000669737
0.000696134
0.000698876
0.000581478
0.000320552
4.92546e-05
0.000111273
0.000134108
5.75597e-05
5.25601e-05
0.000151364
0.000228595
0.000287854
0.000662809
0.000669737
0.000696134
0.000698876
0.000581478
0.000320552
4.92546e-05
0.000111273
0.000134108
5.75597e-05
5.25601e-05
0.000151364
0.000228595
0.000287854
0.000662809
0.000669737
0.000696134
0.000698876
0.000581478
0.000320552
4.92546e-05
0.000111273
0.000134108
5.75597e-05
5.25601e-05
0.000151364
0.000228595
0.000287854
0.000662809
0.000669737
0.000696134
0.000698876
0.000581478
0.000320552
4.92546e-05
0.000111273
0.000134108
5.75597e-05
5.25601e-05
0.000151364
0.000228595
0.000287854
0.000662809
0.000669737
0.000696134
0.000698876
0.000581478
0.000320552
4.92546e-05
0.000111273
0.000134108
5.75597e-05
5.25601e-05
0.000151364
0.000228595
0.000287854
0.000662809
0.000669737
0.000696134
0.000698876
0.000581478
0.000320552
4.92546e-05
0.000111273
0.000134108
5.75597e-05
5.25601e-05
0.000151364
0.000228595
0.000287854
0.000662809
0.000669737
0.000696134
0.000698876
0.000581478
0.000320552
4.92546e-05
0.000111273
0.000134108
5.75597e-05
5.25601e-05
0.000151364
0.000228595
0.000287854
0.000662809
0.000669737
0.000696134
0.000698876
0.000581478
0.000320552
4.92546e-05
0.000111273
0.000134108
5.75597e-05
5.25601e-05
0.000151364
0.000228595
0.000287854
0.000662809
0.000669737
0.000696134
0.000698876
0.000581478
0.000320552
4.92546e-05
0.000111273
0.000134108
5.75597e-05
5.25601e-05
0.000151364
0.000228595
0.000287854
0.000662809
0.000669737
0.000696134
0.000698876
0.000581478
0.000320552
4.92546e-05
0.000111273
0.000134108
5.75597e-05
5.25601e-05
0.000151364
0.000228595
0.000287854
0.000662809
0.000669737
0.000696134
0.000698876
0.000581478
0.000320552
4.92546e-05
0.000111273
0.000134108
5.75597e-05
5.25601e-05
0.000151364
0.000228595
0.000287854
0.000662809
0.000669737
0.000696134
0.000698876
0.000581478
0.000320552
4.92546e-05
0.000111273
0.000134108
5.75597e-05
5.25601e-05
0.000151364
0.000228595
0.000287854
0.000662809
0.000669737
0.000696134
0.000698876
0.000581478
0.000320552
4.92546e-05
0.000111273
0.000134108
5.75597e-05
5.25601e-05
0.000151364
0.000228595
0.000287854
0.000662809
0.000669737
0.000696134
0.000698876
0.000581478
0.000320552
4.92546e-05
0.000111273
0.000134108
5.75597e-05
5.25601e-05
0.000151364
0.000228595
0.000287854
0.000662809
0.000669737
0.000696134
0.000698876
0.000581478
0.000320552
4.92546e-05
0.000111273
0.000134108
5.75597e-05
5.25601e-05
0.000151364
0.000228595
0.000287854
0.000662809
0.000669737
0.000696134
0.000698876
0.000581478
0.000320552
4.92546e-05
0.000111273
0.000134108
5.75597e-05
5.25601e-05
0.000151364
0.000228595
0.000287854
0.000662809
0.000669737
0.000696134
0.000698876
0.000581478
0.000320552
4.92546e-05
0.000111273
0.000134108
5.75597e-05
5.25601e-05
0.000151364
0.000228595
0.000287854
0.000662809
0.000669737
0.000696134
0.000698876
0.000581478
0.000320552
4.92546e-05
0.000111273
0.000134108
5.75597e-05
5.25601e-05
0.000151364
0.000228595
0.000287854
0.000662809
0.000669737
0.000696134
0.000698876
0.000581478
0.000320552
4.92546e-05
0.000111273
0.000134108
5.75597e-05
5.25601e-05
0.000151364
0.000228595
0.000287854
0.000662809
0.000669737
0.000696134
0.000698876
0.000581478
0.000320552
4.92546e-05
0.000111273
0.000134108
5.75597e-05
5.25601e-05
0.000151364
0.000228595
0.000287854
0.000662809
0.000669737
0.000696134
0.000698876
0.000581478
0.000320552
4.92546e-05
0.000111273
0.000134108
5.75597e-05
5.25601e-05
0.000151364
0.000228595
0.000287854
0.000662809
0.000669737
0.000696134
0.000698876
0.000581478
0.000320552
4.92546e-05
0.000111273
0.000134108
5.75597e-05
5.25601e-05
0.000151364
0.000228595
0.000287854
0.000662809
0.000669737
0.000696134
0.000698876
0.000581478
0.000320552
4.92546e-05
0.000111273
0.000134108
5.75597e-05
5.25601e-05
0.000151364
0.000228595
0.000287854
0.000662809
0.000669737
0.000696134
0.000698876
0.000581478
0.000320552
4.92546e-05
0.000111273
0.000134108
5.75597e-05
5.25601e-05
0.000151364
0.000228595
0.000287854
0.000662809
0.000669737
0.000696134
0.000698876
0.000581478
0.000320552
4.92546e-05
0.000111273
0.000134108
5.75597e-05
5.25601e-05
0.000151364
0.000228595
0.000287854
0.000662809
0.000669737
0.000696134
0.000698876
0.000581478
0.000320552
4.92546e-05
0.000111273
0.000134108
5.75597e-05
5.25601e-05
0.000151364
0.000228595
0.000287854
0.000662809
0.000669737
0.000696134
0.000698876
0.000581478
0.000320552
4.92546e-05
0.000111273
0.000134108
5.75597e-05
5.25601e-05
0.000151364
0.000228595
0.000287854
0.000662809
0.000669737
0.000696134
0.000698876
0.000581478
0.000320552
4.92546e-05
0.000111273
0.000134108
5.75597e-05
5.25601e-05
0.000151364
0.000228595
0.000287854
0.000662809
0.000669737
0.000696134
0.000698876
0.000581478
0.000320552
4.92546e-05
0.000111273
0.000134108
5.75597e-05
5.25601e-05
0.000151364
0.000228595
0.000287854
0.000662809
0.000669737
0.000696134
0.000698876
0.000581478
0.000320552
4.92546e-05
0.000111273
0.000134108
5.75597e-05
5.25601e-05
0.000151364
0.000228595
0.000287854
0.000662809
0.000669737
0.000696134
0.000698876
0.000581478
0.000320552
4.92546e-05
0.000111273
0.000134108
5.75597e-05
5.25601e-05
0.000151364
0.000228595
0.000287854
0.000662809
0.000669737
0.000696134
0.000698876
0.000581478
0.000320552
4.92546e-05
0.000111273
0.000134108
5.75597e-05
5.25601e-05
0.000151364
0.000228595
0.000287854
0.000662809
0.000669737
0.000696134
0.000698876
0.000581478
0.000320552
4.92546e-05
0.000111273
0.000134108
5.75597e-05
5.25601e-05
0.000151364
0.000228595
0.000287854
0.000662809
0.000669737
0.000696134
0.000698876
0.000581478
0.000320552
4.92546e-05
0.000111273
0.000134108
5.75597e-05
5.25601e-05
0.000151364
0.000228595
0.000287854
0.000662809
0.000669737
0.000696134
0.000698876
0.000581478
0.000320552
4.92546e-05
0.000111273
0.000134108
5.75597e-05
5.25601e-05
0.000151364
0.000228595
0.000287854
0.000662809
0.000669737
0.000696134
0.000698876
0.000581478
0.000320552
4.92546e-05
0.000111273
0.000134108
5.75597e-05
5.25601e-05
0.000151364
0.000228595
0.000287854
0.000662809
0.000669737
0.000696134
0.000698876
0.000581478
0.000320552
4.92546e-05
0.000111273
0.000134108
5.75597e-05
5.25601e-05
0.000151364
0.000228595
0.000287854
0.000662809
0.000669737
0.000696134
0.000698876
0.000581478
0.000320552
4.92546e-05
0.000111273
0.000134108
5.75597e-05
5.25601e-05
0.000151364
0.000228595
0.000287854
0.000662809
0.000669737
0.000696134
0.000698876
0.000581478
0.000320552
4.92546e-05
0.000111273
0.000134108
5.75597e-05
5.25601e-05
0.000151364
0.000228595
0.000287854
0.000662809
0.000669737
0.000696134
0.000698876
0.000581478
0.000320552
4.92546e-05
0.000111273
0.000134108
5.75597e-05
5.25601e-05
0.000151364
0.000228595
0.000287854
0.000662809
0.000669737
0.000696134
0.000698876
0.000581478
0.000320552
4.92546e-05
0.000111273
0.000134108
5.75597e-05
5.25601e-05
0.000151364
0.000228595
0.000287854
0.000662809
0.000669737
0.000696134
0.000698876
0.000581478
0.000320552
4.92546e-05
0.000111273
0.000134108
5.75597e-05
5.25601e-05
0.000151364
0.000228595
0.000287854
0.000662809
0.000669737
0.000696134
0.000698876
0.000581478
0.000320552
4.92546e-05
0.000111273
0.000134108
5.75597e-05
5.25601e-05
0.000151364
0.000228595
0.000287854
0.000441872
0.00044649
0.000464086
0.000465912
0.000387648
0.000213705
3.28521e-05
7.4158e-05
8.9383e-05
3.83638e-05
3.50263e-05
0.000100865
0.000152319
0.000191793
0.000441872
0.000433776
0.000322974
9.28564e-05
0.00101215
0.0023646
0.00360649
0.00403112
0.00312169
0.000818853
0.00208757
0.00368137
0.00183828
0.00277893
0.000441872
0.000427749
0.000339019
0.000115032
0.000298816
0.000855602
0.00135364
0.0015832
0.00142082
0.000866958
9.73227e-05
0.000520077
0.000529173
0.000362933
0.000441872
0.000435787
0.000395516
0.000281942
4.4628e-05
0.000295554
0.000602939
0.000756346
0.000708213
0.000480369
0.000160247
0.000116571
0.000193505
5.4399e-05
0.000441872
0.000440936
0.00042888
0.000372612
0.00021622
3.65802e-05
0.000274762
0.000401537
0.00038865
0.000261934
8.39252e-05
7.30062e-05
0.000140654
6.49967e-05
0.000441872
0.000443675
0.00044631
0.000419017
0.000301968
8.94667e-05
0.000118784
0.000234877
0.000236699
0.000150451
2.87664e-05
7.93032e-05
0.000139111
0.000126655
0.000441872
0.000445075
0.000455161
0.000442412
0.000344819
0.000151793
4.24676e-05
0.000153827
0.00016249
9.44501e-05
2.15922e-06
8.83213e-05
0.000143959
0.000158717
0.000441872
0.000445781
0.000459615
0.00045415
0.000366236
0.000182798
4.68833e-06
0.000113826
0.000125802
6.6414e-05
1.83626e-05
9.41696e-05
0.000147711
0.000175121
0.000441872
0.000446135
0.000461849
0.000460028
0.000376943
0.000198264
1.41111e-05
9.39514e-05
0.000107559
5.23902e-05
2.66384e-05
9.74134e-05
0.000149909
0.000183423
0.000441872
0.000446313
0.000462967
0.000462969
0.000382296
0.000205987
2.34889e-05
8.40446e-05
9.84629e-05
4.53773e-05
3.08185e-05
9.91135e-05
0.000151088
0.000187599
0.000441872
0.000446402
0.000463527
0.00046444
0.000384972
0.000209847
2.81723e-05
7.90988e-05
9.39209e-05
4.18706e-05
3.2919e-05
9.99828e-05
0.000151697
0.000189694
0.000441872
0.000446446
0.000463806
0.000465176
0.00038631
0.000211776
3.05127e-05
7.66277e-05
9.16515e-05
4.01172e-05
3.39718e-05
0.000100422
0.000152006
0.000190743
0.000441872
0.000446468
0.000463946
0.000465544
0.000386979
0.000212741
3.16825e-05
7.53927e-05
9.05171e-05
3.92405e-05
3.44988e-05
0.000100643
0.000152162
0.000191268
0.000441872
0.000446479
0.000464016
0.000465728
0.000387313
0.000213223
3.22674e-05
7.47753e-05
8.99501e-05
3.88022e-05
3.47625e-05
0.000100754
0.00015224
0.000191531
0.000441872
0.000446485
0.000464051
0.00046582
0.000387481
0.000213464
3.25598e-05
7.44666e-05
8.96665e-05
3.8583e-05
3.48944e-05
0.000100809
0.000152279
0.000191662
0.000441872
0.000446488
0.000464069
0.000465866
0.000387564
0.000213584
3.2706e-05
7.43123e-05
8.95248e-05
3.84734e-05
3.49603e-05
0.000100837
0.000152299
0.000191728
0.000441872
0.000446489
0.000464078
0.000465889
0.000387606
0.000213645
3.2779e-05
7.42351e-05
8.94539e-05
3.84186e-05
3.49933e-05
0.000100851
0.000152309
0.000191761
0.000441872
0.00044649
0.000464082
0.0004659
0.000387627
0.000213675
3.28156e-05
7.41966e-05
8.94185e-05
3.83912e-05
3.50098e-05
0.000100858
0.000152314
0.000191777
0.000441872
0.00044649
0.000464084
0.000465906
0.000387637
0.00021369
3.28339e-05
7.41773e-05
8.94008e-05
3.83775e-05
3.5018e-05
0.000100861
0.000152316
0.000191785
0.000441872
0.00044649
0.000464085
0.000465909
0.000387643
0.000213697
3.2843e-05
7.41676e-05
8.93919e-05
3.83707e-05
3.50221e-05
0.000100863
0.000152317
0.000191789
0.000441872
0.00044649
0.000464086
0.00046591
0.000387645
0.000213701
3.28476e-05
7.41628e-05
8.93875e-05
3.83672e-05
3.50242e-05
0.000100864
0.000152318
0.000191791
0.000441872
0.00044649
0.000464086
0.000465911
0.000387647
0.000213703
3.28499e-05
7.41604e-05
8.93853e-05
3.83655e-05
3.50252e-05
0.000100864
0.000152318
0.000191792
0.000441872
0.00044649
0.000464086
0.000465912
0.000387647
0.000213704
3.2851e-05
7.41592e-05
8.93841e-05
3.83647e-05
3.50258e-05
0.000100865
0.000152319
0.000191793
0.000441872
0.00044649
0.000464086
0.000465912
0.000387648
0.000213704
3.28516e-05
7.41586e-05
8.93836e-05
3.83642e-05
3.5026e-05
0.000100865
0.000152319
0.000191793
0.000441872
0.00044649
0.000464086
0.000465912
0.000387648
0.000213705
3.28519e-05
7.41583e-05
8.93833e-05
3.8364e-05
3.50261e-05
0.000100865
0.000152319
0.000191793
0.000441872
0.00044649
0.000464086
0.000465912
0.000387648
0.000213705
3.2852e-05
7.41581e-05
8.93832e-05
3.83639e-05
3.50262e-05
0.000100865
0.000152319
0.000191793
0.000441872
0.00044649
0.000464086
0.000465912
0.000387648
0.000213705
3.28521e-05
7.41581e-05
8.93831e-05
3.83639e-05
3.50262e-05
0.000100865
0.000152319
0.000191793
0.000441872
0.00044649
0.000464086
0.000465912
0.000387648
0.000213705
3.28521e-05
7.4158e-05
8.93831e-05
3.83638e-05
3.50262e-05
0.000100865
0.000152319
0.000191793
0.000441872
0.00044649
0.000464086
0.000465912
0.000387648
0.000213705
3.28521e-05
7.4158e-05
8.93831e-05
3.83638e-05
3.50263e-05
0.000100865
0.000152319
0.000191793
0.000441872
0.00044649
0.000464086
0.000465912
0.000387648
0.000213705
3.28521e-05
7.4158e-05
8.93831e-05
3.83638e-05
3.50263e-05
0.000100865
0.000152319
0.000191793
0.000441872
0.00044649
0.000464086
0.000465912
0.000387648
0.000213705
3.28521e-05
7.4158e-05
8.9383e-05
3.83638e-05
3.50263e-05
0.000100865
0.000152319
0.000191793
0.000441872
0.00044649
0.000464086
0.000465912
0.000387648
0.000213705
3.28521e-05
7.4158e-05
8.9383e-05
3.83638e-05
3.50263e-05
0.000100865
0.000152319
0.000191793
0.000441872
0.00044649
0.000464086
0.000465912
0.000387648
0.000213705
3.28521e-05
7.4158e-05
8.9383e-05
3.83638e-05
3.50263e-05
0.000100865
0.000152319
0.000191793
0.000441872
0.00044649
0.000464086
0.000465912
0.000387648
0.000213705
3.28521e-05
7.4158e-05
8.9383e-05
3.83638e-05
3.50263e-05
0.000100865
0.000152319
0.000191793
0.000441872
0.00044649
0.000464086
0.000465912
0.000387648
0.000213705
3.28521e-05
7.4158e-05
8.9383e-05
3.83638e-05
3.50263e-05
0.000100865
0.000152319
0.000191793
0.000441872
0.00044649
0.000464086
0.000465912
0.000387648
0.000213705
3.28521e-05
7.4158e-05
8.9383e-05
3.83638e-05
3.50263e-05
0.000100865
0.000152319
0.000191793
0.000441872
0.00044649
0.000464086
0.000465912
0.000387648
0.000213705
3.28521e-05
7.4158e-05
8.9383e-05
3.83638e-05
3.50263e-05
0.000100865
0.000152319
0.000191793
0.000441872
0.00044649
0.000464086
0.000465912
0.000387648
0.000213705
3.28521e-05
7.4158e-05
8.9383e-05
3.83638e-05
3.50263e-05
0.000100865
0.000152319
0.000191793
0.000441872
0.00044649
0.000464086
0.000465912
0.000387648
0.000213705
3.28521e-05
7.4158e-05
8.9383e-05
3.83638e-05
3.50263e-05
0.000100865
0.000152319
0.000191793
0.000441872
0.00044649
0.000464086
0.000465912
0.000387648
0.000213705
3.28521e-05
7.4158e-05
8.9383e-05
3.83638e-05
3.50263e-05
0.000100865
0.000152319
0.000191793
0.000441872
0.00044649
0.000464086
0.000465912
0.000387648
0.000213705
3.28521e-05
7.4158e-05
8.9383e-05
3.83638e-05
3.50263e-05
0.000100865
0.000152319
0.000191793
0.000441872
0.00044649
0.000464086
0.000465912
0.000387648
0.000213705
3.28521e-05
7.4158e-05
8.9383e-05
3.83638e-05
3.50263e-05
0.000100865
0.000152319
0.000191793
0.000441872
0.00044649
0.000464086
0.000465912
0.000387648
0.000213705
3.28521e-05
7.4158e-05
8.9383e-05
3.83638e-05
3.50263e-05
0.000100865
0.000152319
0.000191793
0.000441872
0.00044649
0.000464086
0.000465912
0.000387648
0.000213705
3.28521e-05
7.4158e-05
8.9383e-05
3.83638e-05
3.50263e-05
0.000100865
0.000152319
0.000191793
0.000441872
0.00044649
0.000464086
0.000465912
0.000387648
0.000213705
3.28521e-05
7.4158e-05
8.9383e-05
3.83638e-05
3.50263e-05
0.000100865
0.000152319
0.000191793
0.000441872
0.00044649
0.000464086
0.000465912
0.000387648
0.000213705
3.28521e-05
7.4158e-05
8.9383e-05
3.83638e-05
3.50263e-05
0.000100865
0.000152319
0.000191793
0.000441872
0.00044649
0.000464086
0.000465912
0.000387648
0.000213705
3.28521e-05
7.4158e-05
8.9383e-05
3.83638e-05
3.50263e-05
0.000100865
0.000152319
0.000191793
0.000441872
0.00044649
0.000464086
0.000465912
0.000387648
0.000213705
3.28521e-05
7.4158e-05
8.9383e-05
3.83638e-05
3.50263e-05
0.000100865
0.000152319
0.000191793
0.000441872
0.00044649
0.000464086
0.000465912
0.000387648
0.000213705
3.28521e-05
7.4158e-05
8.9383e-05
3.83638e-05
3.50263e-05
0.000100865
0.000152319
0.000191793
0.000441872
0.00044649
0.000464086
0.000465912
0.000387648
0.000213705
3.28521e-05
7.4158e-05
8.9383e-05
3.83638e-05
3.50263e-05
0.000100865
0.000152319
0.000191793
0.000441872
0.00044649
0.000464086
0.000465912
0.000387648
0.000213705
3.28521e-05
7.4158e-05
8.9383e-05
3.83638e-05
3.50263e-05
0.000100865
0.000152319
0.000191793
0.000441872
0.00044649
0.000464086
0.000465912
0.000387648
0.000213705
3.28521e-05
7.4158e-05
8.9383e-05
3.83638e-05
3.50263e-05
0.000100865
0.000152319
0.000191793
0.000441872
0.00044649
0.000464086
0.000465912
0.000387648
0.000213705
3.28521e-05
7.4158e-05
8.9383e-05
3.83638e-05
3.50263e-05
0.000100865
0.000152319
0.000191793
0.000441872
0.00044649
0.000464086
0.000465912
0.000387648
0.000213705
3.28521e-05
7.4158e-05
8.9383e-05
3.83638e-05
3.50263e-05
0.000100865
0.000152319
0.000191793
0.000441872
0.00044649
0.000464086
0.000465912
0.000387648
0.000213705
3.28521e-05
7.4158e-05
8.9383e-05
3.83638e-05
3.50263e-05
0.000100865
0.000152319
0.000191793
0.000441872
0.00044649
0.000464086
0.000465912
0.000387648
0.000213705
3.28521e-05
7.4158e-05
8.9383e-05
3.83638e-05
3.50263e-05
0.000100865
0.000152319
0.000191793
0.000441872
0.00044649
0.000464086
0.000465912
0.000387648
0.000213705
3.28521e-05
7.4158e-05
8.9383e-05
3.83638e-05
3.50263e-05
0.000100865
0.000152319
0.000191793
0.000441872
0.00044649
0.000464086
0.000465912
0.000387648
0.000213705
3.28521e-05
7.4158e-05
8.9383e-05
3.83638e-05
3.50263e-05
0.000100865
0.000152319
0.000191793
0.000441872
0.00044649
0.000464086
0.000465912
0.000387648
0.000213705
3.28521e-05
7.4158e-05
8.9383e-05
3.83638e-05
3.50263e-05
0.000100865
0.000152319
0.000191793
0.000441872
0.00044649
0.000464086
0.000465912
0.000387648
0.000213705
3.28521e-05
7.4158e-05
8.9383e-05
3.83638e-05
3.50263e-05
0.000100865
0.000152319
0.000191793
0.000441872
0.00044649
0.000464086
0.000465912
0.000387648
0.000213705
3.28521e-05
7.4158e-05
8.9383e-05
3.83638e-05
3.50263e-05
0.000100865
0.000152319
0.000191793
0.000441872
0.00044649
0.000464086
0.000465912
0.000387648
0.000213705
3.28521e-05
7.4158e-05
8.9383e-05
3.83638e-05
3.50263e-05
0.000100865
0.000152319
0.000191793
0.000441872
0.00044649
0.000464086
0.000465912
0.000387648
0.000213705
3.28521e-05
7.4158e-05
8.9383e-05
3.83638e-05
3.50263e-05
0.000100865
0.000152319
0.000191793
0.000441872
0.00044649
0.000464086
0.000465912
0.000387648
0.000213705
3.28521e-05
7.4158e-05
8.9383e-05
3.83638e-05
3.50263e-05
0.000100865
0.000152319
0.000191793
0.000441872
0.00044649
0.000464086
0.000465912
0.000387648
0.000213705
3.28521e-05
7.4158e-05
8.9383e-05
3.83638e-05
3.50263e-05
0.000100865
0.000152319
0.000191793
0.000441872
0.00044649
0.000464086
0.000465912
0.000387648
0.000213705
3.28521e-05
7.4158e-05
8.9383e-05
3.83638e-05
3.50263e-05
0.000100865
0.000152319
0.000191793
0.000441872
0.00044649
0.000464086
0.000465912
0.000387648
0.000213705
3.28521e-05
7.4158e-05
8.9383e-05
3.83638e-05
3.50263e-05
0.000100865
0.000152319
0.000191793
0.000441872
0.00044649
0.000464086
0.000465912
0.000387648
0.000213705
3.28521e-05
7.4158e-05
8.9383e-05
3.83638e-05
3.50263e-05
0.000100865
0.000152319
0.000191793
0.000441872
0.00044649
0.000464086
0.000465912
0.000387648
0.000213705
3.28521e-05
7.4158e-05
8.9383e-05
3.83638e-05
3.50263e-05
0.000100865
0.000152319
0.000191793
0.000441872
0.00044649
0.000464086
0.000465912
0.000387648
0.000213705
3.28521e-05
7.4158e-05
8.9383e-05
3.83638e-05
3.50263e-05
0.000100865
0.000152319
0.000191793
0.000441872
0.00044649
0.000464086
0.000465912
0.000387648
0.000213705
3.28521e-05
7.4158e-05
8.9383e-05
3.83638e-05
3.50263e-05
0.000100865
0.000152319
0.000191793
0.000441872
0.00044649
0.000464086
0.000465912
0.000387648
0.000213705
3.28521e-05
7.4158e-05
8.9383e-05
3.83638e-05
3.50263e-05
0.000100865
0.000152319
0.000191793
0.000441872
0.00044649
0.000464086
0.000465912
0.000387648
0.000213705
3.28521e-05
7.4158e-05
8.9383e-05
3.83638e-05
3.50263e-05
0.000100865
0.000152319
0.000191793
0.000441872
0.00044649
0.000464086
0.000465912
0.000387648
0.000213705
3.28521e-05
7.4158e-05
8.9383e-05
3.83638e-05
3.50263e-05
0.000100865
0.000152319
0.000191793
0.000441872
0.00044649
0.000464086
0.000465912
0.000387648
0.000213705
3.28521e-05
7.4158e-05
8.9383e-05
3.83638e-05
3.50263e-05
0.000100865
0.000152319
0.000191793
0.000441872
0.00044649
0.000464086
0.000465912
0.000387648
0.000213705
3.28521e-05
7.4158e-05
8.9383e-05
3.83638e-05
3.50263e-05
0.000100865
0.000152319
0.000191793
0.000441872
0.00044649
0.000464086
0.000465912
0.000387648
0.000213705
3.28521e-05
7.4158e-05
8.9383e-05
3.83638e-05
3.50263e-05
0.000100865
0.000152319
0.000191793
0.000441872
0.00044649
0.000464086
0.000465912
0.000387648
0.000213705
3.28521e-05
7.4158e-05
8.9383e-05
3.83638e-05
3.50263e-05
0.000100865
0.000152319
0.000191793
0.000441872
0.00044649
0.000464086
0.000465912
0.000387648
0.000213705
3.28521e-05
7.4158e-05
8.9383e-05
3.83638e-05
3.50263e-05
0.000100865
0.000152319
0.000191793
0.000441872
0.00044649
0.000464086
0.000465912
0.000387648
0.000213705
3.28521e-05
7.4158e-05
8.9383e-05
3.83638e-05
3.50263e-05
0.000100865
0.000152319
0.000191793
0.000441872
0.00044649
0.000464086
0.000465912
0.000387648
0.000213705
3.28521e-05
7.4158e-05
8.9383e-05
3.83638e-05
3.50263e-05
0.000100865
0.000152319
0.000191793
0.000441872
0.00044649
0.000464086
0.000465912
0.000387648
0.000213705
3.28521e-05
7.4158e-05
8.9383e-05
3.83638e-05
3.50263e-05
0.000100865
0.000152319
0.000191793
0.000441872
0.00044649
0.000464086
0.000465912
0.000387648
0.000213705
3.28521e-05
7.4158e-05
8.9383e-05
3.83638e-05
3.50263e-05
0.000100865
0.000152319
0.000191793
0.000441872
0.00044649
0.000464086
0.000465912
0.000387648
0.000213705
3.28521e-05
7.4158e-05
8.9383e-05
3.83638e-05
3.50263e-05
0.000100865
0.000152319
0.000191793
0.000441872
0.00044649
0.000464086
0.000465912
0.000387648
0.000213705
3.28521e-05
7.4158e-05
8.9383e-05
3.83638e-05
3.50263e-05
0.000100865
0.000152319
0.000191793
0.000441872
0.00044649
0.000464086
0.000465912
0.000387648
0.000213705
3.28521e-05
7.4158e-05
8.9383e-05
3.83638e-05
3.50263e-05
0.000100865
0.000152319
0.000191793
0.000441872
0.00044649
0.000464086
0.000465912
0.000387648
0.000213705
3.28521e-05
7.4158e-05
8.9383e-05
3.83638e-05
3.50263e-05
0.000100865
0.000152319
0.000191793
0.000441872
0.00044649
0.000464086
0.000465912
0.000387648
0.000213705
3.28521e-05
7.4158e-05
8.9383e-05
3.83638e-05
3.50263e-05
0.000100865
0.000152319
0.000191793
0.000441872
0.00044649
0.000464086
0.000465912
0.000387648
0.000213705
3.28521e-05
7.4158e-05
8.9383e-05
3.83638e-05
3.50263e-05
0.000100865
0.000152319
0.000191793
0.000441872
0.00044649
0.000464086
0.000465912
0.000387648
0.000213705
3.28521e-05
7.4158e-05
8.9383e-05
3.83638e-05
3.50263e-05
0.000100865
0.000152319
0.000191793
0.000441872
0.00044649
0.000464086
0.000465912
0.000387648
0.000213705
3.28521e-05
7.4158e-05
8.9383e-05
3.83638e-05
3.50263e-05
0.000100865
0.000152319
0.000191793
0.000441872
0.00044649
0.000464086
0.000465912
0.000387648
0.000213705
3.28521e-05
7.4158e-05
8.9383e-05
3.83638e-05
3.50263e-05
0.000100865
0.000152319
0.000191793
0.000441872
0.00044649
0.000464086
0.000465912
0.000387648
0.000213705
3.28521e-05
7.4158e-05
8.9383e-05
3.83638e-05
3.50263e-05
0.000100865
0.000152319
0.000191793
0.000441872
0.00044649
0.000464086
0.000465912
0.000387648
0.000213705
3.28521e-05
7.4158e-05
8.9383e-05
3.83638e-05
3.50263e-05
0.000100865
0.000152319
0.000191793
0.000441872
0.00044649
0.000464086
0.000465912
0.000387648
0.000213705
3.28521e-05
7.4158e-05
8.9383e-05
3.83638e-05
3.50263e-05
0.000100865
0.000152319
0.000191793
0.000441872
0.00044649
0.000464086
0.000465912
0.000387648
0.000213705
3.28521e-05
7.4158e-05
8.9383e-05
3.83638e-05
3.50263e-05
0.000100865
0.000152319
0.000191793
0.000441872
0.00044649
0.000464086
0.000465912
0.000387648
0.000213705
3.28521e-05
7.4158e-05
8.9383e-05
3.83638e-05
3.50263e-05
0.000100865
0.000152319
0.000191793
0.000441872
0.00044649
0.000464086
0.000465912
0.000387648
0.000213705
3.28521e-05
7.4158e-05
8.9383e-05
3.83638e-05
3.50263e-05
0.000100865
0.000152319
0.000191793
0.000441872
0.00044649
0.000464086
0.000465912
0.000387648
0.000213705
3.28521e-05
7.4158e-05
8.9383e-05
3.83638e-05
3.50263e-05
0.000100865
0.000152319
0.000191793
0.000441872
0.00044649
0.000464086
0.000465912
0.000387648
0.000213705
3.28521e-05
7.4158e-05
8.9383e-05
3.83638e-05
3.50263e-05
0.000100865
0.000152319
0.000191793
0.000441872
0.00044649
0.000464086
0.000465912
0.000387648
0.000213705
3.28521e-05
7.4158e-05
8.9383e-05
3.83638e-05
3.50263e-05
0.000100865
0.000152319
0.000191793
0.000441872
0.00044649
0.000464086
0.000465912
0.000387648
0.000213705
3.28521e-05
7.4158e-05
8.9383e-05
3.83638e-05
3.50263e-05
0.000100865
0.000152319
0.000191793
0.000441872
0.00044649
0.000464086
0.000465912
0.000387648
0.000213705
3.28521e-05
7.4158e-05
8.9383e-05
3.83638e-05
3.50263e-05
0.000100865
0.000152319
0.000191793
0.000441872
0.00044649
0.000464086
0.000465912
0.000387648
0.000213705
3.28521e-05
7.4158e-05
8.9383e-05
3.83638e-05
3.50263e-05
0.000100865
0.000152319
0.000191793
0.000441872
0.00044649
0.000464086
0.000465912
0.000387648
0.000213705
3.28521e-05
7.4158e-05
8.9383e-05
3.83638e-05
3.50263e-05
0.000100865
0.000152319
0.000191793
0.000441872
0.00044649
0.000464086
0.000465912
0.000387648
0.000213705
3.28521e-05
7.4158e-05
8.9383e-05
3.83638e-05
3.50263e-05
0.000100865
0.000152319
0.000191793
0.000441872
0.00044649
0.000464086
0.000465912
0.000387648
0.000213705
3.28521e-05
7.4158e-05
8.9383e-05
3.83638e-05
3.50263e-05
0.000100865
0.000152319
0.000191793
0.000441872
0.00044649
0.000464086
0.000465912
0.000387648
0.000213705
3.28521e-05
7.4158e-05
8.9383e-05
3.83638e-05
3.50263e-05
0.000100865
0.000152319
0.000191793
0.000441872
0.00044649
0.000464086
0.000465912
0.000387648
0.000213705
3.28521e-05
7.4158e-05
8.9383e-05
3.83638e-05
3.50263e-05
0.000100865
0.000152319
0.000191793
0.000441872
0.00044649
0.000464086
0.000465912
0.000387648
0.000213705
3.28521e-05
7.4158e-05
8.9383e-05
3.83638e-05
3.50263e-05
0.000100865
0.000152319
0.000191793
0.000441872
0.00044649
0.000464086
0.000465912
0.000387648
0.000213705
3.28521e-05
7.4158e-05
8.9383e-05
3.83638e-05
3.50263e-05
0.000100865
0.000152319
0.000191793
0.000441872
0.00044649
0.000464086
0.000465912
0.000387648
0.000213705
3.28521e-05
7.4158e-05
8.9383e-05
3.83638e-05
3.50263e-05
0.000100865
0.000152319
0.000191793
0.000441872
0.00044649
0.000464086
0.000465912
0.000387648
0.000213705
3.28521e-05
7.4158e-05
8.9383e-05
3.83638e-05
3.50263e-05
0.000100865
0.000152319
0.000191793
0.000441872
0.00044649
0.000464086
0.000465912
0.000387648
0.000213705
3.28521e-05
7.4158e-05
8.9383e-05
3.83638e-05
3.50263e-05
0.000100865
0.000152319
0.000191793
0.000441872
0.00044649
0.000464086
0.000465912
0.000387648
0.000213705
3.28521e-05
7.4158e-05
8.9383e-05
3.83638e-05
3.50263e-05
0.000100865
0.000152319
0.000191793
0.000441872
0.00044649
0.000464086
0.000465912
0.000387648
0.000213705
3.28521e-05
7.4158e-05
8.9383e-05
3.83638e-05
3.50263e-05
0.000100865
0.000152319
0.000191793
0.000441872
0.00044649
0.000464086
0.000465912
0.000387648
0.000213705
3.28521e-05
7.4158e-05
8.9383e-05
3.83638e-05
3.50263e-05
0.000100865
0.000152319
0.000191793
0.000441872
0.00044649
0.000464086
0.000465912
0.000387648
0.000213705
3.28521e-05
7.4158e-05
8.9383e-05
3.83638e-05
3.50263e-05
0.000100865
0.000152319
0.000191793
0.000441872
0.00044649
0.000464086
0.000465912
0.000387648
0.000213705
3.28521e-05
7.4158e-05
8.9383e-05
3.83638e-05
3.50263e-05
0.000100865
0.000152319
0.000191793
0.000441872
0.00044649
0.000464086
0.000465912
0.000387648
0.000213705
3.28521e-05
7.4158e-05
8.9383e-05
3.83638e-05
3.50263e-05
0.000100865
0.000152319
0.000191793
0.000441872
0.00044649
0.000464086
0.000465912
0.000387648
0.000213705
3.28521e-05
7.4158e-05
8.9383e-05
3.83638e-05
3.50263e-05
0.000100865
0.000152319
0.000191793
