7.96926
7.9696
7.97185
7.97752
7.98779
8.0035
8.02519
8.05315
8.08743
8.12795
8.17432
8.22608
8.2826
8.34304
8.40644
8.47164
8.53761
8.60303
8.66645
8.72639
8.78146
8.8301
8.87099
8.90268
8.92391
8.9337
8.93113
8.91564
8.88685
8.84473
8.78966
8.72218
8.64294
8.5529
8.45343
8.34561
8.2308
8.1104
7.98588
7.85866
7.73022
7.60169
7.47435
7.34907
7.22707
7.10919
6.9961
6.88845
6.78695
6.69195
6.60396
6.52324
6.45006
6.38465
6.32712
6.27761
6.2362
6.20295
6.17795
6.1612
6.15274
6.15257
6.16063
6.17689
6.20115
6.23328
6.27304
6.32
6.37367
6.43366
6.49918
6.56941
6.64342
6.72008
6.79833
6.87682
6.95391
7.02818
7.09784
7.16119
7.21626
7.26131
7.29447
7.31395
7.31806
7.30521
7.27404
7.22332
7.1521
7.05954
6.94522
6.80901
6.6508
6.47099
6.27073
6.05094
5.81304
5.55831
5.28889
5.00695
4.7146
4.4144
4.10891
3.80029
3.49236
3.1865
2.88572
2.5925
2.30902
2.03756
1.78012
1.53781
1.31328
1.10659
0.919252
0.751224
0.603304
0.474637
0.365328
0.273923
0.199693
0.140826
0.0956655
0.0623155
0.0387535
0.0229883
0.0131818
0.00782966
