46.3746
46.3681
46.3251
46.2131
46.0054
45.6794
45.2178
44.609
43.8471
42.93
41.8609
40.6494
39.3022
37.8404
36.2789
34.638
32.9411
31.2093
29.467
27.7308
26.0186
24.3529
22.7474
21.2077
19.7488
18.3756
17.091
15.8984
14.7974
13.7859
12.8596
12.017
11.2539
10.5621
9.93941
9.37915
8.87623
8.42605
8.02295
7.66313
7.34274
7.05773
6.80571
6.58325
6.38766
6.21636
6.06723
5.93748
5.82527
5.72884
5.64625
5.57578
5.51607
5.46596
5.42438
5.39068
5.3645
5.34565
5.33415
5.33017
5.33397
5.34586
5.36606
5.39485
5.43217
5.47791
5.53161
5.5928
5.6605
5.73362
5.81052
5.88971
5.96922
6.04704
6.12114
6.18939
6.24975
6.30036
6.3395
6.36593
6.37844
6.3764
6.35939
6.32743
6.28067
6.21977
6.14541
6.05824
5.95941
5.84948
5.72948
5.60006
5.46191
5.31507
5.16076
4.99828
4.82818
4.65029
4.46434
4.27104
4.06951
3.86003
3.64362
3.41975
3.18966
2.95435
2.7151
2.47337
2.23187
1.99189
1.75713
1.52904
1.31097
1.10538
0.91482
0.741463
0.587072
0.452833
0.33928
0.246168
0.17251
0.116568
0.0759993
0.0480828
0.0302435
0.0204857
0.0184678
0.0265445
