46.3746
46.369
46.3316
46.2343
46.0538
45.7708
45.3708
44.8438
44.1835
43.3875
42.4595
41.4024
40.2287
38.9455
37.5696
36.1136
34.5938
33.0279
31.4308
29.8222
28.215
26.6249
25.064
23.5476
22.0834
20.6783
19.34
18.0736
16.8821
15.7658
14.7261
13.7618
12.8704
12.0522
11.3017
10.6169
9.99451
9.43131
8.92362
8.47028
8.06678
7.71117
7.40096
7.13378
6.9071
6.71933
6.56757
6.44986
6.36403
6.308
6.27972
6.27721
6.29872
6.34244
6.40703
6.49081
6.59279
6.71187
6.84711
6.99773
7.16291
7.34207
7.5345
7.7398
7.95732
8.18658
8.42688
8.67789
8.93878
9.2089
9.48717
9.7726
10.0641
10.3601
10.659
10.9591
11.2576
11.5531
11.8412
12.1198
12.3851
12.6331
12.8601
13.0612
13.2324
13.3688
13.4661
13.5198
13.526
13.4811
13.3819
13.226
13.0118
12.7385
12.4059
12.0166
11.5716
11.0749
10.5311
9.94577
9.3257
8.67746
8.00877
7.3305
6.64864
5.9719
5.3093
4.66865
4.05619
3.4795
2.94393
2.45414
2.01198
1.61968
1.27895
0.987588
0.74467
0.547013
0.390051
0.269702
0.180625
0.118038
0.0778444
0.0574291
0.0566776
0.0792252
0.134102
0.237531
