7.24188
7.24074
7.23318
7.21398
7.17969
7.1292
7.06422
6.98954
6.91307
6.8456
6.80024
6.79172
6.83546
6.94648
7.13841
7.42237
7.80592
8.29329
8.88279
9.56854
10.3411
11.1851
12.0802
13.0074
13.9428
14.8635
15.7467
16.5723
17.3215
17.9801
18.5363
18.9831
19.3149
19.5311
19.6337
19.6268
19.5175
19.3143
19.0277
18.6686
18.2473
17.7821
17.2794
16.7525
16.2134
15.6724
15.1391
14.6219
14.128
13.6635
13.2335
12.8419
12.4916
12.1848
11.9229
11.7069
11.5373
11.4142
11.3373
11.306
11.3198
11.3773
11.4773
11.6181
11.7977
12.0138
12.2638
12.5449
12.8537
13.1868
13.541
13.9117
14.2957
14.6879
15.0846
15.4806
15.8714
16.2524
16.6173
16.9605
17.278
17.5626
17.8093
18.0119
18.1645
18.2622
18.2997
18.2727
18.1774
18.0106
17.7703
17.4564
17.0682
16.6072
16.0764
15.4791
14.8218
14.1093
13.3472
12.5476
11.7141
10.8604
9.99215
9.11906
8.25304
7.40226
6.57348
5.77869
5.02238
4.31137
3.6539
3.05118
2.50892
2.0273
1.60721
1.24778
0.946676
0.700087
0.503681
0.351775
0.238457
0.157653
0.103659
0.0725366
0.0620196
0.0736446
0.113979
0.19632
