7.24188
7.24075
7.23316
7.21398
7.17964
7.1292
7.06422
6.98954
6.91298
6.8456
6.80023
6.79174
6.83554
6.9465
7.13841
7.42273
7.80697
8.29324
8.88395
9.56975
10.3424
11.1843
12.0804
13.0087
13.9443
14.8638
15.747
16.5723
17.3214
17.9797
18.5364
18.983
19.3153
19.5314
19.6337
19.6269
19.5175
19.3143
19.0276
18.6684
18.2493
17.7821
17.2785
16.7525
16.2134
15.6724
15.1391
14.6218
14.1278
13.6634
13.2333
12.8417
12.491
12.1846
11.9228
11.7069
11.537
11.4142
11.3372
11.306
11.3198
11.3773
11.4773
11.6181
11.7977
12.0138
12.2643
12.5448
12.8537
13.1869
13.5408
13.9119
14.2957
14.688
15.0846
15.4806
15.8713
16.2519
16.6166
16.9605
17.2777
17.5627
17.8092
18.0117
18.1645
18.2622
18.2997
18.2727
18.1773
18.0106
17.7707
17.4564
17.0684
16.6075
16.0765
15.4797
14.8219
14.1091
13.3487
12.5481
11.7159
10.8607
9.99263
9.12021
8.25442
7.40282
6.57459
5.77885
5.02275
4.31256
3.65415
3.05201
2.50914
2.02733
1.60725
1.24775
0.946545
0.700036
0.503708
0.351765
0.238455
0.157618
0.103731
0.0725351
0.0620195
0.0736508
0.113928
0.196337
