7.24188
7.24071
7.23287
7.21293
7.17706
7.12365
7.05358
6.97061
6.88106
6.79402
6.72053
6.67301
6.66446
6.70759
6.81387
6.99263
7.25039
7.59017
8.01115
8.50867
9.07417
9.69559
10.3579
11.0442
11.736
12.4151
13.0639
13.6664
14.2089
14.6801
15.072
15.379
15.5979
15.7286
15.7732
15.7359
15.6226
15.441
15.1991
14.9065
14.5726
14.2073
13.8201
13.42
13.0156
12.6144
12.223
11.8471
11.4913
11.1596
10.8541
10.5774
10.3307
10.1146
9.92991
9.77644
9.65454
9.564
9.50492
9.4769
9.47975
9.51306
9.57632
9.66885
9.78974
9.9379
10.112
10.3105
10.5317
10.7736
11.034
11.3108
11.6014
11.9033
12.2135
12.5292
12.8472
13.164
13.4758
13.7789
14.0688
14.341
14.5908
14.8132
15.0032
15.1556
15.2654
15.3279
15.3387
15.2936
15.1895
15.0238
14.7947
14.5017
14.145
13.7262
13.248
12.7138
12.1285
11.498
10.8271
10.1253
9.39805
8.65575
7.90501
7.15505
6.41442
5.69133
4.99396
4.32887
3.7036
3.12315
2.59258
2.11509
1.69272
1.32637
1.01535
0.757351
0.549054
0.386259
0.263304
0.174431
0.113829
0.0765448
0.0590903
0.0610588
0.0864704
0.145807
