7.24188
7.24091
7.23443
7.21792
7.18838
7.14453
7.08774
7.02133
6.95156
6.88675
6.83712
6.81412
6.8297
6.89552
7.02191
7.21746
7.48813
7.83657
8.26156
8.75927
9.32087
9.93704
10.5906
11.2683
11.9521
12.6251
13.2703
13.8725
14.4184
14.8961
15.2977
15.6163
15.8484
15.993
16.0511
16.0261
15.9232
15.7493
15.5124
15.2216
14.8868
14.518
14.1253
13.7188
13.3074
12.9001
12.5047
12.1281
11.7758
11.4528
11.1628
10.9083
10.6911
10.5123
10.3721
10.2705
10.2067
10.1799
10.1888
10.232
10.3082
10.4155
10.5521
10.7163
10.9062
11.1199
11.3551
11.61
11.8824
12.1694
12.4687
12.7785
13.0956
13.4173
13.7405
14.0621
14.3786
14.6856
14.9797
15.2566
15.5115
15.74
15.937
16.0979
16.2179
16.2922
16.3168
16.2879
16.202
16.0563
15.849
15.5788
15.2454
14.8493
14.3924
13.8772
13.3076
12.6883
12.0248
11.3235
10.5918
9.83666
9.06729
8.29131
7.51852
6.7562
6.01299
5.29701
4.61505
3.97341
3.37734
2.83083
2.33689
1.8972
1.51217
1.18104
0.901677
0.67088
0.485376
0.340212
0.230541
0.151791
0.100362
0.0737053
0.0720824
0.0992229
0.16424
0.283369
