7.24188
7.24088
7.2342
7.21729
7.18741
7.1441
7.08979
7.03037
6.97494
6.93542
6.92666
6.9649
7.06724
7.25034
7.52951
7.91617
8.41984
9.0436
9.78567
10.6397
11.5914
12.6253
13.7184
14.8462
15.9783
17.0888
18.1494
19.1356
20.022
20.7931
21.4341
21.9341
22.2884
22.497
22.5629
22.493
22.2981
21.9905
21.5854
21.0985
20.5472
19.9485
19.3193
18.6749
18.0324
17.4025
16.7982
16.2289
15.7031
15.2264
14.8034
14.4368
14.1278
13.8767
13.6825
13.5438
13.4583
13.4236
13.437
13.4955
13.5958
13.7351
13.9099
14.117
14.353
14.6142
14.8971
15.1982
15.5132
15.838
16.1686
16.5004
16.8292
17.1499
17.4582
17.749
18.0175
18.2591
18.469
18.6427
18.7759
18.8646
18.9049
18.8937
18.8283
18.7063
18.5261
18.2867
17.9877
17.6292
17.2129
16.7399
16.2129
15.6346
15.0096
14.3415
13.6362
12.8989
12.1355
11.3518
10.5568
9.75459
8.95286
8.15841
7.37793
6.61772
5.88409
5.18259
4.51836
3.89583
3.3188
2.79014
2.31212
1.88542
1.51059
1.18656
0.912442
0.684545
0.500009
0.354554
0.243402
0.161395
0.103298
0.0640433
0.039277
0.0258895
0.0227759
0.0317803
