0.229404
0.203169
0.209092
0.22076
0.195351
0.175846
0.207074
0.209179
0.201044
0.209081
0.194029
0.184758
0.192239
0.189632
0.187932
0.18388
0.236248
0.200299
0.181067
0.179808
0.187297
0.182597
0.181296
0.181408
0.184138
0.175017
0.179991
0.180092
0.179613
0.179488
0.173401
0.179951
0.184848
0.198755
0.194855
0.182396
0.185942
0.190436
0.184125
0.183867
0.181349
0.186465
0.181876
0.183316
0.18325
0.175589
0.182633
0.18233
0.190627
0.187888
0.188028
0.197325
0.18875
0.188133
0.188132
0.180969
0.185821
0.18114
0.181091
0.181056
0.17371
0.181156
0.179389
0.187137
0.179981
0.175288
0.180982
0.182517
0.182501
0.182987
0.173474
0.177588
0.177165
0.176668
0.177591
0.172655
0.17642
0.204309
0.194338
0.178355
