0.183747
0.193743
0.199838
0.195906
0.174193
0.194946
0.194224
0.1931
0.184556
0.196484
0.191817
0.192645
0.173408
0.193218
0.192675
0.192287
0.172954
0.192552
0.20793
0.186893
0.169018
0.187713
0.195019
0.188038
0.190445
0.192826
0.192759
0.192547
0.169155
0.187624
0.187254
0.187347
0.173325
0.18525
0.184398
0.184507
0.174633
0.189123
0.187859
0.191874
0.201189
0.210608
0.2145
0.187298
0.200583
0.229421
0.210432
0.198394
0.177204
0.203977
0.201798
0.200354
0.179274
0.202904
0.195439
0.195487
0.174317
0.194447
0.194844
0.196653
0.206158
0.195075
0.193817
0.193816
